20 80
75 47 60 67 76 21 51 13 31 38 3 5 64 10 6 34 50 28 42 20 33 73 61 0 55 77 32 40 19 8 78 56 7 17 9 39 23 29 27 63 53 71 54 1 15 74 25 16 59 70 30 26 66 22 49 2 24 65 46 36 12 48 14 62 41 4 79 37 45 18 11 58 52 44 72 68 43 69 57 35
45 8 18 3 57 34 76 11 38 25 14 52 55 15 74 13 66 77 67 29 47 21 10 51 23 39 30 64 27 73 58 37 41 72 9 40 50 75 65 68 36 42 12 7 2 43 78 17 19 79 35 5 31 32 46 48 70 24 60 63 69 0 61 53 49 59 4 26 56 22 33 44 6 54 28 71 62 20 1 16
7 56 62 2 16 72 51 17 78 58 36 5 20 50 8 68 31 21 74 33 70 6 67 49 19 26 24 44 38 64 55 32 65 10 63 76 11 23 59 61 71 57 73 4 41 1 18 30 66 14 60 35 25 40 42 77 13 27 47 53 37 46 29 45 43 52 54 12 75 79 69 9 22 48 15 39 34 0 28 3
44 54 33 52 29 58 39 32 11 1 38 46 31 22 79 36 4 21 64 16 74 24 56 14 9 3 28 65 0 72 20 13 45 35 66 37 43 34 8 59 12 15 51 62 7 6 27 69 57 49 53 30 18 67 23 71 63 26 50 41 60 17 10 55 40 70 2 78 47 77 25 75 5 19 73 48 68 76 42 61
8 74 18 29 72 22 52 62 0 77 15 54 69 37 9 53 12 61 64 16 13 46 65 38 75 5 2 63 76 39 70 4 21 31 27 67 32 49 30 60 43 34 44 14 19 45 56 55 11 17 66 35 51 26 10 3 78 28 40 50 58 7 24 33 1 41 42 59 6 23 25 20 57 68 48 71 79 47 73 36
15 59 49 42 20 6 52 55 76 67 69 22 27 7 1 46 65 5 4 37 61 34 17 79 24 36 32 53 43 68 63 75 57 56 31 13 18 8 35 23 39 66 38 64 50 10 11 78 48 70 62 41 74 77 2 28 19 3 14 30 0 33 25 40 58 21 60 51 45 73 9 29 54 16 71 47 44 12 26 72
9 6 54 15 40 41 61 63 33 11 38 25 52 10 67 23 28 70 55 22 24 74 79 65 57 0 34 29 58 53 32 14 68 3 13 2 5 45 46 69 16 76 20 39 47 36 19 35 62 42 51 7 59 30 50 64 71 8 18 43 12 21 56 77 17 4 37 44 1 49 72 26 27 75 73 78 66 60 31 48
26 46 50 25 23 49 52 27 41 67 34 6 7 79 3 20 19 35 48 60 40 22 61 57 77 55 4 14 71 11 72 51 54 38 59 73 56 29 68 16 39 8 24 36 53 76 21 30 74 18 70 75 62 0 5 43 33 28 15 10 13 12 64 63 78 65 66 42 58 9 69 31 17 2 37 47 1 45 44 32
51 9 59 72 76 58 1 16 24 67 29 22 74 54 64 43 78 71 39 40 6 56 3 21 34 14 36 41 11 55 7 63 73 13 10 19 5 49 2 18 52 47 28 60 12 30 50 46 0 38 37 42 68 26 75 32 23 77 69 45 70 65 62 8 35 17 57 48 53 44 15 61 33 31 20 4 25 27 79 66
69 11 74 23 60 56 9 72 40 76 55 79 46 39 0 33 13 50 19 48 25 12 7 73 17 62 18 15 77 43 41 21 3 75 29 6 38 44 22 30 34 51 49 59 26 70 67 20 45 27 68 57 63 28 24 54 61 14 37 10 53 78 16 35 71 64 4 52 8 2 31 1 66 47 65 32 5 58 42 36
33 56 11 79 27 36 57 23 64 55 68 2 48 17 24 49 77 44 74 58 8 18 39 14 32 7 71 20 41 63 78 21 46 66 67 13 40 54 61 60 50 37 26 76 69 38 45 25 52 43 9 4 30 16 51 53 59 19 72 12 62 42 5 6 31 29 70 15 65 3 73 28 47 10 22 34 35 1 75 0
78 63 52 9 65 61 31 58 10 40 17 8 12 54 30 16 46 36 79 55 42 1 28 25 14 50 48 73 60 74 7 19 56 57 24 72 70 18 62 15 13 33 37 51 34 38 67 27 23 22 41 3 49 39 0 44 66 47 45 75 5 2 69 32 53 26 21 76 64 29 71 4 11 6 68 35 59 20 77 43
36 9 39 41 12 59 38 73 5 42 27 52 16 32 44 17 0 56 78 14 19 47 71 8 4 75 6 49 40 29 61 57 25 63 2 65 72 55 54 34 18 22 48 21 30 68 37 76 79 46 62 7 33 51 77 24 15 11 50 45 58 43 60 26 23 70 35 3 74 66 53 28 69 67 64 10 13 31 1 20
53 46 40 45 3 61 19 70 79 50 54 58 43 63 14 33 8 41 25 42 21 66 52 51 71 49 72 69 76 30 73 31 13 11 77 74 26 62 9 15 7 18 28 65 59 67 23 39 29 10 64 48 17 34 1 0 2 75 60 44 4 5 24 57 68 32 6 38 22 27 20 78 47 37 16 55 56 12 35 36
60 67 26 5 8 12 77 4 14 50 37 69 23 22 79 58 56 30 74 36 59 43 45 66 18 47 41 31 19 40 73 54 11 7 35 15 63 3 44 9 48 16 24 10 33 64 76 1 32 20 61 2 70 0 38 28 17 39 55 34 71 75 72 49 25 13 53 6 27 21 51 65 68 62 29 52 78 57 42 46
24 3 33 53 16 13 49 70 75 69 12 22 23 52 74 62 71 30 19 17 63 28 15 42 5 66 0 78 29 65 6 9 37 79 61 32 14 55 51 4 8 46 10 76 45 27 73 77 58 43 20 68 57 36 2 39 18 35 54 11 50 38 26 64 72 21 34 40 48 31 59 1 44 67 25 47 56 41 60 7
28 36 41 13 17 22 39 60 45 10 57 38 15 11 71 37 21 51 55 67 32 44 40 9 8 62 75 16 74 68 66 49 65 26 43 1 35 73 76 14 63 48 33 78 42 46 53 0 59 3 61 47 6 79 7 29 18 23 12 58 31 19 54 5 4 77 50 69 52 64 56 34 24 70 2 20 25 72 27 30
15 19 40 38 75 31 28 34 78 4 63 39 5 48 52 36 10 35 27 16 74 33 32 66 72 22 7 24 57 13 76 43 11 53 62 49 1 60 21 73 55 26 18 51 41 42 3 58 59 45 71 70 30 25 9 61 44 79 17 46 37 54 20 29 77 8 47 14 64 50 67 12 0 6 2 56 23 68 65 69
43 38 56 51 9 72 25 6 37 44 23 19 31 74 18 35 2 8 26 45 14 79 66 32 46 29 50 24 34 73 12 63 3 16 0 69 55 70 71 39 27 57 53 61 41 52 13 17 20 54 76 4 33 65 58 5 21 22 48 60 62 11 47 28 59 75 30 78 40 49 64 68 67 36 10 15 1 7 42 77
32 57 46 58 16 65 29 48 5 20 60 51 59 12 62 27 56 77 23 33 54 9 75 34 8 17 55 70 10 45 38 0 19 73 61 53 2 72 4 22 76 44 36 71 24 42 25 69 79 74 14 52 31 28 13 49 1 78 47 11 30 41 43 3 26 39 67 68 35 50 66 21 15 64 63 37 6 40 7 18
98 86 61 1 69 89 84 80 85 38 45 14 71 85 52 11 75 99 86 98 91 88 95 85 7 73 42 52 29 22 60 16 27 57 90 26 84 13 66 63 16 45 19 97 9 89 34 1 5 68 91 96 47 81 100 51 7 57 21 48 36 79 32 69 21 6 21 2 90 16 93 43 18 8 85 19 76 29 74 39
6 26 37 13 100 49 94 22 48 94 28 86 7 61 54 26 24 52 6 7 11 80 35 72 77 49 47 63 96 67 43 99 8 73 91 75 34 6 2 32 72 67 59 1 45 37 64 62 3 12 20 47 95 88 30 85 17 69 20 21 23 78 31 21 97 24 65 32 1 49 87 58 13 57 34 7 31 40 83 1
25 85 24 49 55 3 49 95 83 71 76 73 49 16 7 86 2 88 17 46 56 58 82 72 93 16 49 61 25 36 49 38 93 29 4 41 59 64 80 88 23 33 25 80 25 32 70 16 61 7 75 55 14 31 25 46 42 74 22 85 33 26 88 61 78 38 48 85 47 45 6 60 43 20 41 79 5 39 67 16
71 96 38 33 28 50 81 7 91 45 54 74 46 9 69 52 18 8 77 96 82 7 87 60 49 98 77 9 66 20 24 25 68 75 65 79 16 78 36 43 71 76 9 70 38 96 96 52 52 100 47 34 34 83 66 68 3 67 19 48 89 40 44 45 30 56 97 22 13 3 43 21 23 42 43 30 14 36 95 95
86 28 66 93 3 6 20 74 8 91 36 64 97 95 51 37 87 83 2 70 98 81 89 21 68 17 34 96 83 14 88 23 80 84 86 10 34 9 77 51 2 77 7 68 10 76 13 33 77 61 99 49 40 99 44 58 67 85 86 68 46 38 85 34 81 94 70 35 45 36 16 55 65 54 62 31 53 12 31 63
56 33 82 12 59 60 97 95 76 7 9 64 67 88 98 22 83 98 97 34 41 52 39 1 34 56 35 25 2 15 35 13 1 24 45 8 53 66 99 58 81 54 16 83 48 98 89 6 71 84 17 39 78 32 11 22 64 49 94 81 71 46 59 54 11 20 84 61 83 16 33 48 39 60 77 39 87 34 21 86
6 26 59 41 38 17 89 17 70 86 56 79 11 22 21 45 99 5 98 71 59 56 6 42 92 94 39 54 64 50 77 35 38 70 28 68 42 69 84 17 72 99 33 5 100 88 90 87 72 45 67 66 90 78 93 1 95 63 39 53 8 15 39 86 78 97 83 86 21 5 99 37 26 57 76 77 81 41 78 77
34 1 27 40 7 3 87 41 91 100 24 93 37 67 93 42 18 79 35 89 27 90 56 80 18 41 26 20 68 31 47 77 48 87 73 85 56 91 29 58 88 46 93 86 26 77 28 74 48 96 98 51 61 40 28 41 39 82 64 7 59 87 98 53 99 58 100 12 94 78 36 63 1 3 51 66 67 40 99 89
51 7 72 19 71 42 18 80 65 24 71 40 18 35 70 45 35 27 60 56 37 88 11 31 29 9 36 77 65 19 12 86 100 93 55 6 99 21 74 10 5 37 57 7 98 43 72 16 43 82 89 94 78 84 55 36 7 23 26 55 66 7 27 17 40 32 65 12 64 3 17 98 87 19 19 84 52 87 3 85
62 89 34 23 68 87 35 69 66 96 7 34 57 68 35 15 86 87 91 8 16 4 43 53 57 22 39 45 68 39 41 48 5 89 72 34 40 17 79 4 24 27 100 54 24 86 15 21 19 37 90 60 58 7 48 94 3 64 100 22 2 91 25 58 75 83 73 36 15 46 27 66 39 42 59 39 40 98 12 39
53 6 69 58 41 30 17 27 28 98 63 34 9 96 48 56 18 78 64 45 77 37 84 56 41 27 94 54 2 81 10 83 68 81 56 67 4 11 31 49 22 32 41 27 70 76 54 68 40 9 72 76 76 20 51 5 89 22 25 84 77 5 60 95 29 95 39 88 70 50 27 4 44 8 51 56 49 12 47 94
18 68 18 71 89 81 97 44 75 56 85 49 9 19 74 30 88 81 48 32 47 25 39 47 47 88 39 54 81 54 90 80 80 38 22 37 84 29 11 90 44 22 37 97 67 99 47 25 56 57 10 62 86 28 29 18 19 45 40 53 82 53 52 100 42 70 66 59 20 28 43 57 96 51 72 17 48 58 25 20
64 39 71 9 29 16 57 61 25 19 47 70 66 28 90 45 15 90 93 91 83 60 66 51 13 58 46 4 33 36 27 30 19 57 41 63 64 8 74 56 69 100 51 84 59 15 94 4 23 98 3 9 99 14 23 49 53 48 37 6 68 43 48 30 14 67 47 68 56 11 65 16 35 73 12 33 44 6 86 8
88 45 68 14 20 98 32 47 70 47 34 74 40 13 35 15 56 16 11 97 1 95 16 75 45 49 49 34 46 55 29 91 11 94 44 43 93 31 33 24 71 67 71 23 39 50 21 10 91 2 29 55 52 28 68 65 47 28 91 83 4 25 38 91 10 41 66 64 6 44 34 25 77 93 90 31 91 47 92 68
79 69 2 100 4 6 61 74 30 86 83 92 52 9 62 54 83 68 55 25 59 31 87 86 92 6 31 10 43 34 43 76 97 94 12 100 95 99 1 14 91 71 70 7 27 70 33 54 30 9 15 4 28 42 74 55 16 77 27 87 34 24 100 16 27 88 9 59 22 99 21 67 84 23 4 97 82 19 56 74
39 14 91 31 1 33 72 45 31 56 80 85 49 50 23 35 96 84 78 23 97 41 4 16 16 24 30 48 87 70 93 24 26 33 81 2 99 66 91 16 73 4 49 79 84 59 12 97 94 93 34 78 11 17 49 70 49 41 34 71 33 10 59 3 28 51 65 44 71 37 25 24 23 82 12 3 54 3 77 9
85 60 8 90 82 79 62 88 30 15 74 10 57 72 11 95 99 47 76 42 38 80 92 57 22 48 79 95 98 74 82 44 9 56 57 42 67 68 13 34 28 47 58 35 47 6 99 75 15 28 95 62 36 43 97 20 81 48 92 79 100 51 22 14 80 39 47 26 88 51 24 18 6 14 8 4 73 24 21 40
69 29 28 36 98 38 62 34 93 90 96 50 30 16 7 33 95 98 73 51 48 41 54 57 37 67 76 17 16 17 93 21 93 48 58 49 1 56 71 13 17 10 84 75 84 19 32 39 95 85 57 58 83 14 69 93 43 69 36 39 98 37 72 29 88 3 38 63 99 40 75 66 36 69 71 100 12 65 44 20
36 57 85 24 45 7 93 6 2 13 87 100 12 86 69 93 96 78 68 76 45 65 79 4 16 82 88 68 10 76 70 39 90 41 33 96 87 42 81 37 80 73 77 68 71 91 43 9 57 43 11 4 52 85 100 87 13 84 41 58 48 40 23 69 54 18 33 78 63 44 75 12 19 76 19 96 2 28 31 37
96 86 67 33 60 71 43 67 8 60 94 61 8 71 55 84 47 9 10 67 52 94 64 42 56 52 46 78 52 91 36 84 56 94 60 63 52 87 24 68 23 31 45 21 16 62 69 56 86 77 36 33 13 25 63 11 8 24 86 40 27 76 62 7 19 23 20 57 38 9 32 27 89 88 93 75 57 96 38 33
