20 80
32 31 37 62 44 33 79 60 63 15 51 78 38 20 53 52 3 41 57 14 39 50 61 58 71 77 27 28 73 67 74 10 34 30 13 9 29 8 0 35 12 45 70 72 76 11 23 4 75 42 64 56 43 16 59 66 65 36 40 26 47 46 21 6 22 25 55 49 5 68 48 7 1 24 2 54 17 69 19 18
35 63 0 10 49 57 53 3 26 2 72 43 77 51 65 68 50 64 13 11 29 31 62 45 42 69 17 73 52 32 33 54 19 34 61 58 12 79 36 47 18 1 14 28 20 30 46 67 23 41 37 78 27 5 38 22 75 55 56 70 7 66 25 44 76 15 16 21 60 71 59 74 48 4 9 8 39 6 24 40
59 57 0 58 56 61 8 70 15 50 17 43 6 3 68 74 62 64 72 37 51 69 34 18 54 36 12 40 26 33 77 29 76 65 1 53 30 27 41 71 11 44 52 21 28 9 79 25 4 60 42 22 73 19 75 66 2 45 48 16 63 13 31 32 24 67 5 10 20 39 46 14 49 23 7 55 78 35 47 38
23 14 42 22 35 1 49 57 30 64 55 61 17 60 43 66 46 2 8 36 68 56 58 52 28 26 50 19 62 12 71 25 48 32 59 16 4 6 13 11 7 54 38 76 3 53 27 39 34 21 37 15 79 44 0 20 51 45 10 67 72 29 74 73 9 33 18 75 40 31 24 77 69 47 70 41 63 5 78 65
73 9 70 43 3 7 10 42 66 24 29 56 12 34 27 55 19 63 65 52 57 59 25 31 30 8 78 16 11 77 15 61 22 4 44 67 33 69 26 38 36 49 75 76 50 79 0 48 58 72 32 51 6 41 53 40 1 21 46 47 71 62 45 37 60 74 13 23 64 28 35 20 39 2 68 5 18 17 14 54
16 7 35 63 12 10 56 6 65 52 55 37 25 33 61 30 64 66 59 74 70 72 31 4 11 47 49 42 2 15 71 36 44 24 57 26 5 53 40 1 58 62 9 29 21 39 34 45 50 13 22 20 23 41 69 46 8 75 27 76 14 51 0 19 28 60 73 38 79 78 17 68 77 18 54 67 43 48 32 3
37 9 38 36 35 12 79 4 75 69 72 8 29 23 57 7 59 1 13 28 48 64 17 18 71 41 43 62 74 76 6 47 32 40 26 0 30 24 25 27 20 22 16 56 63 46 60 5 14 49 55 70 78 54 11 19 42 66 52 33 45 58 2 50 67 61 10 44 3 65 51 31 21 53 73 39 77 68 15 34
5 22 9 2 45 48 34 35 37 47 77 14 6 51 54 23 32 21 57 61 7 71 74 44 75 15 50 31 10 39 59 0 30 1 53 73 63 79 52 38 41 70 13 28 67 26 69 12 36 46 43 42 20 49 18 76 78 58 16 55 29 25 8 24 11 65 19 33 72 3 64 56 17 68 60 4 40 62 66 27
25 38 21 10 48 4 9 60 2 22 73 30 69 8 54 15 18 75 76 34 32 55 50 3 71 43 44 42 14 13 53 23 16 52 12 26 61 78 66 49 56 31 7 41 11 72 28 65 40 19 59 57 67 58 37 29 77 1 0 79 51 45 35 17 46 27 20 63 36 33 47 39 24 68 5 64 62 6 70 74
6 29 2 4 36 41 42 5 7 65 59 72 61 15 68 32 11 57 18 77 10 79 75 24 31 71 58 23 76 47 48 67 13 9 0 52 14 30 49 34 44 38 25 45 28 43 54 17 64 19 22 1 37 50 53 62 35 73 21 3 27 51 74 20 39 55 66 63 70 46 60 56 33 26 69 8 16 78 12 40
31 58 54 6 21 41 63 57 43 27 15 55 36 26 64 53 72 32 67 38 7 11 23 61 14 69 50 75 4 71 77 66 51 79 47 24 0 2 78 49 42 68 19 18 20 16 39 12 62 5 70 28 29 17 37 48 30 76 73 45 56 44 1 3 9 65 60 10 59 13 40 33 46 52 34 8 35 74 22 25
13 3 51 72 24 10 58 7 39 21 27 56 68 61 22 52 79 40 18 0 41 53 69 57 60 26 64 63 30 44 37 17 2 65 62 54 43 14 8 36 71 6 66 55 20 15 70 11 35 74 48 16 33 46 45 29 50 28 25 78 4 77 75 42 5 31 19 23 67 59 73 32 12 38 76 49 34 9 1 47
12 52 11 32 9 21 5 44 73 17 70 58 60 13 75 33 4 36 61 50 68 65 23 34 10 18 22 79 38 43 66 63 42 54 51 77 40 56 31 3 26 29 41 46 76 64 28 48 45 72 20 62 16 25 47 39 6 24 27 57 7 69 14 8 30 53 67 19 35 71 0 2 37 74 49 55 59 15 78 1
34 69 41 78 19 28 4 30 47 2 59 11 58 66 32 21 12 17 7 77 57 46 67 16 72 20 50 51 56 15 25 29 14 0 3 63 37 31 40 38 8 71 10 22 1 68 26 27 79 65 6 45 44 35 76 75 43 62 53 54 23 61 18 39 70 9 49 55 52 24 74 60 42 36 13 64 48 33 5 73
71 42 40 61 0 22 63 78 8 73 23 55 66 79 10 64 25 35 7 2 29 37 21 76 41 30 62 18 38 67 68 24 34 26 31 59 48 39 19 77 60 51 27 53 16 17 43 74 14 5 33 49 70 28 58 56 4 57 11 47 69 46 36 54 65 72 50 6 15 12 9 44 32 20 45 13 52 1 75 3
77 3 75 73 31 19 11 34 61 29 20 1 4 35 79 5 56 17 62 14 42 43 63 18 50 0 23 13 53 46 71 26 65 45 38 2 22 74 54 72 28 39 67 40 52 41 70 6 76 58 24 33 36 51 37 59 16 47 55 78 21 7 48 57 69 44 32 10 27 60 25 68 49 15 12 64 8 9 66 30
79 35 36 64 30 78 13 60 15 55 63 43 0 38 9 74 73 48 34 42 71 26 10 70 50 32 59 2 45 54 12 29 68 69 75 41 31 14 46 18 61 28 39 44 8 47 25 33 57 6 62 7 58 65 24 17 76 40 1 53 77 3 20 5 49 11 4 67 16 19 37 56 27 23 52 66 21 51 72 22
55 68 15 52 37 65 48 72 20 56 21 77 23 60 1 34 35 11 25 32 43 44 28 59 69 36 12 50 66 57 10 64 63 73 51 3 24 17 58 62 54 7 0 19 13 33 53 71 78 39 40 74 8 45 31 26 18 30 70 14 61 9 75 42 29 67 27 46 76 4 47 5 38 49 16 79 2 41 22 6
19 44 17 65 45 78 15 62 73 50 31 68 34 14 38 26 69 11 16 76 48 35 21 37 29 30 5 54 8 4 75 74 24 32 66 70 20 6 25 57 39 28 12 27 51 53 71 59 10 36 23 58 40 56 67 60 42 55 18 0 2 47 43 1 61 13 49 22 52 9 64 77 79 33 46 63 41 3 7 72
54 46 67 63 51 4 75 57 19 8 32 25 47 5 17 61 1 6 35 12 22 7 34 30 28 71 27 53 64 9 77 68 23 79 37 39 41 60 0 2 38 49 58 29 21 36 42 70 18 43 24 59 52 44 31 13 76 56 73 65 45 10 72 55 62 40 11 14 50 66 48 20 26 74 15 69 3 78 33 16
95 31 99 10 73 100 39 56 48 56 5 33 61 47 91 17 89 9 37 63 8 64 5 88 70 84 42 85 29 4 26 87 20 30 17 98 59 4 61 36 13 17 23 75 65 84 26 80 24 68 53 16 93 25 77 31 15 6 22 21 35 99 39 98 15 72 75 26 24 59 49 71 81 67 58 12 99 19 38 7
49 93 37 69 2 52 60 90 81 28 26 84 49 65 40 64 89 13 32 86 97 23 46 48 72 28 32 5 6 30 62 15 2 33 48 68 35 77 26 74 88 15 19 76 8 59 84 99 97 91 88 90 58 99 59 63 55 78 30 86 79 72 91 66 45 49 59 12 82 17 58 96 86 38 57 16 39 21 2 25
10 100 34 17 18 95 51 26 28 2 71 25 29 64 72 72 51 23 99 18 73 2 55 81 53 23 63 25 93 56 55 30 36 23 73 7 90 21 86 17 38 7 12 22 16 97 41 39 35 96 63 89 68 70 25 3 21 19 88 69 25 55 25 92 93 69 98 32 63 84 97 57 5 53 33 64 49 94 51 53
78 44 74 10 99 26 87 16 41 57 77 15 70 66 95 12 23 50 87 77 79 38 66 4 90 31 48 62 19 58 91 87 20 78 86 50 85 15 95 81 37 29 23 4 34 63 21 1 11 7 30 35 51 31 93 50 81 17 56 24 37 44 49 89 6 76 92 22 61 61 46 41 13 17 42 22 54 19 63 75
14 98 93 90 83 39 31 1 67 66 27 64 89 57 89 8 71 81 8 62 55 60 2 93 88 49 32 91 52 13 9 4 41 62 42 41 24 87 42 34 49 66 70 33 24 15 25 48 32 26 13 45 14 84 50 90 13 81 35 88 61 90 93 13 80 64 68 6 83 40 49 3 57 15 51 47 22 47 50 85
13 50 20 4 16 9 67 89 92 19 19 57 94 84 70 24 62 96 31 19 32 39 56 56 100 85 46 41 61 78 37 2 97 99 67 61 7 69 49 43 25 83 37 6 38 79 53 70 77 51 1 27 14 84 42 29 75 32 94 15 67 19 19 66 40 69 16 47 4 76 14 14 18 27 12 100 46 11 35 75
77 34 11 30 84 94 4 28 93 8 32 18 14 48 8 46 10 64 79 48 9 82 20 26 35 21 27 43 10 13 61 43 82 51 85 14 16 60 36 68 81 65 66 54 32 47 67 4 53 16 32 50 66 19 2 82 6 1 7 47 9 55 52 19 29 39 77 72 80 43 90 9 44 79 22 75 9 97 87 74
98 50 6 75 87 9 1 55 45 50 27 84 81 3 97 66 95 43 3 39 5 35 12 8 27 43 100 74 64 12 20 78 42 39 3 37 66 29 77 97 22 27 62 66 41 98 99 4 16 4 10 77 37 28 28 50 100 68 98 76 5 93 25 75 85 63 42 39 31 33 16 53 54 80 27 70 43 23 3 62
36 7 11 64 79 39 75 21 99 39 74 75 84 24 42 66 70 84 27 3 16 29 48 74 10 51 34 51 95 67 70 84 64 7 80 60 76 28 1 12 6 14 85 92 47 4 86 91 14 71 43 22 32 78 27 58 97 73 45 62 30 98 68 72 41 69 13 45 77 53 94 61 2 62 44 48 40 92 84 93
75 37 76 58 44 33 83 50 4 13 69 57 69 69 14 47 3 44 49 34 8 99 40 73 36 85 90 79 95 52 96 86 61 10 70 86 35 35 19 33 42 72 39 32 71 68 35 4 84 37 99 50 53 79 7 85 28 53 39 74 25 40 55 18 71 54 62 44 84 41 60 6 86 33 30 59 67 56 57 39
56 95 10 36 49 89 32 85 47 23 39 32 49 78 22 66 39 47 80 44 74 91 48 48 45 54 49 35 68 73 19 40 61 85 95 80 41 95 66 53 94 22 14 26 98 27 91 98 1 21 76 1 52 69 20 40 12 87 66 21 100 24 55 93 46 17 39 73 2 69 31 96 47 2 58 30 10 95 99 85
56 47 49 29 77 21 18 27 64 100 32 39 73 13 82 76 5 77 60 30 75 8 33 45 32 3 57 70 15 47 57 86 3 33 45 23 89 69 47 22 11 89 46 78 43 2 72 25 61 89 14 13 4 66 2 8 21 36 58 44 65 9 97 32 20 46 5 18 84 94 63 47 9 40 33 88 52 48 77 44
51 12 29 72 99 96 19 19 9 26 19 54 35 69 90 44 2 11 67 73 62 95 25 46 75 96 89 66 70 57 45 29 67 85 15 81 8 17 84 73 81 4 27 14 36 19 37 68 59 87 94 4 17 21 38 6 59 97 100 65 39 90 92 64 64 88 79 90 1 63 16 47 43 54 54 55 73 12 16 13
22 33 25 74 49 29 88 81 19 70 96 47 23 59 50 26 97 88 85 68 55 21 32 30 64 39 72 1 81 92 42 56 65 51 23 68 70 61 73 38 45 83 3 6 56 89 29 6 78 32 34 78 8 63 76 55 81 80 7 92 8 64 24 64 50 34 35 33 79 22 7 21 18 16 6 13 93 47 51 73
41 28 39 23 29 95 54 1 53 72 5 97 58 90 100 13 9 36 49 32 34 85 14 57 43 48 4 10 27 82 39 91 92 73 80 12 59 84 24 24 58 88 41 36 51 85 5 15 72 89 97 31 19 10 19 30 13 20 6 64 93 2 53 20 67 77 90 69 86 80 88 16 77 63 53 56 82 37 4 30
22 94 31 65 57 97 90 55 9 52 68 31 90 98 32 83 90 75 60 72 88 21 65 66 70 8 93 32 6 11 60 63 66 32 62 71 43 86 99 51 86 16 75 52 16 31 25 5 87 80 60 84 36 32 48 28 46 88 67 25 50 74 10 35 54 60 83 13 83 77 59 2 46 23 44 11 31 38 75 38
82 71 4 5 92 100 18 86 58 23 96 90 10 20 42 97 60 62 48 29 73 84 7 97 9 98 20 82 47 29 8 79 61 34 52 94 57 62 59 27 70 97 28 39 57 49 77 54 48 26 65 55 54 66 1 60 73 18 17 1 33 72 98 74 25 97 35 71 80 49 95 63 18 32 72 62 70 51 23 13
46 98 73 75 98 75 54 76 14 44 50 74 85 36 4 92 22 59 22 81 71 7 85 69 22 97 49 53 22 81 83 34 62 3 72 56 25 82 69 48 33 74 26 53 10 71 47 55 50 46 18 27 49 23 13 22 26 50 2 7 97 55 90 48 99 80 20 6 60 35 29 60 91 16 47 29 32 21 50 49
35 17 61 19 12 41 22 36 73 36 2 24 22 39 48 47 62 56 18 24 29 74 47 32 37 75 45 88 85 64 68 19 87 52 80 90 22 96 30 34 83 88 63 81 100 46 42 96 86 55 34 48 87 20 44 20 88 12 2 68 42 19 66 68 40 65 78 26 61 98 28 42 9 21 47 27 62 83 31 95
96 84 5 49 32 38 88 46 51 39 63 67 35 70 95 83 5 37 27 7 92 92 89 80 5 62 6 90 67 67 80 69 71 57 18 77 27 49 60 93 48 70 84 90 78 24 49 48 30 86 9 14 50 88 73 43 91 12 21 81 11 63 42 16 34 78 78 30 69 73 74 35 33 74 12 87 9 14 1 84
