20 80
67 58 27 49 11 0 7 19 32 78 36 12 41 13 9 60 72 79 1 51 2 50 52 77 75 54 8 25 76 69 17 33 26 22 44 73 28 68 74 46 38 59 48 66 65 64 40 4 47 42 10 3 35 71 63 21 53 14 39 57 23 18 29 15 30 37 62 20 6 16 34 43 24 31 70 55 5 45 56 61
77 58 41 16 4 53 64 29 3 48 57 72 26 66 37 14 18 45 12 70 20 28 22 8 56 38 43 25 13 31 35 1 54 61 39 49 23 2 34 44 42 68 69 0 36 75 63 55 33 76 27 65 47 78 17 62 51 74 30 40 73 19 71 79 24 59 11 32 52 7 46 5 15 10 67 21 60 9 50 6
49 75 6 3 62 41 77 63 65 43 76 45 9 38 4 25 74 57 11 14 44 23 40 69 73 39 54 5 35 28 18 33 34 17 60 0 72 2 71 27 58 8 53 47 12 20 70 15 59 66 1 16 7 64 13 37 24 42 30 61 55 52 56 26 50 68 22 79 78 36 46 31 48 67 32 10 29 51 21 19
66 40 30 20 47 61 69 11 44 17 78 27 1 19 5 34 31 76 24 70 74 54 50 48 10 4 56 43 71 60 77 7 2 29 3 62 58 68 13 33 73 9 18 0 49 23 14 38 52 65 37 64 41 21 46 79 12 26 15 67 51 8 25 6 16 35 57 28 63 72 36 55 22 39 59 45 42 53 75 32
79 58 28 8 10 60 46 49 21 38 75 7 55 77 37 32 65 44 14 43 59 63 41 52 2 72 30 34 19 13 20 39 0 71 50 47 61 24 5 54 68 76 3 74 22 53 36 29 73 4 48 66 35 17 57 51 9 12 11 40 62 25 67 45 1 26 33 78 23 64 69 15 56 27 70 16 42 6 31 18
31 2 40 32 44 61 8 73 41 5 46 7 20 4 47 28 64 19 59 76 26 15 29 35 67 70 33 52 6 58 16 55 79 77 21 17 57 63 38 45 1 60 65 53 74 30 42 36 54 78 3 12 56 25 75 50 66 18 68 10 39 22 24 27 51 13 11 9 23 43 0 34 71 14 72 48 49 37 62 69
1 26 44 37 15 31 49 74 62 48 65 3 19 61 4 75 68 52 34 53 79 14 50 60 9 27 70 6 46 7 12 38 63 73 72 32 29 28 51 30 18 39 20 35 58 45 2 64 13 5 10 78 43 23 41 36 17 76 56 66 22 24 33 67 40 77 42 57 59 21 54 0 8 16 71 55 47 25 69 11
38 6 21 54 12 19 9 3 79 70 41 52 43 24 72 49 71 36 28 27 69 51 23 48 57 17 29 34 32 20 61 2 42 66 47 60 0 35 33 44 4 63 13 45 18 31 62 58 5 39 59 10 78 77 64 26 67 56 8 7 53 1 14 11 22 25 50 40 74 55 15 73 16 30 37 65 68 76 46 75
9 25 69 28 48 65 13 0 5 4 17 78 21 60 77 37 32 74 62 6 14 20 12 8 72 34 58 79 39 64 63 7 41 38 24 57 3 51 59 33 22 2 66 30 16 1 27 61 11 76 56 54 15 73 71 18 43 19 50 47 55 36 67 26 42 40 29 75 46 45 35 52 68 10 70 53 44 23 49 31
69 64 7 20 45 13 42 21 72 52 11 4 31 30 3 66 38 50 40 43 19 78 34 16 75 58 41 56 79 22 0 57 35 62 17 74 77 51 59 67 65 71 10 32 12 70 68 39 14 26 9 48 55 63 8 29 76 23 6 2 61 28 47 49 73 60 18 46 36 24 37 44 33 25 54 1 27 15 5 53
68 5 2 76 19 74 57 22 36 42 34 51 14 58 10 27 43 0 35 53 44 60 24 3 23 75 25 4 32 45 73 37 12 59 40 50 78 47 48 15 65 1 69 49 26 46 18 8 41 70 67 55 11 13 33 16 39 9 62 28 63 72 66 31 29 79 20 52 38 61 71 6 30 7 56 77 54 64 21 17
13 32 40 75 18 48 59 19 53 70 30 20 33 7 8 65 72 77 71 69 42 57 49 45 73 24 10 50 31 39 29 47 14 54 44 25 52 0 76 64 27 6 34 3 17 9 46 16 43 68 63 74 15 26 36 61 22 4 37 62 55 35 58 12 23 28 79 21 1 5 56 2 51 67 41 11 38 78 66 60
72 8 55 14 10 34 21 31 71 0 28 32 62 37 18 68 42 74 43 45 70 24 54 77 3 53 30 52 57 36 63 60 6 23 76 40 11 61 17 2 12 1 26 9 35 73 22 66 67 79 48 4 27 16 5 78 20 46 15 47 49 38 33 58 64 69 41 19 56 44 25 39 65 50 75 7 51 13 59 29
62 28 34 57 69 5 14 41 48 52 20 51 29 19 40 21 54 1 7 78 37 11 8 50 44 22 64 16 68 9 35 46 15 4 66 76 56 38 27 58 25 2 63 13 3 65 30 74 79 18 23 60 45 32 53 59 43 33 77 61 72 47 24 6 39 17 55 12 42 67 0 73 31 75 70 10 49 36 26 71
1 29 61 5 31 13 28 33 8 76 62 57 4 19 67 43 71 64 44 23 54 73 46 6 2 21 59 68 36 63 15 74 35 58 3 9 47 70 37 53 75 0 17 16 79 60 51 12 41 77 78 14 27 39 45 32 30 18 55 20 65 50 42 34 69 10 66 48 11 49 24 72 7 25 26 56 40 52 38 22
7 9 57 17 45 4 47 34 50 11 71 46 65 64 69 19 61 3 27 29 79 43 39 18 8 10 63 78 37 36 16 30 13 6 56 54 23 20 5 24 35 40 25 42 74 51 12 66 21 73 62 70 0 53 52 14 59 41 75 55 38 32 68 15 31 60 76 28 48 26 2 1 44 49 77 58 67 72 33 22
65 55 37 67 24 79 38 49 50 3 7 26 32 18 56 60 41 23 14 27 47 1 6 74 42 21 64 16 17 19 57 12 13 33 40 45 30 4 48 75 58 61 69 63 54 20 8 36 34 15 52 11 78 77 5 43 46 39 73 68 44 72 28 31 9 66 62 76 53 51 59 35 70 10 0 25 29 2 22 71
44 20 8 56 11 52 58 75 14 71 39 73 68 64 41 50 32 62 0 70 61 65 45 77 74 49 10 40 48 33 16 36 3 54 15 38 35 12 46 67 42 69 18 9 2 63 28 66 72 76 21 30 29 6 51 23 79 59 34 60 19 47 26 53 22 25 7 1 43 57 37 27 78 31 24 4 13 55 5 17
50 42 77 55 12 2 67 61 19 17 52 64 57 0 15 31 25 5 74 51 60 66 1 47 16 10 22 21 6 68 43 45 73 32 59 75 30 76 33 29 26 38 54 48 79 44 63 78 18 34 46 56 69 24 8 65 3 14 62 58 4 13 70 7 35 23 49 20 71 9 40 72 28 36 11 41 27 53 37 39
65 47 14 62 27 4 50 55 23 72 3 20 52 38 15 39 69 31 59 16 61 30 26 78 56 79 7 49 67 8 45 48 64 2 33 76 75 54 34 36 17 46 63 70 18 60 21 24 9 22 19 6 10 68 44 1 41 40 5 53 74 43 0 11 32 29 35 12 42 28 25 71 57 13 58 77 37 51 73 66
87 57 57 79 29 4 31 66 89 73 25 6 56 83 87 74 44 67 81 73 95 11 32 80 23 40 60 5 84 19 44 77 34 53 20 95 94 18 81 33 40 14 8 46 6 43 12 82 74 2 57 72 49 67 95 83 78 14 50 92 67 1 49 13 16 72 84 18 91 94 48 93 25 90 42 21 16 21 29 6
70 51 16 54 87 21 32 48 49 97 11 70 49 39 97 19 68 52 37 91 54 54 12 82 61 59 25 17 59 11 66 9 37 94 82 97 4 48 5 64 45 94 14 84 16 44 99 38 86 18 57 99 13 54 65 42 2 54 88 14 60 63 20 4 32 26 22 25 90 98 24 96 66 94 64 78 48 36 66 27
98 12 60 14 48 62 38 7 68 64 28 40 71 45 78 19 35 89 24 25 28 65 21 12 5 66 77 44 44 28 83 12 52 50 50 40 22 36 90 25 80 62 93 64 6 48 40 12 92 71 42 59 30 56 42 10 89 45 31 45 17 12 48 5 61 56 29 38 53 25 73 64 28 40 71 23 96 59 63 2
20 99 54 55 71 25 87 60 54 83 20 88 24 81 43 54 96 21 16 40 33 68 50 55 35 11 82 65 41 33 63 36 1 24 58 41 28 32 3 17 16 74 8 25 6 40 93 1 32 43 53 64 13 38 83 3 3 13 89 47 82 53 53 45 93 31 9 35 90 6 5 46 39 52 78 42 49 24 84 10
99 44 73 52 29 76 74 43 78 28 78 16 37 88 30 58 23 53 93 52 59 7 12 35 10 10 82 1 72 38 80 40 78 28 94 42 26 63 77 7 34 52 84 64 53 56 73 77 56 28 26 48 74 16 78 10 65 41 36 93 15 80 87 75 50 13 72 7 98 39 41 100 81 8 29 76 65 97 62 52
44 20 9 28 89 93 49 19 44 81 29 52 89 94 40 9 80 33 48 72 5 29 33 21 19 27 27 42 76 17 82 40 13 8 95 99 7 87 69 84 46 94 90 80 93 81 44 91 99 57 81 70 45 57 66 49 88 10 27 29 82 70 98 17 49 1 57 39 92 8 33 28 11 96 8 92 96 24 30 29
62 58 96 28 87 7 43 78 20 33 29 57 27 99 26 52 91 79 23 19 10 68 15 66 81 81 27 27 68 78 96 89 53 27 55 62 27 17 65 88 92 21 5 49 53 61 30 4 49 26 79 73 9 23 35 82 38 25 59 18 28 12 90 76 77 11 33 5 93 83 81 59 10 100 88 44 72 89 79 100
15 41 12 40 86 46 94 21 38 61 85 96 35 72 41 64 88 95 81 67 93 43 13 52 76 97 77 30 31 62 45 100 93 66 66 23 97 48 32 11 85 79 28 7 75 71 49 92 84 29 23 16 2 51 95 6 44 84 54 36 50 25 62 20 34 74 91 90 54 79 46 28 51 55 67 39 58 23 16 87
2 84 18 90 42 28 32 93 23 28 77 51 28 31 12 62 27 32 8 30 54 34 56 20 22 73 3 54 61 17 97 95 47 21 63 98 5 28 36 98 76 62 37 67 24 97 44 73 38 84 1 65 42 78 3 39 31 71 38 10 55 66 72 12 70 51 45 94 54 63 74 91 60 63 95 30 93 12 88 80
36 26 61 57 58 65 59 43 62 17 82 62 95 24 79 36 92 67 26 43 77 15 99 75 16 50 64 9 59 32 96 77 14 10 51 32 87 77 56 89 37 51 16 77 26 59 35 80 37 66 48 2 80 45 77 72 22 3 57 27 65 22 13 52 50 96 79 84 60 58 28 1 87 1 36 97 14 88 99 72
36 37 68 73 99 77 70 48 32 56 15 98 50 98 68 94 96 26 72 66 86 34 83 36 87 17 44 88 56 9 77 83 25 97 26 71 3 40 96 73 37 46 3 74 64 11 72 94 43 84 76 19 58 43 89 82 64 3 84 83 57 7 46 73 45 81 2 52 21 79 86 15 35 76 73 13 84 37 90 32
49 42 55 46 77 66 92 63 93 14 36 100 34 91 6 74 2 73 5 79 34 50 11 48 50 36 37 31 73 53 16 14 31 31 84 94 64 83 25 98 80 24 28 86 74 81 74 66 8 78 45 35 43 34 65 24 2 68 99 93 56 35 34 31 12 98 3 45 79 62 59 3 42 41 77 20 26 40 100 100
58 3 5 64 68 96 3 58 88 17 35 33 68 23 97 65 14 19 50 78 33 76 31 12 96 77 88 43 59 89 6 35 44 71 21 100 92 93 25 1 59 93 65 2 27 100 43 56 18 32 64 66 1 30 35 95 23 84 19 93 72 32 44 67 33 44 12 95 65 98 22 68 54 62 17 96 59 21 12 72
67 60 50 10 78 3 24 55 81 97 15 79 76 48 55 98 26 71 18 82 54 48 5 47 53 76 74 100 53 81 41 11 10 85 46 83 86 46 89 47 85 4 96 53 59 86 2 21 74 70 32 32 79 13 28 77 94 84 35 52 86 1 38 51 17 9 52 94 7 8 69 67 55 3 1 66 15 20 20 90
97 40 86 61 15 39 10 96 35 48 52 62 22 24 26 90 62 86 31 68 28 99 43 23 35 86 58 66 51 82 66 15 11 88 88 10 77 75 3 19 26 70 33 8 34 86 91 12 16 9 87 77 99 94 55 74 39 12 20 97 71 48 61 18 72 1 50 25 56 13 10 86 72 66 83 16 88 1 11 64
30 84 98 17 53 60 18 3 80 63 52 77 26 18 82 4 54 45 82 89 99 15 11 98 35 2 89 3 53 47 100 11 4 29 98 51 74 29 45 70 14 86 23 10 59 44 49 85 77 40 98 50 46 14 69 23 38 77 46 87 16 16 37 62 30 99 57 64 31 12 90 93 66 80 16 12 92 33 81 74
18 14 34 100 10 21 14 18 23 45 20 11 84 10 85 62 72 76 24 19 92 46 66 26 15 83 54 58 22 95 93 68 49 8 2 82 72 34 70 17 4 4 11 21 20 59 63 25 94 49 91 85 43 51 71 39 85 54 52 32 55 25 5 65 23 61 19 67 87 52 85 71 10 19 81 92 50 89 9 23
40 49 55 67 48 35 100 90 53 9 12 61 71 42 28 89 2 1 8 87 57 57 88 18 52 23 92 6 4 34 55 100 33 93 18 89 72 22 2 70 18 21 98 4 7 72 22 32 79 33 81 23 55 46 53 35 42 1 46 68 22 15 32 53 56 97 58 17 43 56 78 10 37 57 43 73 20 30 67 86
73 45 70 91 81 12 38 17 52 14 23 66 22 25 45 59 21 35 2 64 47 81 47 16 17 45 7 82 24 48 27 4 18 82 27 44 33 43 40 1 31 21 73 49 23 19 92 51 49 39 61 83 27 51 69 74 49 70 14 4 63 92 93 72 68 66 26 59 48 99 15 97 82 54 26 60 31 13 36 100
67 30 44 28 13 78 14 91 24 17 10 14 57 18 94 63 67 92 18 90 80 66 25 68 92 35 51 92 39 15 6 85 43 11 91 76 59 33 26 83 27 77 64 32 56 99 33 65 2 11 79 48 92 43 80 19 72 60 11 20 41 24 43 35 47 100 10 2 89 90 70 7 28 34 10 70 68 38 53 61
