20 80
12 78 45 39 24 68 13 15 48 2 54 62 75 38 4 73 11 32 18 3 31 67 1 9 50 44 66 37 17 55 25 77 33 8 51 27 74 10 28 16 46 14 6 23 19 70 64 56 63 72 52 20 29 53 65 41 35 5 36 47 0 61 7 43 58 59 71 79 76 69 30 21 42 26 34 22 40 49 57 60
1 70 65 29 16 57 28 64 10 9 17 19 71 60 52 41 38 2 68 25 63 23 5 73 33 46 20 79 56 61 36 24 4 43 0 22 8 53 48 40 42 3 13 78 47 11 50 27 26 45 37 75 39 7 59 6 44 18 21 35 55 31 14 49 69 76 30 77 12 51 58 34 15 54 62 66 67 72 74 32
61 33 21 18 25 8 2 57 79 9 54 62 63 4 68 31 3 10 17 66 5 50 12 37 30 71 53 34 64 74 69 29 65 73 19 20 40 24 28 44 76 70 75 26 16 23 58 55 78 59 41 52 14 32 35 22 13 56 7 36 48 38 45 43 39 42 15 6 0 51 46 49 27 72 47 11 1 67 77 60
67 2 28 45 63 6 52 77 70 15 0 42 60 58 12 65 46 20 75 78 26 22 41 16 1 24 53 38 13 50 39 4 43 62 30 18 17 71 19 69 54 7 23 61 29 27 11 73 66 31 33 68 64 10 44 48 57 34 49 47 56 14 37 36 9 5 79 51 21 32 55 72 59 35 25 76 40 3 74 8
13 61 30 29 79 22 27 40 43 71 36 33 51 49 52 73 2 21 24 38 54 58 46 72 26 7 11 77 35 28 8 76 16 75 18 32 60 4 10 62 39 1 5 41 20 6 9 48 34 14 57 42 78 74 66 0 3 59 12 55 64 37 65 70 19 68 31 63 44 23 45 69 56 17 67 15 50 25 53 47
29 30 27 54 19 31 15 68 42 48 23 39 64 72 4 77 14 10 41 33 47 70 55 40 21 74 59 57 3 35 46 66 2 32 61 28 60 20 6 75 9 49 18 16 26 53 51 7 24 22 63 71 11 37 73 43 25 52 56 17 38 5 34 79 36 67 1 45 62 78 13 44 8 65 50 0 76 58 69 12
25 2 77 16 5 65 34 64 66 13 44 78 7 42 76 37 63 48 43 4 19 27 57 33 68 28 69 39 71 32 24 59 8 20 53 36 46 21 31 54 72 10 62 75 73 35 49 12 45 38 47 26 14 67 18 79 22 3 40 52 0 55 1 30 11 9 61 41 23 51 70 29 17 60 15 56 74 58 50 6
7 32 18 20 63 59 23 44 67 56 76 17 5 13 12 30 26 48 8 2 25 52 64 35 36 62 72 69 61 21 0 77 1 50 22 39 68 34 73 47 70 42 79 33 27 15 65 41 54 51 53 46 58 57 78 19 24 10 28 14 55 16 4 38 49 45 66 3 74 75 11 6 31 60 43 29 40 71 37 9
63 43 33 59 13 5 10 51 34 24 60 25 7 17 35 68 28 2 27 37 48 18 46 26 44 30 40 6 16 65 54 11 0 14 62 29 3 12 4 53 55 20 77 1 73 39 69 76 72 19 21 49 66 50 70 79 41 61 71 57 36 45 78 56 75 47 67 38 31 15 42 23 22 32 8 9 74 52 64 58
1 45 27 46 36 41 56 79 44 15 43 30 25 73 42 74 6 57 76 71 63 65 23 60 3 53 13 33 18 28 59 20 77 26 62 55 61 48 9 21 31 29 69 32 70 68 54 39 8 47 72 5 24 22 64 66 67 75 0 40 50 11 10 19 38 58 78 37 2 51 17 35 4 16 14 52 34 49 12 7
77 5 63 2 34 15 52 0 13 60 14 33 12 76 29 27 28 37 48 9 3 79 43 61 72 68 25 32 64 7 46 39 10 44 45 4 56 16 54 41 20 57 30 21 35 24 1 36 11 17 18 73 42 22 51 66 6 38 40 26 71 50 23 75 62 19 49 53 70 59 69 78 31 74 55 58 8 47 65 67
20 74 12 11 21 79 58 47 52 45 32 28 19 17 43 41 77 40 10 66 76 39 31 29 72 51 18 60 9 0 14 23 67 36 25 48 1 62 56 65 4 3 59 33 42 15 5 30 38 70 61 37 26 69 44 55 63 50 54 49 16 27 6 22 24 46 35 78 57 7 68 73 75 2 34 64 71 8 53 13
59 37 39 60 19 6 20 57 26 45 3 25 38 32 67 56 16 10 11 47 74 31 49 0 48 15 22 5 68 71 42 69 41 58 9 7 64 12 17 46 21 51 29 40 4 66 52 43 70 78 63 76 33 34 54 1 8 79 18 23 35 2 75 55 62 50 73 65 27 13 72 24 53 28 77 14 30 36 61 44
27 46 51 55 66 61 60 34 31 71 20 9 69 45 16 73 74 8 15 23 77 28 54 22 5 58 43 2 18 11 30 79 7 62 52 1 19 78 47 3 26 39 53 10 56 17 25 14 4 76 50 48 68 0 65 42 35 36 13 40 41 67 24 12 72 63 33 59 32 64 44 29 38 57 70 37 21 75 6 49
40 45 28 7 34 58 30 35 16 62 4 66 46 56 51 22 29 67 0 3 53 32 64 79 17 6 13 1 8 75 49 57 5 10 52 19 31 65 18 39 48 41 43 27 37 14 60 70 69 77 20 36 47 63 54 55 12 72 33 26 74 76 59 44 24 73 21 42 2 25 50 9 78 71 68 61 11 15 23 38
54 75 77 49 31 43 71 74 10 3 11 20 16 62 63 27 36 9 18 66 23 2 25 14 51 42 24 22 60 48 34 45 47 58 30 64 65 35 38 5 6 41 39 46 56 21 1 15 76 61 55 7 72 33 0 59 12 69 73 70 8 50 13 67 53 19 17 32 68 26 79 29 52 78 4 37 44 28 40 57
29 55 20 61 5 44 54 35 26 78 8 63 32 49 38 1 76 18 42 51 9 21 39 3 10 79 15 57 2 52 34 28 64 58 43 60 53 0 12 14 62 46 70 68 13 31 47 71 69 40 75 45 33 66 73 7 24 27 74 22 4 11 16 72 6 67 41 19 37 56 65 23 36 25 48 77 30 59 50 17
18 19 65 16 20 21 5 3 61 37 75 1 2 59 66 17 40 7 10 58 56 39 74 71 36 77 54 46 12 24 13 79 64 63 43 34 6 53 9 0 67 33 29 27 14 4 26 60 51 45 78 41 30 68 69 8 70 22 76 35 73 32 42 52 50 72 28 15 38 11 55 49 44 57 48 25 31 47 23 62
64 21 32 62 74 70 17 58 37 48 6 23 47 42 45 59 44 50 9 46 73 4 54 33 28 18 31 2 51 72 49 20 75 19 10 35 38 69 13 77 29 25 22 39 63 66 68 52 5 1 55 11 15 67 36 14 7 79 12 40 8 3 71 60 30 65 61 34 24 56 41 57 53 43 0 26 16 76 78 27
69 34 45 30 53 25 26 7 58 78 74 0 51 38 76 40 54 16 4 62 43 66 61 70 67 3 63 18 5 36 64 19 12 23 35 55 75 2 68 65 42 28 46 10 60 48 50 33 44 15 79 73 56 1 72 9 77 8 11 27 17 29 41 32 22 37 71 13 20 24 39 14 47 31 52 21 6 59 49 57
33 32 62 19 28 22 33 97 1 44 89 57 7 39 96 51 62 87 34 79 31 87 38 4 50 75 90 44 28 25 24 61 63 26 18 96 31 3 25 6 54 53 93 20 46 73 87 88 32 26 28 77 59 40 64 43 19 99 87 75 65 7 24 75 27 61 87 96 54 27 42 79 72 8 11 80 10 13 80 86
18 93 14 25 72 47 87 74 45 47 35 79 4 67 27 6 36 7 30 51 87 70 39 95 41 85 34 33 58 96 49 71 81 30 52 33 81 100 35 3 43 61 64 60 1 88 77 40 16 62 57 61 55 63 33 29 18 64 25 94 73 54 2 74 82 90 12 84 52 63 4 24 13 13 14 16 23 11 41 26
50 36 20 70 23 69 63 22 63 89 84 80 91 92 48 17 100 71 48 64 58 23 73 28 25 1 97 6 5 84 8 8 12 28 50 57 82 15 91 93 36 73 77 42 41 62 2 3 32 14 14 81 27 80 10 36 25 80 77 43 52 42 42 90 19 20 7 63 65 78 43 87 75 75 65 70 35 62 24 29
62 13 97 70 46 28 67 100 23 62 25 91 29 100 62 9 100 27 21 44 9 78 19 81 49 85 32 70 78 12 6 32 50 1 31 19 50 50 90 2 91 23 82 22 81 11 54 71 1 58 16 13 1 39 5 25 49 16 86 35 75 39 74 77 95 72 8 37 49 35 38 9 99 21 80 83 84 84 19 7
50 56 89 44 37 12 90 67 66 34 27 32 89 92 55 49 63 50 33 77 68 64 66 75 30 76 66 96 38 90 96 60 32 32 47 72 2 62 58 98 41 70 29 41 66 8 33 98 100 46 91 75 23 52 14 14 14 4 14 18 29 100 88 57 44 90 60 41 17 76 100 34 12 23 37 46 92 97 82 6
87 16 10 4 3 74 26 73 86 10 62 24 70 6 55 67 54 98 1 32 21 24 89 61 66 96 82 22 98 60 46 63 12 2 12 86 10 92 96 45 71 56 78 53 46 96 65 70 63 60 51 19 80 48 28 96 74 29 25 31 89 81 78 96 37 92 17 39 34 50 70 37 47 64 52 79 49 73 61 92
70 1 10 27 9 29 67 6 99 32 9 82 24 99 92 39 73 92 39 90 38 11 26 35 48 37 35 67 53 35 56 69 60 97 34 93 67 12 52 3 97 77 19 77 96 59 36 76 14 54 48 62 55 94 26 80 97 61 27 88 55 8 19 93 39 44 72 69 9 98 22 13 1 80 7 83 68 98 90 94
93 22 4 46 6 59 80 72 62 97 24 96 82 76 1 19 4 92 78 68 23 86 15 81 16 4 63 97 18 6 96 4 43 91 9 23 22 1 47 45 28 24 5 61 61 84 99 78 14 92 71 57 81 82 79 34 1 60 27 42 88 45 95 41 66 88 45 62 71 24 54 51 50 53 4 30 25 52 87 27
8 84 8 46 22 44 80 50 87 46 20 20 35 78 75 69 15 59 16 99 41 48 91 22 88 32 12 95 59 29 64 46 81 66 84 26 76 51 22 91 33 91 54 1 41 23 35 97 67 59 26 3 20 89 6 47 54 84 79 73 25 13 51 13 28 74 12 34 13 66 78 53 12 77 11 19 19 94 78 46
60 63 87 24 18 98 40 35 31 74 83 93 28 11 22 68 57 14 31 38 41 32 38 80 77 65 4 98 46 17 96 64 86 18 71 14 50 62 86 95 37 23 96 79 61 4 9 73 47 35 48 100 31 43 16 72 61 37 34 34 44 51 40 24 46 68 53 45 18 27 22 75 42 88 12 42 97 80 48 60
84 71 100 15 40 3 30 49 35 65 53 54 52 43 28 57 48 23 94 87 56 13 31 38 1 14 100 47 30 77 97 77 25 6 19 31 64 66 37 47 58 3 66 59 13 91 96 55 49 60 75 15 8 73 74 63 62 20 95 46 86 57 6 93 30 48 98 77 49 86 88 59 48 93 26 78 55 56 32 67
23 13 74 45 60 50 26 67 55 52 17 17 96 13 74 70 59 33 74 51 98 11 89 46 69 1 8 80 47 52 12 39 29 33 16 28 75 13 41 28 6 29 35 46 1 14 14 80 75 21 31 94 14 19 28 93 92 76 83 83 13 8 34 23 23 66 2 67 22 21 94 51 4 60 32 31 26 29 77 48
37 59 74 45 54 75 53 39 29 1 40 73 45 4 84 25 59 88 16 100 38 25 32 94 89 56 26 70 56 68 96 62 88 76 67 100 19 31 18 80 92 36 54 32 91 46 15 65 10 4 86 16 73 66 10 75 4 60 22 76 87 13 12 38 22 39 97 87 69 99 92 58 69 72 14 90 94 90 64 87
72 65 82 67 54 1 6 27 48 19 82 47 71 19 6 10 53 90 46 47 63 5 87 8 87 2 18 75 23 71 73 18 47 78 26 35 53 71 11 18 56 46 72 76 25 84 50 36 31 49 33 40 27 39 64 66 19 48 86 93 69 19 32 67 53 39 27 87 2 37 87 55 80 29 33 69 42 53 35 67
72 25 92 74 33 6 12 57 26 66 5 72 81 98 69 44 84 14 79 53 30 25 90 39 58 74 89 99 54 41 59 78 91 82 92 65 2 76 19 29 3 48 78 61 86 20 70 85 54 47 91 48 68 64 16 6 63 8 31 71 99 67 61 93 56 40 28 100 45 35 69 49 88 56 90 79 97 84 42 52
72 32 66 80 50 30 35 72 23 11 41 52 73 98 80 1 22 18 30 85 5 99 47 36 29 55 78 48 62 8 57 98 48 44 6 33 22 5 47 84 61 77 15 95 83 71 80 17 85 93 74 61 16 89 2 50 10 82 33 43 96 57 37 85 68 79 56 39 44 83 76 99 51 15 32 65 63 23 32 91
41 49 79 13 36 65 93 66 81 45 22 18 78 91 15 6 10 45 12 37 75 55 87 67 99 37 91 33 31 9 76 97 74 95 98 14 84 16 23 36 97 26 17 82 11 85 82 3 9 18 90 9 76 3 54 1 22 81 13 10 40 13 80 53 27 94 48 59 71 95 76 4 60 52 90 33 3 72 48 22
11 89 38 27 23 64 36 59 59 72 29 66 75 24 64 24 15 90 41 100 98 48 71 39 10 65 93 95 48 77 14 69 49 100 59 80 42 13 59 57 83 55 14 19 52 73 26 88 79 18 87 76 51 63 16 7 1 91 6 22 14 63 72 46 49 65 18 87 92 52 95 7 45 88 44 60 7 18 46 30
82 60 26 50 94 87 51 34 23 66 35 7 100 25 84 70 81 46 23 95 11 5 66 31 37 8 17 84 99 11 51 42 56 60 14 35 59 94 18 11 7 28 81 98 41 85 57 9 40 11 25 24 88 14 78 6 48 3 53 64 45 73 68 45 64 35 94 58 89 34 43 22 33 88 53 81 2 86 72 23
62 19 56 68 90 71 61 90 36 14 30 69 16 5 13 91 45 99 80 90 35 96 47 42 6 92 49 57 37 41 14 45 63 82 46 86 82 33 97 97 39 38 20 69 88 63 98 72 53 38 51 75 39 43 32 39 56 100 36 70 32 15 69 100 10 68 30 63 79 64 10 27 77 88 15 89 61 15 45 21
