20 80
16 52 4 57 60 41 17 70 54 9 42 32 30 61 1 8 3 38 37 66 27 39 25 2 26 21 36 77 10 22 14 62 23 13 46 6 53 0 74 45 71 44 69 49 34 55 73 78 35 72 51 12 15 28 63 48 11 79 40 19 43 65 29 47 68 67 18 50 7 59 64 75 5 20 58 56 31 33 24 76
77 51 47 8 1 2 38 24 25 31 74 71 19 40 39 52 67 69 35 20 59 6 56 29 76 66 50 46 65 58 72 57 30 55 33 0 43 68 79 63 73 45 44 78 53 26 36 3 48 28 4 23 16 10 21 64 13 22 7 9 42 32 15 12 62 61 49 54 14 11 37 5 34 27 41 60 18 17 75 70
58 61 48 19 42 55 5 33 0 45 27 21 32 24 68 15 51 9 69 36 25 64 34 43 1 46 59 75 8 66 56 77 79 23 72 70 20 53 76 73 2 37 16 7 4 63 3 74 31 54 67 57 26 6 62 29 49 17 28 18 52 13 78 47 44 65 38 22 39 11 60 71 10 41 30 12 35 40 50 14
11 72 29 20 28 41 51 16 77 0 31 43 69 53 70 23 50 67 47 7 27 8 32 78 34 6 18 74 44 24 3 15 45 56 60 9 59 48 73 65 36 68 75 4 52 79 22 1 61 2 76 30 19 40 33 21 39 42 71 37 17 13 58 25 35 64 54 46 38 10 12 49 62 5 26 66 63 14 55 57
16 46 52 54 55 57 33 0 9 29 67 37 76 4 5 12 41 15 69 36 50 39 48 35 40 68 17 51 70 19 49 11 59 79 61 74 28 21 44 60 58 62 43 78 75 30 14 6 32 1 65 26 10 45 42 3 73 34 47 7 56 31 27 64 72 2 18 24 23 63 20 53 22 13 8 38 25 77 66 71
75 56 51 47 41 30 65 53 33 2 11 34 4 8 20 46 63 19 44 36 76 21 59 79 69 22 42 7 57 40 49 72 70 37 14 39 71 12 1 48 43 38 68 5 55 62 50 23 28 73 77 6 24 26 67 78 3 74 27 17 0 52 18 31 45 35 25 29 58 10 9 32 66 61 13 54 60 15 64 16
71 69 60 63 5 13 4 62 47 43 51 38 66 15 41 21 16 65 10 19 17 50 56 18 1 25 32 26 27 73 58 6 45 11 53 70 40 36 30 42 8 78 52 34 37 79 0 3 54 44 31 7 9 33 35 68 39 59 14 61 64 12 76 20 28 22 72 29 55 23 67 77 49 75 46 57 48 24 74 2
60 25 3 5 38 18 56 48 77 39 8 52 28 63 2 22 40 13 69 78 31 75 15 36 53 59 62 70 37 33 6 35 45 72 16 55 50 17 76 32 20 0 41 51 4 58 43 74 7 61 24 65 26 71 46 68 47 23 73 79 49 42 21 64 67 30 54 9 10 12 14 44 29 34 66 57 1 27 19 11
63 18 7 72 19 66 13 5 77 31 68 30 24 17 78 73 42 10 15 54 20 33 35 53 79 8 28 60 39 76 71 27 61 0 50 38 23 40 22 26 70 62 65 16 3 1 6 44 69 47 55 9 12 67 56 2 14 11 59 58 41 75 29 43 25 49 52 36 32 45 37 46 4 57 74 64 21 51 34 48
8 73 57 31 60 74 25 10 47 63 14 23 2 35 40 27 13 34 49 56 6 39 50 30 65 0 33 1 66 68 58 32 71 42 26 46 5 69 28 77 54 75 37 38 62 17 53 19 59 43 70 41 72 20 61 7 78 4 44 45 52 55 29 12 18 21 64 9 15 79 67 24 11 16 22 36 48 3 76 51
44 11 46 57 18 66 38 6 70 64 8 27 55 4 77 7 16 60 41 74 23 19 22 5 2 20 40 48 75 56 51 76 1 31 69 32 25 15 35 0 54 37 61 71 49 24 47 10 36 34 39 72 53 12 26 17 63 43 59 33 14 50 9 13 29 62 68 42 52 45 73 28 67 79 30 78 21 65 58 3
72 31 43 2 3 36 29 77 75 61 65 0 28 48 58 21 26 20 9 54 6 56 47 18 55 1 34 16 51 11 46 76 12 33 4 13 30 44 68 62 57 49 17 52 53 60 22 64 5 23 79 70 69 15 38 14 78 63 19 67 37 73 27 8 74 10 39 66 71 32 25 41 35 50 59 42 45 7 40 24
47 11 58 14 76 79 57 27 56 16 70 61 17 31 33 75 67 25 73 21 41 69 24 15 2 63 34 39 44 13 35 49 5 4 6 54 45 29 52 42 1 62 8 10 9 48 23 60 19 66 46 50 12 40 22 68 71 55 64 30 38 20 3 51 77 28 0 43 36 78 32 72 18 74 59 7 37 65 26 53
50 34 6 22 56 49 33 35 75 61 72 40 73 65 39 7 17 30 48 47 46 11 38 14 10 20 54 77 26 45 3 44 42 8 60 0 68 76 28 41 71 21 12 53 55 57 74 59 78 15 16 37 58 31 13 64 36 67 62 4 27 70 79 24 52 32 23 19 63 51 5 2 29 9 43 1 69 25 66 18
49 1 57 12 27 55 44 13 65 68 43 23 47 61 56 64 71 3 63 38 0 41 4 2 15 21 53 30 14 79 29 72 40 52 48 59 73 39 54 25 33 77 22 26 17 62 6 24 32 69 34 45 50 35 37 19 75 74 46 66 11 42 36 28 8 70 16 9 10 5 58 7 51 18 67 76 31 20 60 78
21 17 79 66 58 34 59 46 20 64 62 30 41 40 12 56 67 22 5 47 31 75 42 71 19 68 10 61 55 27 15 44 48 25 43 74 18 39 77 78 8 29 36 63 35 76 4 9 45 37 50 11 13 23 32 60 73 6 70 24 65 14 33 38 51 3 49 16 52 69 26 57 2 0 54 53 28 7 72 1
70 54 32 47 37 2 6 34 44 69 23 42 55 71 7 72 12 74 13 45 27 40 46 30 4 43 0 22 16 29 3 24 49 67 18 79 59 26 41 39 38 68 10 5 66 73 75 28 77 60 64 62 58 48 51 56 8 31 76 61 65 35 1 21 53 19 11 52 78 57 9 15 17 14 33 50 25 20 63 36
57 24 41 37 76 7 15 19 73 47 53 63 54 9 23 4 2 5 62 27 8 20 26 10 40 44 38 14 51 48 56 59 65 28 58 75 0 43 36 55 52 17 16 29 1 18 11 30 39 61 46 34 68 72 67 45 22 79 74 12 42 49 35 13 64 69 71 66 70 33 3 21 25 6 31 50 77 78 32 60
71 68 1 53 30 20 7 45 14 25 65 66 33 48 35 38 19 49 74 44 67 16 52 11 58 15 50 59 34 28 37 62 54 46 6 60 75 43 79 41 78 57 27 32 26 3 5 21 12 31 29 0 73 47 70 22 9 24 23 36 51 69 77 63 40 4 13 56 55 61 72 39 2 10 8 17 18 42 76 64
47 13 38 2 76 77 68 35 53 46 34 11 58 21 50 79 33 62 32 3 16 18 78 5 61 31 15 19 9 12 55 52 4 8 54 20 63 39 60 40 72 25 66 64 42 69 30 57 75 43 23 70 22 41 73 51 17 56 48 28 10 1 44 0 59 27 65 14 74 37 29 7 24 36 67 71 26 49 6 45
80 94 70 44 27 61 60 57 8 36 70 94 53 94 22 68 64 98 40 59 4 3 84 61 15 75 85 93 16 88 54 76 35 52 55 22 3 83 87 3 43 2 1 83 18 17 54 36 13 31 7 13 61 97 88 81 36 93 26 53 74 6 48 9 51 18 37 84 89 23 43 90 17 18 3 55 16 74 33 42
11 35 21 93 64 48 87 31 35 23 63 91 74 18 72 96 15 21 91 77 13 12 41 20 46 9 92 82 44 81 53 97 18 71 17 45 44 96 91 38 13 8 99 20 90 31 7 44 95 11 93 80 5 46 75 36 25 10 96 18 72 6 89 44 78 12 94 35 62 65 72 56 31 95 9 53 36 22 39 88
62 32 61 55 63 22 40 25 4 58 30 42 14 81 70 59 9 10 26 49 63 35 28 31 100 94 34 96 12 28 42 88 34 35 20 27 98 75 90 71 64 79 53 4 74 36 62 35 61 65 51 91 41 98 24 22 23 47 46 44 69 80 65 24 73 77 1 28 64 67 2 77 4 99 58 45 99 71 8 51
69 87 18 5 75 8 13 4 100 52 71 78 39 12 65 82 25 12 90 35 55 91 53 45 93 22 11 40 70 58 18 1 42 43 94 72 73 87 1 65 29 40 19 84 77 54 1 30 80 49 65 48 43 58 46 32 58 66 56 43 70 72 88 68 74 27 13 34 26 4 41 51 32 3 54 1 59 64 67 59
32 29 64 29 52 46 15 46 10 45 63 24 3 89 53 38 30 56 72 38 52 31 94 5 20 4 3 78 83 92 84 9 4 29 43 95 98 36 17 80 92 58 97 42 65 39 11 62 56 90 94 3 10 62 21 29 65 25 22 43 53 3 95 18 53 15 92 32 6 73 92 28 94 43 6 55 17 99 91 80
19 26 83 15 63 63 30 46 92 17 39 82 52 13 75 4 73 74 59 79 64 69 15 83 39 2 100 21 28 47 99 47 3 88 62 30 57 71 36 91 2 22 39 70 2 78 61 37 42 85 49 45 85 85 78 16 39 9 77 75 5 25 45 73 31 73 62 18 78 56 61 32 39 77 78 28 13 45 42 15
87 89 19 46 64 37 26 31 68 15 92 18 37 31 66 8 73 74 49 51 97 44 60 66 60 87 19 33 97 15 53 87 7 61 75 54 35 11 28 39 53 63 4 81 30 64 30 7 20 87 63 17 38 54 76 92 15 77 51 22 27 99 96 22 91 33 93 1 47 95 12 96 29 17 10 7 69 83 4 80
64 97 96 17 66 15 90 63 59 33 46 77 84 95 77 55 69 71 54 27 70 34 98 63 25 14 21 46 98 3 78 92 86 15 65 12 25 18 80 22 4 95 5 10 78 81 54 53 96 43 12 30 2 15 90 35 20 60 73 33 33 86 46 33 62 86 12 19 55 53 21 16 42 64 84 33 77 17 95 46
70 25 58 31 57 51 67 20 38 81 95 93 20 26 66 65 81 39 40 98 71 89 30 53 67 27 39 82 5 49 73 52 27 42 29 24 73 58 73 81 51 3 15 56 10 87 86 23 80 35 28 63 74 93 68 75 2 16 95 52 20 35 48 42 81 13 100 55 93 1 33 18 72 77 17 99 68 69 12 79
10 38 33 1 45 94 69 72 99 65 77 42 29 33 57 21 5 58 9 67 37 61 19 17 12 61 24 61 32 48 17 35 66 77 34 67 98 84 70 89 74 68 86 69 90 82 26 30 48 65 16 50 89 99 65 65 40 83 93 96 28 17 58 51 12 33 56 14 92 64 88 8 79 21 24 3 13 66 40 45
75 41 63 74 71 96 24 81 96 18 30 95 51 95 28 79 98 53 62 39 39 35 43 11 24 2 81 12 25 37 19 12 44 80 6 58 93 86 77 84 94 70 89 61 27 20 18 58 90 87 92 32 42 53 36 59 16 71 37 60 3 52 73 72 16 100 83 60 96 39 31 58 100 69 97 48 92 25 7 78
74 35 15 46 78 38 59 8 31 43 98 21 22 55 13 74 27 30 5 79 47 49 92 100 59 77 56 95 13 41 80 23 78 91 84 74 11 15 94 80 39 91 82 28 47 64 70 44 55 56 76 60 70 90 44 79 43 73 46 12 37 40 17 41 55 21 31 14 54 16 6 45 53 38 5 74 55 42 8 59
8 70 64 7 5 94 42 44 33 70 18 47 39 30 5 61 6 40 25 43 68 30 32 60 33 47 68 14 80 68 29 66 81 16 70 21 57 29 1 4 63 22 62 81 100 74 27 12 39 4 70 67 66 84 61 81 65 37 29 71 65 99 88 71 99 36 97 90 73 80 28 67 93 43 32 41 31 63 83 86
95 3 14 39 87 95 75 12 45 46 46 50 90 66 1 16 80 76 53 78 29 24 53 92 74 52 38 33 47 99 95 69 95 75 41 41 50 67 38 35 8 82 29 5 14 23 37 80 100 71 15 40 11 90 42 54 6 34 1 51 7 74 60 31 41 64 7 18 2 87 99 8 67 93 91 31 73 37 78 14
62 75 75 62 99 72 23 28 28 54 2 3 3 83 50 1 62 49 27 42 77 46 29 14 7 35 24 94 94 59 25 20 49 32 41 7 51 94 31 95 99 80 1 43 88 7 23 47 93 19 26 2 30 41 49 83 28 7 98 30 97 6 45 31 39 19 90 14 25 22 34 57 5 87 28 27 39 36 79 17
98 4 21 79 44 31 25 41 31 16 81 97 49 44 95 53 12 6 62 87 17 94 40 57 91 57 19 8 56 99 43 48 50 14 86 24 53 40 57 51 51 11 71 8 78 63 89 6 2 85 75 73 27 80 84 85 40 58 31 99 70 16 5 23 79 89 66 43 29 13 73 94 61 73 33 99 3 27 91 21
68 21 66 31 13 38 96 52 18 19 78 74 25 26 98 6 46 33 67 71 35 83 9 57 70 67 100 17 65 66 22 46 77 12 42 17 7 100 68 57 45 31 15 27 49 87 3 18 87 69 27 92 100 80 94 33 18 90 38 63 80 49 89 66 97 34 43 84 75 73 74 34 45 99 28 39 90 100 71 64
86 99 27 78 54 52 96 35 71 15 81 16 37 49 10 38 92 99 35 7 8 29 39 10 35 54 83 31 30 76 81 93 75 77 70 97 89 4 89 5 14 1 6 75 65 65 86 19 27 55 20 30 69 2 27 29 57 6 40 4 12 84 30 45 76 59 25 57 26 42 16 7 89 4 31 86 12 34 100 8
29 92 54 7 96 39 93 29 28 71 50 56 4 11 3 54 46 12 16 86 73 63 67 89 75 67 20 27 5 41 91 91 71 42 63 49 78 93 67 31 96 96 1 19 48 40 38 70 12 88 38 40 52 31 99 33 36 17 99 45 16 72 11 56 66 80 63 9 53 5 47 7 78 78 49 80 76 82 32 27
72 87 26 86 88 53 26 18 81 26 52 6 93 25 3 81 79 28 8 5 64 1 14 22 57 15 100 39 63 17 66 75 30 73 41 53 83 76 68 58 86 58 68 45 11 82 40 6 69 50 13 80 76 52 25 80 56 63 92 67 58 24 69 62 19 5 14 33 57 99 7 16 47 92 1 72 82 75 45 65
