20 80
29 60 22 10 73 44 52 7 9 79 27 2 78 35 19 16 5 12 53 62 69 25 33 21 6 61 66 34 13 58 49 41 3 77 68 15 39 40 1 46 23 70 48 67 75 36 63 11 30 14 64 8 71 24 4 74 72 50 45 28 0 17 26 32 47 76 54 43 51 56 37 20 31 55 38 59 42 57 65 18
56 0 69 74 30 64 9 25 66 51 63 53 55 50 75 47 1 43 54 36 12 11 42 79 15 28 24 34 32 16 72 10 27 37 31 48 62 65 14 22 59 23 35 5 39 19 46 33 40 13 58 45 17 61 41 76 38 78 71 44 29 20 52 67 70 7 60 4 73 57 77 2 3 26 6 49 18 68 8 21
37 38 70 4 39 78 6 46 33 12 29 36 73 77 45 8 64 22 42 24 14 55 74 41 68 71 58 16 17 79 72 59 21 50 60 7 43 1 23 11 49 52 3 35 53 10 2 9 44 15 18 31 57 40 56 51 75 27 0 34 13 48 30 32 54 5 28 47 69 76 26 25 66 63 19 65 61 62 67 20
32 52 24 4 45 5 50 11 78 25 33 61 31 73 77 57 79 29 16 20 34 28 2 22 19 55 7 13 40 69 26 60 70 68 44 36 46 43 53 62 37 58 12 8 76 15 38 67 1 41 3 65 42 56 59 6 66 9 49 64 63 10 51 54 21 48 0 72 71 74 27 14 30 39 17 75 35 18 47 23
42 23 46 59 3 21 33 54 15 76 62 29 16 25 64 11 70 65 53 1 72 20 0 39 67 60 79 24 74 44 41 55 58 73 4 32 50 51 63 45 19 7 6 2 37 5 36 9 40 28 10 30 13 26 49 18 17 52 75 38 34 78 71 14 35 77 56 12 8 66 31 61 47 68 27 48 43 57 69 22
39 31 27 52 32 64 11 15 57 54 49 34 61 74 25 72 16 28 60 73 5 13 22 77 46 43 0 18 70 53 48 33 42 10 26 58 41 23 45 7 17 75 6 63 69 79 4 76 67 37 29 9 8 19 55 56 1 78 3 38 59 40 36 71 50 47 12 65 20 30 14 68 44 62 35 24 21 51 2 66
30 38 34 5 66 20 63 13 52 72 27 0 32 10 39 44 33 57 11 43 51 14 45 77 3 70 35 17 42 48 56 61 75 71 31 78 59 37 40 58 22 79 62 2 12 65 15 54 49 64 4 9 67 28 6 41 53 50 74 25 47 55 73 36 7 23 8 60 1 19 18 21 76 24 68 69 16 29 26 46
69 6 16 34 27 30 12 20 47 28 43 33 37 76 45 55 77 58 9 8 51 48 2 42 68 54 59 23 22 19 36 56 38 53 63 70 39 72 32 62 57 5 74 73 7 31 17 71 67 66 24 3 49 41 64 65 25 75 50 4 40 1 14 46 18 13 79 44 15 52 78 21 0 26 29 35 61 11 10 60
50 31 38 32 45 60 57 40 54 47 4 25 11 46 78 68 67 9 42 70 5 26 24 71 21 64 22 13 16 7 29 14 27 10 59 15 18 44 56 12 61 33 49 2 48 66 3 79 58 43 73 34 8 69 52 1 6 77 75 41 65 0 37 72 35 63 55 36 23 62 30 74 76 53 51 39 20 28 17 19
51 7 45 64 35 55 65 46 8 0 23 36 60 70 34 27 1 33 21 19 50 20 69 52 15 77 61 25 71 2 49 59 17 41 56 79 76 58 26 3 47 12 40 37 53 29 9 28 42 78 31 5 72 38 44 66 68 24 57 74 30 32 14 43 54 63 16 39 11 62 6 22 18 75 73 13 48 67 10 4
64 24 60 25 48 58 54 17 73 1 4 76 23 46 40 12 79 38 19 62 31 42 41 26 21 70 66 36 8 43 9 71 75 6 45 15 56 78 22 57 65 72 74 55 35 69 44 61 27 77 39 33 29 3 0 14 63 18 7 34 59 11 53 67 51 13 37 10 16 47 28 2 52 32 5 49 68 50 30 20
33 54 78 15 67 42 60 49 12 41 8 2 61 79 1 32 73 27 57 25 43 13 59 28 74 0 77 66 17 21 38 29 16 75 37 5 4 30 19 68 39 62 55 23 20 51 64 53 34 9 26 6 56 40 72 71 36 70 65 44 31 3 47 45 11 52 50 48 22 46 10 63 18 14 24 7 35 69 76 58
63 20 29 0 56 60 30 4 1 66 61 26 11 10 47 5 12 50 69 23 3 31 15 71 65 16 28 73 59 41 17 76 46 48 18 58 42 8 27 33 13 52 62 77 72 79 55 38 39 22 24 9 68 57 45 53 7 25 51 37 74 36 78 35 6 21 14 49 44 64 70 67 75 2 54 43 34 19 32 40
71 69 45 65 7 1 68 54 52 20 74 51 43 79 4 34 2 27 33 16 78 32 17 70 24 39 22 31 36 48 6 75 49 62 5 18 42 67 14 41 11 10 60 57 25 55 28 46 26 8 38 15 77 19 30 12 76 66 3 64 9 35 59 23 73 21 56 40 0 58 72 47 29 37 44 61 63 53 50 13
50 26 49 39 2 44 22 40 70 43 17 79 48 28 21 23 10 5 6 52 62 11 3 73 64 33 31 47 8 34 15 51 20 68 4 67 14 27 77 38 61 54 55 59 74 56 65 53 16 19 36 25 78 60 13 18 24 76 71 29 75 30 45 1 57 41 12 7 9 66 63 46 58 35 0 69 72 42 32 37
45 54 44 46 34 27 31 29 18 2 41 8 43 76 33 4 74 21 40 30 67 47 37 61 10 70 51 38 71 32 22 53 58 62 39 68 3 16 60 65 19 69 11 75 5 49 73 66 79 25 35 42 59 52 77 23 36 50 26 0 55 64 14 20 17 63 6 57 1 28 72 48 56 24 12 7 13 78 9 15
36 72 67 40 62 49 0 51 58 22 6 29 68 75 12 50 41 35 65 7 55 31 59 61 60 42 28 33 74 21 18 76 30 46 73 10 56 34 17 8 1 16 11 45 78 70 15 63 32 2 44 13 38 37 48 26 66 9 43 20 71 27 4 54 24 19 5 79 3 52 25 57 23 47 39 53 69 14 77 64
34 75 0 17 21 35 32 38 45 15 48 78 13 30 10 40 8 18 77 11 60 47 64 53 42 37 28 69 73 39 44 62 59 6 2 57 25 12 24 71 3 58 50 20 66 43 67 41 68 65 31 36 9 22 51 26 63 72 49 33 19 74 76 79 23 61 27 54 29 52 5 16 1 46 70 55 14 56 4 7
7 58 47 26 29 0 21 69 3 70 8 45 51 16 36 79 54 75 9 38 23 11 67 59 28 49 74 66 32 71 78 14 17 22 50 57 12 30 68 76 15 42 44 37 1 43 40 19 62 48 39 60 27 61 31 52 72 13 63 64 55 2 24 41 46 34 56 10 4 25 35 53 65 77 5 33 20 18 73 6
61 30 0 45 4 25 59 79 69 16 55 64 2 34 67 38 15 52 35 27 21 48 36 24 66 28 41 73 56 37 77 65 60 68 70 76 40 44 51 8 5 43 42 47 39 3 71 31 12 63 14 13 54 19 33 17 49 46 22 57 53 62 20 26 10 74 6 11 9 32 75 78 1 29 72 23 50 7 58 18
26 89 67 88 29 45 91 84 39 56 4 10 41 87 90 66 96 91 83 52 74 35 32 60 48 77 54 88 93 21 86 15 74 96 18 36 43 26 86 85 85 36 19 79 91 3 72 42 41 2 74 98 29 28 55 51 2 69 1 76 96 38 16 62 69 92 12 5 100 26 65 32 94 80 44 29 100 73 43 20
95 37 24 79 77 23 36 83 85 66 77 75 90 56 48 80 99 97 60 83 67 45 62 38 65 71 86 6 41 75 90 74 50 90 42 37 19 30 55 19 39 95 39 10 38 31 91 11 60 97 83 88 26 27 81 62 40 54 89 32 55 41 100 87 81 95 17 76 55 9 47 70 56 89 7 72 9 22 64 18
46 13 20 4 93 97 22 98 30 49 62 10 36 74 40 10 18 81 7 34 95 100 28 57 77 15 6 28 66 74 43 33 4 40 49 4 100 54 86 87 88 27 96 84 14 77 91 53 91 39 72 70 100 79 20 73 25 59 2 44 9 5 3 99 46 42 51 52 2 72 15 6 77 78 91 33 5 30 53 64
35 85 24 13 26 53 85 33 43 43 18 28 89 3 82 40 12 35 54 6 39 34 59 27 90 32 43 35 3 9 7 13 84 16 63 52 37 13 44 85 83 62 45 72 98 38 26 75 96 25 9 29 45 80 92 69 43 20 21 22 21 15 96 79 77 81 27 8 71 83 68 18 55 63 34 56 29 90 46 56
22 48 86 15 88 94 44 28 71 36 45 13 29 20 39 8 27 53 70 84 89 8 79 76 32 7 78 14 18 13 88 63 59 60 63 1 86 3 43 61 71 76 81 55 18 29 6 32 96 63 18 49 85 49 7 28 68 60 70 96 18 11 19 91 47 47 27 20 61 37 32 89 50 89 75 12 94 11 62 84
81 36 45 27 25 34 51 21 3 29 14 46 31 11 22 26 47 34 28 92 3 48 83 54 36 97 1 91 71 23 19 44 60 38 92 38 98 83 38 99 40 88 98 15 57 57 65 28 97 53 67 60 36 6 96 33 86 73 95 54 36 36 25 84 19 65 64 31 3 64 7 41 20 57 7 10 30 95 58 49
68 52 83 19 54 97 21 79 70 10 40 100 55 10 40 75 5 30 30 41 64 34 61 5 100 80 38 76 24 76 46 90 69 85 53 70 92 26 5 11 44 33 45 49 78 22 96 74 41 44 32 56 68 80 13 79 46 38 77 39 4 41 66 21 7 30 43 48 79 98 29 13 61 76 51 31 16 79 30 39
9 82 23 73 63 51 58 77 12 76 32 99 10 46 69 21 31 69 5 51 19 66 78 39 66 74 80 23 66 49 75 61 3 30 4 19 93 38 90 81 70 23 22 18 16 93 70 76 30 56 31 16 16 7 22 36 65 29 26 50 87 60 91 30 19 41 27 68 48 70 31 48 52 37 9 85 79 47 85 38
23 4 17 56 43 42 4 62 56 27 34 94 88 77 26 62 43 61 8 35 100 61 73 80 62 39 90 85 75 7 18 54 98 58 43 65 6 90 62 5 88 16 3 12 88 62 53 40 3 29 38 22 85 49 58 15 81 97 79 34 34 53 10 72 67 45 43 43 41 71 9 41 43 17 32 54 89 86 53 34
17 3 58 57 6 89 54 25 1 4 22 85 31 43 6 46 65 47 56 60 91 1 75 73 14 28 14 100 63 90 54 52 33 83 68 40 59 51 2 82 13 85 42 58 99 88 37 98 81 77 94 49 89 100 92 10 80 28 22 13 45 61 23 65 95 27 74 83 24 13 76 24 32 56 83 47 83 82 58 65
79 94 57 59 80 77 29 23 54 7 93 82 36 66 80 26 32 96 17 51 46 65 95 48 64 29 82 54 74 9 33 75 91 82 32 66 15 9 57 97 13 2 64 38 49 25 9 79 32 84 85 65 83 16 93 76 63 90 89 86 32 83 39 69 6 63 72 72 52 44 32 8 96 64 19 11 89 30 87 68
29 97 87 35 71 13 89 90 28 27 81 10 19 1 80 55 94 47 47 16 71 9 68 88 15 76 8 13 16 65 94 82 4 18 5 61 17 94 84 92 95 50 73 66 20 99 53 60 88 22 29 41 50 94 91 9 35 55 74 28 94 77 25 92 60 46 50 12 8 86 19 58 95 21 82 30 30 2 62 40
28 31 49 33 52 24 14 94 99 24 25 91 44 6 45 30 10 10 35 88 85 63 32 30 58 89 66 41 24 96 87 5 54 65 60 87 80 38 6 83 33 42 86 96 84 26 53 72 15 76 9 72 75 75 91 6 38 36 58 44 32 42 86 100 10 14 55 93 35 80 32 54 81 16 21 59 49 22 88 25
93 8 92 55 95 26 12 30 34 78 9 92 7 13 19 2 76 25 12 13 32 56 64 1 67 98 14 75 87 14 84 41 48 34 70 84 50 94 70 83 27 18 30 48 87 92 52 18 55 55 86 42 8 47 4 27 36 28 92 51 47 13 91 39 11 39 78 62 48 65 68 30 89 47 99 17 73 66 54 21
4 34 21 29 84 66 67 94 34 75 89 77 76 9 56 87 46 65 98 55 78 97 3 84 45 92 70 15 2 85 6 86 70 95 82 63 89 72 23 70 68 98 88 20 22 64 49 29 82 32 57 32 58 59 20 18 24 85 44 74 39 54 18 22 17 8 67 19 26 90 36 86 13 32 49 43 82 60 38 97
90 90 37 43 23 28 26 10 82 21 85 70 38 96 20 34 69 16 26 30 45 8 66 80 69 87 35 11 46 11 29 39 39 23 48 2 12 54 59 61 15 86 11 2 56 47 13 41 31 69 63 96 49 54 26 27 95 85 1 6 29 99 84 22 19 38 63 21 100 45 27 6 24 92 87 27 96 56 46 92
62 22 94 27 30 85 11 17 18 56 32 51 60 10 17 12 8 17 56 5 98 46 12 46 13 77 51 24 61 77 39 72 29 32 20 74 24 95 44 49 24 74 92 84 96 87 53 82 44 72 14 96 47 41 64 23 97 6 40 40 50 78 40 51 55 41 28 74 70 36 52 86 59 93 61 58 48 76 27 94
72 47 71 37 44 48 31 91 38 9 9 44 19 55 35 19 77 88 64 26 99 11 64 13 49 17 94 55 4 57 19 99 53 90 67 11 44 11 40 74 37 88 56 96 77 43 94 14 71 42 39 77 70 49 23 34 91 91 33 72 26 84 60 86 34 9 99 1 16 51 8 66 10 42 62 50 33 49 38 5
94 16 41 47 37 11 66 39 100 82 48 86 56 39 87 80 96 2 81 81 25 89 76 64 48 20 2 2 50 46 94 31 20 76 75 95 53 4 41 49 87 5 69 15 59 66 90 96 56 50 3 44 39 64 66 31 33 41 45 47 66 1 89 15 88 68 17 6 14 30 39 31 28 97 19 8 25 42 78 17
26 67 79 55 39 76 88 11 1 86 72 78 84 86 44 88 95 66 62 69 16 66 93 34 1 89 42 99 54 15 58 31 53 51 21 57 23 4 49 67 88 22 77 73 62 99 5 29 57 27 93 92 41 76 62 27 93 38 92 70 72 87 92 100 14 88 15 32 4 65 37 67 68 25 9 93 33 49 38 26
