20 80
17 61 33 65 63 28 15 29 11 32 79 39 42 38 47 54 45 5 64 35 78 71 4 56 46 55 44 58 3 18 43 20 22 14 36 60 77 25 9 16 48 34 6 75 59 21 73 30 41 74 69 1 8 31 23 13 72 12 27 57 49 24 50 26 67 68 70 7 37 2 76 0 40 53 10 66 52 19 62 51
37 64 29 27 59 49 13 65 52 69 54 24 34 58 11 17 6 2 57 47 70 62 72 50 63 12 39 51 61 5 71 22 21 76 45 55 25 10 15 8 7 33 68 1 3 40 20 79 60 56 66 77 30 16 78 28 74 73 38 19 31 26 46 48 67 35 14 36 0 42 44 9 32 43 18 41 23 4 75 53
46 58 24 57 52 54 1 7 41 79 14 48 68 43 35 4 63 65 15 17 12 42 72 21 37 55 71 75 29 22 26 73 6 8 76 39 49 64 34 50 33 69 38 23 61 0 10 66 28 77 19 36 45 5 70 16 32 60 11 56 31 74 27 47 20 59 44 2 3 62 53 40 18 30 9 67 13 78 25 51
17 78 4 21 77 36 42 33 53 40 68 76 8 69 55 23 44 11 29 20 75 43 28 5 50 52 62 47 26 35 41 18 12 61 71 45 19 51 9 48 7 16 10 1 64 30 14 66 46 67 57 38 15 63 25 27 59 58 70 13 0 72 54 74 73 2 60 37 56 24 6 34 31 39 79 22 49 3 32 65
74 11 3 7 26 76 55 49 67 29 78 63 21 43 53 6 15 71 41 77 23 61 25 45 27 66 57 20 38 47 51 28 58 60 59 42 14 0 65 64 69 46 39 2 34 10 4 32 56 52 75 8 1 62 50 73 33 13 22 9 37 5 40 30 24 16 35 48 17 70 19 31 68 54 18 12 36 72 44 79
30 35 15 5 32 1 46 11 16 7 3 13 76 67 70 20 72 19 8 24 71 4 59 17 64 78 0 26 18 69 55 12 6 22 45 23 10 34 79 58 49 51 39 36 66 63 50 61 27 74 37 53 75 9 28 77 14 42 21 25 57 31 33 29 54 40 41 48 44 2 47 52 68 65 43 60 62 73 38 56
30 26 50 36 59 53 28 56 2 9 64 69 41 60 19 63 65 70 73 48 61 29 44 11 20 45 17 78 58 31 37 67 1 43 13 57 34 3 47 15 22 16 40 4 24 38 32 23 0 39 75 21 51 72 77 54 6 7 5 62 33 79 42 71 14 27 52 55 10 8 25 66 68 49 76 12 35 74 18 46
56 65 70 35 67 37 11 10 3 34 40 6 8 43 69 62 44 58 41 9 53 72 29 25 38 19 60 18 1 27 79 14 4 31 2 5 17 48 63 47 16 39 28 55 0 74 23 71 52 22 49 20 26 15 32 57 61 7 75 54 78 12 46 36 42 33 45 73 21 76 64 77 66 59 51 24 30 13 50 68
42 29 70 73 56 60 45 78 65 66 35 34 7 31 32 46 6 10 21 61 59 13 62 38 41 79 17 0 63 57 74 75 5 14 4 18 26 43 67 12 68 22 71 16 76 33 37 72 69 28 77 20 55 1 3 64 52 9 11 44 23 39 27 51 2 8 50 48 47 53 49 19 54 25 24 15 36 40 30 58
60 63 64 44 10 42 62 30 50 78 40 25 16 76 6 20 2 51 19 23 3 21 13 35 77 4 49 5 65 79 22 17 71 72 67 39 46 55 61 32 66 31 24 43 27 69 47 52 1 8 26 28 59 0 45 54 38 11 18 34 7 48 68 14 58 41 53 57 29 56 74 9 12 73 70 37 36 75 33 15
70 71 61 45 63 6 16 8 39 62 36 42 9 67 50 49 73 52 53 11 0 75 72 27 4 74 64 38 48 24 31 40 2 57 21 29 37 18 19 33 78 5 30 56 34 14 3 65 79 46 32 15 25 20 41 55 7 10 51 44 13 66 68 59 26 28 77 17 54 35 60 69 76 1 58 43 12 47 23 22
45 0 11 78 25 79 4 40 43 71 48 34 28 42 26 37 22 31 29 2 63 12 21 39 52 77 36 32 47 5 76 58 38 16 56 49 68 15 61 64 20 27 44 1 7 19 55 67 53 72 60 24 17 70 69 65 74 9 75 66 50 23 62 10 54 57 13 33 59 51 46 3 18 30 6 73 14 41 8 35
4 55 52 47 22 17 21 39 72 56 71 34 32 63 68 7 54 48 50 41 1 5 30 23 15 78 43 8 76 26 18 11 59 35 74 38 28 16 65 9 77 37 31 66 69 40 27 79 20 67 29 45 44 75 0 46 3 70 2 53 14 73 6 36 25 51 13 61 57 60 42 10 33 62 24 49 64 19 12 58
78 17 74 23 16 15 77 49 66 8 26 1 70 47 79 73 38 72 61 19 50 30 44 64 52 2 53 46 54 25 60 27 36 29 12 4 63 7 33 35 21 5 37 11 3 59 62 39 76 41 14 45 56 24 69 65 55 58 28 0 20 43 13 34 9 57 51 6 71 48 10 22 67 32 68 31 75 18 40 42
9 18 69 74 21 78 47 61 1 65 46 67 56 41 16 62 43 10 64 71 76 75 77 35 26 39 63 58 66 5 73 60 52 72 25 2 55 14 50 28 17 7 20 57 34 37 40 42 54 38 15 68 4 32 59 48 6 24 53 33 79 23 8 49 31 30 19 36 44 29 27 51 45 22 12 70 11 0 13 3
22 25 76 52 45 30 4 5 7 61 27 16 17 46 38 24 51 65 23 35 63 8 3 53 64 79 36 18 0 15 2 60 37 42 39 78 12 69 72 48 14 59 75 68 41 11 54 10 29 70 26 9 40 32 56 62 13 74 47 44 20 71 67 77 43 50 58 66 19 55 73 33 57 28 34 6 21 49 31 1
12 79 52 40 5 31 72 49 55 13 6 22 58 3 2 60 30 36 35 0 1 15 37 10 24 23 33 54 59 34 61 9 8 41 38 74 32 76 4 46 69 14 7 16 29 27 68 50 47 65 48 26 56 21 11 73 63 53 75 78 45 77 17 51 64 18 42 28 44 19 66 67 70 62 39 57 71 25 20 43
23 33 53 12 10 63 14 3 0 42 31 55 15 32 45 46 70 25 50 27 76 28 66 18 40 37 29 24 1 52 54 16 74 43 26 75 19 69 59 2 11 79 34 65 35 9 77 7 47 78 49 51 64 60 39 36 38 6 57 17 13 5 67 20 56 22 72 4 44 41 61 71 21 8 68 62 73 30 48 58
4 50 30 41 53 35 42 23 68 71 33 40 27 51 39 54 70 3 29 46 10 17 45 52 43 55 26 19 14 34 65 0 56 13 64 28 62 49 11 44 21 9 38 12 57 48 1 73 32 61 37 59 20 60 8 18 67 79 15 36 63 6 7 2 76 16 58 74 31 47 75 22 72 24 66 5 69 25 77 78
64 72 60 51 69 29 40 5 28 66 68 24 27 35 14 34 46 75 12 50 59 25 16 1 33 17 44 18 6 76 53 39 38 0 9 30 55 65 7 19 21 23 31 57 10 36 22 63 61 37 42 54 3 71 11 67 49 26 73 32 45 41 2 47 8 78 48 13 62 20 79 4 77 74 58 15 70 56 43 52
57 36 21 67 67 60 42 6 9 90 15 32 54 32 58 92 22 4 53 14 7 60 26 34 41 1 38 3 37 35 97 31 17 73 92 25 9 51 53 37 16 48 20 14 46 85 32 44 8 52 79 62 11 72 18 5 28 29 15 68 91 1 56 22 90 23 18 95 14 16 79 30 9 21 62 15 78 99 86 99
80 53 13 37 31 67 56 48 59 87 91 15 67 72 94 92 5 1 88 70 73 90 44 29 74 8 46 51 13 19 26 66 79 81 50 5 69 66 14 40 61 4 7 20 18 10 22 99 57 10 17 96 59 4 4 53 31 55 32 5 83 14 93 76 99 79 46 51 78 47 76 19 40 30 88 8 76 13 65 5
30 19 42 6 83 47 69 92 66 75 94 67 32 97 1 10 49 25 74 74 96 19 30 8 24 29 62 59 32 89 57 94 93 73 97 80 39 5 30 13 12 92 96 74 77 34 69 83 41 8 85 71 35 100 8 24 48 49 56 12 16 22 52 98 68 8 81 48 51 85 8 72 71 22 72 68 34 94 50 3
40 36 60 31 59 16 76 9 39 1 70 21 65 75 26 70 83 48 15 10 8 19 8 19 26 88 38 5 9 14 31 28 58 61 96 15 55 62 39 39 63 2 69 71 1 36 29 29 32 73 4 60 21 27 71 39 97 70 55 73 47 12 55 18 81 100 67 19 93 76 81 95 80 45 37 96 11 78 16 40
13 51 11 7 88 1 66 94 95 19 84 58 34 70 53 78 73 99 35 82 37 34 5 84 73 84 82 22 97 43 42 86 30 31 75 67 94 28 42 37 79 18 66 33 48 60 16 1 85 38 34 61 2 25 70 91 57 79 86 16 33 66 2 62 50 52 23 32 51 35 39 4 54 60 52 38 53 88 4 85
52 53 2 16 4 91 5 13 87 88 70 73 1 71 55 27 9 13 5 47 71 66 89 50 57 7 23 38 61 80 1 70 69 16 73 1 18 65 97 63 100 34 88 5 96 18 100 70 60 77 44 44 42 90 11 9 37 6 68 90 33 82 69 32 5 95 43 52 22 79 12 7 32 81 18 11 5 37 12 31
89 32 11 64 80 95 17 75 97 49 40 13 73 4 43 34 97 8 45 30 30 91 100 42 81 16 54 34 28 16 99 98 53 89 70 70 100 68 39 88 79 72 53 58 40 90 24 50 40 59 8 31 60 48 39 11 44 32 72 31 92 71 65 52 19 87 16 74 67 39 34 23 38 100 22 9 42 23 53 65
47 38 53 60 96 83 83 38 36 47 71 54 56 51 55 85 46 86 60 86 87 41 49 34 78 13 56 19 58 87 83 34 71 20 47 43 78 25 96 51 37 85 90 55 68 89 29 42 89 58 79 67 72 8 85 99 38 38 79 39 89 65 46 76 25 18 96 24 78 62 73 26 7 15 42 94 87 43 98 63
20 21 79 65 30 72 13 65 100 19 82 92 56 23 95 13 56 47 89 11 36 3 31 21 78 37 15 2 57 43 39 54 36 36 27 77 84 79 40 4 64 60 65 86 87 30 40 87 52 55 46 79 95 3 57 63 72 62 55 82 98 90 56 87 62 26 83 30 41 48 27 54 36 24 44 67 20 39 19 23
62 77 22 28 78 6 6 26 11 15 41 2 15 71 14 50 21 74 58 98 11 52 76 18 37 8 76 64 63 59 74 94 28 45 67 84 100 14 93 81 49 91 75 44 77 86 3 15 23 43 80 70 74 78 67 52 68 6 22 46 96 33 50 50 89 87 99 78 68 47 9 93 50 49 31 84 46 2 27 47
21 67 39 40 96 51 5 83 78 65 86 68 47 79 72 23 3 46 1 17 95 52 10 37 7 79 56 100 48 47 8 69 92 6 12 54 86 56 71 16 55 52 36 60 34 72 41 6 4 47 72 21 47 100 99 55 62 15 84 35 72 50 75 23 54 67 11 49 51 6 13 50 14 41 50 12 11 39 50 58
95 83 13 45 79 71 54 32 73 68 79 20 3 34 48 22 9 73 33 91 80 41 19 100 53 98 59 91 37 21 100 23 88 94 10 56 36 99 61 12 44 69 76 72 46 65 40 40 34 16 57 97 93 100 44 9 12 77 95 74 85 77 84 37 86 37 7 12 92 51 97 40 45 61 97 10 10 15 97 27
37 84 67 7 73 68 17 11 70 62 73 64 70 83 60 9 82 23 42 56 29 15 25 89 99 36 16 36 79 93 31 99 63 58 8 94 64 20 88 40 30 18 1 24 31 47 9 80 44 36 60 46 28 37 25 69 1 100 1 66 42 51 29 86 34 99 71 33 6 15 91 52 45 7 4 36 95 26 36 67
51 49 38 73 59 90 76 36 70 18 14 23 13 1 28 66 84 36 86 18 3 69 75 54 34 30 14 41 47 41 55 81 48 50 94 27 23 50 19 35 95 40 94 42 46 39 57 48 35 42 73 50 85 97 9 52 11 35 21 29 97 29 6 12 55 85 77 56 10 76 25 80 93 23 90 14 97 9 75 28
15 28 99 18 1 65 21 62 71 86 30 37 59 93 88 96 40 51 60 9 90 85 14 31 58 56 64 30 86 29 92 37 99 9 23 100 98 61 89 12 11 55 15 85 27 99 53 52 78 32 76 55 52 27 90 17 17 83 99 76 2 81 29 12 16 4 49 30 82 50 21 90 98 42 49 28 10 84 82 21
28 82 17 71 76 49 16 37 100 75 52 65 25 49 67 82 59 98 21 30 11 43 35 81 80 55 30 6 62 55 48 58 8 36 29 11 45 67 31 9 53 47 31 69 30 16 75 49 47 29 99 42 39 74 77 61 12 32 59 79 47 38 73 21 16 31 81 29 15 25 8 58 87 53 1 16 3 63 26 15
71 23 47 86 49 9 23 87 36 92 27 5 38 68 94 1 11 52 62 12 68 71 91 38 62 11 19 89 63 52 32 9 15 87 21 6 42 25 15 90 55 5 25 64 61 59 67 50 92 36 50 67 61 58 91 99 22 51 45 77 40 44 62 61 78 59 64 5 77 65 17 57 24 79 65 34 98 80 7 60
95 37 74 65 73 90 24 87 77 82 37 35 53 49 62 74 24 36 21 91 26 90 93 63 35 66 85 24 35 36 49 39 68 24 59 76 76 82 25 16 1 56 14 89 60 16 7 15 26 3 26 88 62 66 16 79 44 3 68 62 5 81 50 43 93 79 80 96 51 77 11 93 53 88 58 45 49 44 55 68
43 80 40 12 64 49 75 13 7 19 64 22 84 72 91 50 5 74 11 35 46 80 23 29 21 23 32 75 59 84 11 18 84 56 74 32 89 49 47 29 36 89 22 96 48 90 1 82 50 84 9 35 30 25 44 26 20 19 78 76 93 26 37 75 54 19 3 32 11 27 36 17 39 23 85 78 89 4 95 42
60 80 37 9 39 86 50 64 9 78 67 13 87 13 42 36 22 50 10 39 13 71 4 90 34 80 21 7 87 72 72 12 10 32 53 97 13 85 22 36 40 26 50 63 1 54 93 46 91 93 97 65 10 92 67 91 78 72 35 36 9 6 95 92 13 26 50 24 75 28 35 49 18 65 91 51 99 63 18 83
