20 80
61 18 72 49 47 13 57 26 50 59 8 21 0 17 24 12 73 74 52 23 7 5 45 67 60 10 16 29 37 78 70 63 3 56 27 65 40 2 34 68 6 42 48 39 41 58 77 36 46 76 55 38 22 43 33 79 15 9 71 4 75 25 51 1 66 32 69 11 30 64 35 28 19 53 54 62 14 20 31 44
70 39 55 15 50 28 14 30 54 75 23 34 19 72 59 77 27 42 38 36 63 3 41 40 47 60 11 58 17 66 22 12 73 61 31 52 29 43 33 1 0 79 2 13 7 18 74 25 69 35 62 48 49 76 9 10 21 57 44 45 26 64 46 71 20 65 53 16 56 8 6 68 5 37 78 24 32 67 4 51
62 61 30 22 38 29 45 26 17 0 70 15 74 50 24 64 71 46 44 6 4 19 7 57 63 65 37 58 52 12 34 48 72 66 21 75 43 20 14 73 1 3 40 9 68 27 78 47 31 41 55 36 76 54 77 33 23 39 13 49 10 60 79 42 59 28 5 35 25 16 67 8 18 2 32 53 51 11 69 56
49 14 23 11 60 50 35 20 7 16 1 25 4 68 72 76 73 5 18 78 61 6 34 55 9 45 32 46 67 37 71 58 54 30 42 77 44 66 74 57 79 22 33 13 36 59 8 56 48 24 43 31 38 75 0 70 40 29 10 69 64 27 26 39 47 15 17 63 3 19 53 2 51 65 41 12 62 28 52 21
70 10 18 12 15 45 1 57 68 53 75 39 38 79 37 28 43 40 20 9 22 32 76 24 63 7 30 0 58 27 66 21 73 29 65 61 49 2 59 71 26 69 51 6 74 8 42 56 52 11 47 34 55 60 23 41 31 50 62 46 33 19 44 72 25 3 67 77 5 13 14 16 36 17 64 48 35 54 4 78
31 70 52 24 3 48 64 58 25 8 2 67 0 30 38 60 73 20 40 10 6 61 9 62 5 51 77 39 53 71 1 59 66 33 43 75 78 44 21 15 23 63 68 36 47 49 42 18 4 19 74 34 35 69 41 55 57 17 50 26 37 11 79 14 56 54 28 7 29 76 12 46 16 72 32 27 22 13 45 65
24 3 26 5 51 57 77 27 75 17 6 8 16 37 19 23 78 56 67 7 1 54 30 71 38 22 29 44 4 55 13 14 63 59 25 74 0 36 58 2 43 28 9 18 70 33 68 62 64 66 39 11 40 65 76 73 48 69 32 79 12 34 41 45 21 52 31 60 72 50 42 20 10 49 53 15 47 46 35 61
14 76 55 3 78 39 13 69 19 23 66 61 44 54 64 77 12 73 45 25 28 32 5 11 33 47 9 4 46 67 38 18 40 15 56 8 71 37 10 21 53 0 16 72 49 58 74 65 50 51 59 79 31 30 20 2 62 24 41 22 52 29 43 1 36 48 35 6 17 63 60 27 26 7 34 42 75 57 68 70
38 75 73 37 22 63 62 34 7 59 72 49 9 78 30 58 64 12 76 20 35 4 33 26 13 50 71 74 56 14 21 6 46 8 54 1 43 18 67 57 47 48 45 42 24 23 41 52 29 60 61 51 31 40 36 65 53 5 69 39 2 66 70 16 17 79 3 55 19 10 27 25 28 68 11 0 15 32 77 44
39 5 58 47 25 51 71 50 22 10 37 56 42 35 67 20 73 69 70 68 17 32 62 44 15 54 53 1 65 19 64 7 38 52 27 33 49 48 21 59 61 0 18 28 14 74 11 6 41 2 26 9 16 45 8 40 77 36 60 23 31 3 13 72 79 76 46 66 12 75 55 34 4 63 57 30 24 29 78 43
29 66 15 26 11 52 72 25 39 0 67 3 50 47 62 7 48 57 65 40 49 64 20 1 9 42 63 75 58 59 10 78 77 33 69 34 54 61 30 21 44 45 79 35 4 8 51 27 36 41 28 70 31 2 32 55 17 22 73 60 6 23 56 5 16 14 46 76 18 12 13 37 38 19 74 71 68 53 24 43
8 3 76 68 50 69 64 72 11 41 73 38 33 35 42 15 27 52 30 20 2 58 67 54 29 46 26 4 77 44 55 32 14 24 48 34 71 74 36 66 40 59 37 28 60 23 19 78 22 25 79 7 65 10 18 31 56 49 39 45 53 12 21 1 63 5 16 51 13 61 6 47 57 9 75 70 43 0 62 17
64 17 44 50 43 45 58 75 72 42 41 5 59 56 49 60 15 3 27 63 26 22 25 79 8 4 74 77 0 32 35 68 19 21 46 2 7 33 40 9 12 13 39 38 14 31 61 65 6 30 37 11 47 70 23 29 73 18 76 54 36 51 69 10 20 24 62 28 48 1 57 67 52 53 16 66 71 78 55 34
65 41 67 20 50 58 6 14 17 35 3 44 39 68 48 46 66 12 21 45 69 29 78 42 60 62 1 16 74 30 72 70 7 18 2 55 0 19 61 31 56 10 13 43 36 51 59 27 8 52 5 73 79 28 64 77 22 49 71 24 54 75 26 23 9 32 37 4 15 63 34 40 33 38 25 76 57 53 11 47
76 65 33 55 7 6 64 30 58 48 19 20 12 2 73 31 47 37 53 56 16 28 70 43 41 71 29 57 77 3 15 40 46 10 78 18 34 63 51 38 8 14 69 32 21 1 79 9 59 24 72 23 42 45 35 17 39 26 62 74 5 60 27 22 11 13 67 75 52 66 4 54 0 61 49 25 44 36 50 68
39 15 75 28 45 50 14 38 51 2 47 56 34 6 31 68 1 40 41 37 61 53 30 13 25 4 9 22 58 46 24 33 71 18 76 55 72 66 26 52 29 19 11 59 67 43 79 69 73 77 27 63 23 49 57 74 7 10 42 48 64 60 70 35 32 16 36 12 3 62 65 17 54 5 0 78 8 21 44 20
50 8 10 29 55 20 27 9 5 25 58 24 3 17 0 7 13 12 64 41 4 23 70 46 72 57 53 30 67 78 44 75 61 42 49 59 19 77 33 35 11 71 54 34 26 6 32 79 38 63 14 52 2 22 16 69 43 31 48 60 28 73 45 21 56 65 39 62 51 1 40 66 36 76 68 47 18 74 15 37
39 31 34 54 47 17 20 40 50 32 76 30 63 1 18 69 41 67 21 57 61 5 6 28 37 35 7 51 14 2 71 26 38 75 77 11 43 62 58 19 46 78 36 55 10 16 59 64 42 22 66 73 74 4 24 60 45 9 44 23 12 33 8 68 27 13 52 65 25 29 70 72 79 53 3 48 56 0 49 15
18 67 34 63 20 41 23 21 33 49 52 30 3 65 66 38 26 61 6 48 32 77 69 46 12 1 9 17 72 7 27 50 5 14 56 15 13 31 36 53 60 25 47 39 8 70 28 51 59 68 44 22 43 58 35 40 37 10 19 0 11 42 55 54 16 79 73 74 4 75 62 24 76 45 2 64 57 78 71 29
59 46 24 37 76 74 7 40 17 29 65 69 8 28 57 73 2 71 38 25 22 48 62 34 53 50 11 30 15 43 47 31 13 1 72 44 12 66 78 21 56 68 5 18 55 60 75 27 35 33 42 14 39 79 52 0 58 61 26 6 49 41 70 16 19 63 51 67 4 3 45 77 10 20 9 23 32 54 36 64
83 85 1 28 5 49 60 97 85 70 94 23 62 51 20 83 96 34 83 87 55 53 86 45 90 16 19 93 34 87 36 36 72 75 40 9 25 8 43 76 11 32 59 20 90 69 62 96 31 81 4 47 77 25 26 56 27 32 90 36 6 20 80 8 73 3 34 68 68 9 5 54 92 57 32 47 89 93 89 88
86 32 28 57 21 84 63 66 53 5 96 98 45 47 19 46 29 68 91 22 61 65 98 94 5 25 43 78 10 82 57 74 96 79 86 50 38 99 76 41 9 64 70 74 50 6 56 60 21 69 37 71 86 23 81 35 61 52 7 63 38 69 16 4 24 67 43 29 82 19 92 24 35 88 1 8 61 89 52 58
78 76 100 72 13 90 2 14 30 97 69 13 54 50 14 83 43 42 54 61 73 13 63 3 90 43 10 43 51 96 67 2 93 92 29 79 73 62 74 25 16 4 23 79 11 53 79 63 53 85 68 7 17 14 17 51 88 2 1 62 26 32 91 71 53 3 29 86 60 92 89 17 25 92 96 96 16 13 45 97
68 84 74 4 70 20 66 44 31 48 66 42 1 8 25 59 37 5 97 78 46 74 41 94 53 23 67 45 70 44 22 12 6 90 11 64 36 15 48 86 15 11 84 45 11 98 10 49 73 47 6 66 17 34 7 6 93 100 80 30 68 69 71 48 85 46 53 56 92 61 71 65 50 80 23 10 45 94 83 89
37 62 14 42 3 87 66 95 97 42 85 67 84 53 28 35 80 97 60 93 63 24 28 66 64 19 2 93 97 35 14 65 60 86 70 54 56 57 66 92 21 35 58 88 21 89 60 40 57 79 36 18 23 92 89 23 98 27 33 95 94 6 71 46 58 43 46 85 1 81 49 89 81 75 47 45 12 23 100 12
92 8 88 66 88 32 41 50 44 28 79 71 8 89 79 58 44 93 99 36 32 41 49 68 57 17 76 15 63 73 9 87 55 84 96 65 31 35 48 2 18 72 27 86 40 81 58 54 28 7 9 10 38 58 36 5 76 13 34 72 86 80 48 59 24 71 41 96 7 15 37 15 47 22 100 99 1 56 16 61
36 99 67 33 76 65 49 52 91 82 92 39 42 28 93 37 8 38 69 70 100 81 52 28 39 58 87 22 61 50 6 90 15 34 49 23 20 78 62 30 84 73 53 60 72 60 95 93 24 70 34 2 30 9 77 95 39 35 46 87 50 1 27 69 38 43 74 35 80 42 3 7 94 7 99 17 60 71 41 66
76 10 50 62 49 4 4 2 55 73 60 95 71 35 8 40 50 19 65 54 85 96 13 64 5 18 29 21 62 98 1 99 5 98 77 55 3 93 6 55 99 52 65 82 83 37 97 13 25 88 48 73 80 9 91 27 54 35 18 96 97 81 34 58 89 95 35 92 78 48 19 57 42 5 30 67 68 2 48 38
18 78 89 1 53 27 63 58 54 92 12 38 97 19 54 82 12 21 56 80 55 37 69 15 18 35 5 3 28 71 95 38 74 71 34 54 20 43 46 64 40 35 16 83 27 30 36 19 37 40 77 81 87 60 5 50 91 56 31 6 54 45 38 71 83 42 96 36 54 99 6 9 13 76 12 9 86 90 78 66
99 81 82 59 67 47 9 6 75 1 66 94 58 8 56 33 13 57 22 74 2 80 85 39 46 3 83 73 44 72 100 17 53 25 61 72 66 65 34 3 30 43 4 56 78 32 92 6 45 73 52 97 52 68 6 83 37 6 36 3 43 66 73 61 100 82 41 1 26 81 54 64 17 82 35 72 17 39 3 53
60 25 59 48 98 18 17 21 30 62 65 21 21 91 97 61 24 97 90 84 44 41 55 50 17 67 40 89 91 38 88 58 61 70 10 23 48 86 28 92 54 9 14 78 13 23 23 59 54 50 72 23 82 83 53 9 87 40 82 43 64 76 45 89 4 50 53 32 8 72 87 72 75 94 16 12 5 24 86 71
77 44 97 41 10 29 81 22 26 61 70 64 29 74 43 5 47 100 39 25 100 53 73 24 81 31 71 98 9 12 79 85 34 61 3 35 6 26 91 25 9 4 62 74 35 9 99 13 49 26 16 93 10 23 15 54 71 81 61 78 83 71 24 49 96 74 5 44 75 20 83 84 82 21 86 4 41 1 95 95
58 49 47 38 73 25 54 42 29 77 86 52 57 16 54 100 91 53 1 84 82 18 79 8 43 20 79 23 51 78 17 80 45 77 84 70 9 71 86 72 91 74 6 65 43 76 57 66 76 49 22 2 77 54 34 15 1 50 25 60 58 16 14 60 98 95 73 32 17 20 7 99 29 47 99 18 34 6 94 43
97 45 73 23 83 33 5 59 66 69 84 84 87 76 11 15 34 67 32 49 64 25 94 85 60 75 66 76 57 32 89 5 33 5 36 4 15 56 46 55 52 48 61 71 32 60 11 94 3 13 57 72 58 87 8 2 34 18 55 52 18 29 50 6 14 82 21 79 42 97 67 57 97 21 95 74 79 73 75 22
50 26 94 81 14 63 76 43 12 52 17 19 44 11 37 23 36 93 35 86 87 88 36 13 8 39 50 37 36 8 45 96 78 10 5 33 72 40 33 78 84 98 6 71 69 35 25 60 14 2 74 21 90 56 38 82 72 71 42 25 27 89 90 31 84 89 98 28 88 31 8 49 64 1 35 75 10 93 62 3
32 98 36 39 21 20 13 51 73 38 62 92 94 95 78 12 16 50 29 36 25 77 10 65 22 71 58 35 42 98 41 55 35 18 13 11 35 10 1 94 79 8 90 17 13 52 75 54 74 70 43 97 14 88 54 90 48 98 38 78 43 29 35 65 38 81 38 10 27 3 83 91 27 38 70 84 94 26 44 11
92 22 81 14 90 63 94 80 56 34 91 4 73 70 69 55 41 75 25 38 70 82 16 79 73 78 86 13 87 42 11 50 23 89 46 20 45 26 99 97 32 90 63 43 28 36 41 57 53 88 51 97 18 66 48 95 89 32 91 23 82 1 40 22 59 4 89 40 71 25 12 21 46 49 87 100 79 44 31 70
43 43 51 68 41 21 64 11 14 26 22 35 90 100 56 55 97 4 82 1 6 35 83 98 41 32 34 91 24 12 83 16 94 56 19 66 3 20 65 72 29 12 52 30 96 38 6 3 72 95 87 18 57 1 47 80 24 78 97 36 97 45 73 66 59 27 32 25 26 42 2 35 2 25 9 49 60 51 50 47
86 18 16 28 39 71 60 16 14 51 78 59 21 85 89 23 54 42 55 18 42 79 94 89 65 16 26 62 5 31 43 5 41 1 35 26 10 22 61 4 51 93 45 16 73 43 34 25 3 63 98 88 32 42 70 2 16 94 81 1 9 37 85 62 65 36 97 41 88 79 56 83 54 76 25 93 49 73 7 52
80 73 86 46 67 19 80 67 59 82 86 23 63 87 78 100 87 9 15 24 60 37 11 76 21 72 2 65 94 19 39 83 86 2 90 10 87 90 13 12 33 26 74 81 34 27 41 97 22 7 69 47 47 40 1 76 55 18 83 72 50 95 12 86 25 62 49 6 51 69 26 42 90 24 84 22 32 55 91 24
