20 80
1 49 50 29 6 33 19 59 60 36 25 41 21 16 30 71 69 8 37 18 70 73 32 47 55 46 45 26 10 51 39 5 66 20 61 67 35 0 79 22 78 2 15 11 24 27 68 52 40 4 77 14 65 72 12 63 48 17 54 75 34 31 76 7 74 13 62 44 42 64 56 38 28 43 53 23 57 3 9 58
36 27 76 78 34 3 38 46 13 31 32 77 35 40 62 63 1 61 23 7 11 65 71 53 28 15 12 64 51 25 8 49 9 75 74 24 0 43 33 20 26 73 79 19 68 66 45 41 67 22 60 56 4 10 72 59 2 16 48 18 21 6 39 69 30 17 52 14 29 55 58 50 54 47 37 70 42 57 5 44
74 31 18 8 4 46 65 15 56 77 2 27 79 47 44 9 20 26 32 28 36 55 49 62 37 33 76 7 35 43 23 59 0 24 10 57 19 1 51 71 63 66 16 70 12 75 34 61 53 48 14 54 5 52 3 30 68 42 50 17 29 6 60 41 11 45 38 78 13 21 22 72 73 64 40 69 25 67 39 58
45 75 37 29 58 3 6 44 15 20 53 7 25 79 74 62 50 26 73 30 28 60 1 11 36 63 71 49 68 78 47 54 70 8 43 35 23 24 27 19 12 65 2 34 33 21 17 66 38 48 41 14 76 32 18 67 10 31 13 46 51 42 5 16 55 9 69 0 64 57 72 22 77 39 56 40 4 59 52 61
18 62 23 39 41 68 28 69 79 40 16 44 67 2 10 77 71 14 66 64 34 1 57 12 21 36 74 3 43 5 65 50 76 46 25 37 75 20 56 47 0 19 27 35 53 17 51 45 42 30 33 60 4 73 15 48 78 32 7 49 8 70 9 59 61 54 13 26 38 52 29 24 72 31 58 6 55 22 11 63
34 64 32 12 58 4 59 69 75 8 78 24 77 65 55 61 56 68 10 1 67 62 52 13 19 79 57 72 9 18 76 42 46 70 22 50 49 15 5 54 36 25 44 38 53 37 2 0 11 39 47 23 60 74 3 40 33 48 45 27 21 14 63 26 71 16 73 31 30 6 43 29 35 7 51 17 41 28 66 20
16 24 32 47 28 13 75 52 60 79 20 69 5 40 15 39 61 42 48 38 8 1 62 56 46 73 76 55 30 43 22 26 63 9 50 53 70 0 17 2 54 49 21 23 11 3 77 59 27 65 64 74 68 36 78 45 67 51 44 6 25 57 72 14 19 12 34 66 58 10 33 7 35 31 71 18 41 37 29 4
22 37 70 6 60 36 71 68 57 46 40 67 13 78 27 65 47 4 20 28 49 44 2 15 63 33 17 55 56 43 19 69 0 64 10 34 75 54 58 73 48 30 21 31 1 45 74 12 72 41 8 29 16 52 9 18 50 59 42 24 5 11 35 39 77 79 23 66 32 76 61 7 62 51 14 26 53 25 3 38
71 11 12 40 47 9 21 66 51 59 75 77 68 10 24 43 36 61 8 65 5 49 55 6 69 0 54 28 31 7 63 67 16 39 50 72 27 64 78 2 29 45 13 18 62 74 33 58 41 3 48 52 23 1 73 56 53 14 17 37 22 32 30 79 34 42 15 60 20 44 46 35 25 38 4 26 19 57 76 70
14 22 24 67 68 28 73 53 65 58 11 19 44 1 69 37 49 52 32 20 13 75 78 76 9 51 27 39 71 8 17 10 12 59 79 38 55 72 63 26 34 7 40 5 57 60 23 6 64 4 33 36 21 0 47 3 61 42 56 50 25 48 16 15 77 54 74 31 30 70 18 35 62 43 29 66 46 2 45 41
56 65 15 69 32 43 22 48 36 51 38 37 1 59 63 73 18 19 5 6 16 8 9 49 29 12 76 67 47 4 72 61 58 17 25 70 13 28 74 57 24 30 23 68 0 34 66 64 35 27 40 60 71 45 7 3 77 2 78 54 52 75 53 62 21 14 39 26 42 11 44 31 10 46 79 50 33 20 41 55
5 54 29 48 23 3 55 9 2 75 37 39 19 65 74 15 4 10 57 36 64 66 1 16 18 41 31 56 43 12 63 47 42 0 44 73 68 6 32 13 69 49 79 51 34 59 78 7 30 76 60 77 58 38 21 11 22 28 25 26 27 24 52 72 53 67 33 40 20 35 45 70 14 50 61 46 71 8 17 62
56 23 54 50 61 1 55 7 15 47 36 68 57 42 65 72 79 66 46 24 4 30 58 62 63 32 71 35 0 17 14 18 44 29 39 45 34 41 76 12 37 25 73 2 48 22 8 59 13 77 78 75 33 27 9 60 49 64 28 5 11 67 43 74 31 20 10 38 70 16 6 51 40 19 69 21 26 52 53 3
55 77 12 49 48 24 31 22 10 73 13 78 79 56 71 76 44 65 25 9 57 75 74 32 41 63 5 29 50 58 70 4 27 42 39 19 0 53 30 2 20 14 46 33 51 16 68 17 15 11 64 1 37 54 43 18 47 72 28 3 59 7 45 26 34 52 69 62 60 66 8 21 67 36 40 61 38 35 23 6
55 18 70 10 69 57 17 65 52 37 44 54 74 2 72 32 22 49 29 40 4 48 30 78 46 0 9 51 21 36 66 11 45 1 68 75 5 8 62 61 20 34 73 38 28 13 6 50 43 71 47 23 60 67 63 14 33 58 79 7 42 76 77 64 53 19 15 41 39 26 25 16 59 35 31 56 12 3 27 24
45 9 75 11 5 20 14 79 46 31 33 67 54 42 73 26 2 65 50 0 25 49 66 57 12 63 37 78 4 34 21 76 22 27 40 23 58 60 56 68 53 59 6 15 7 77 32 38 19 39 18 71 3 10 62 52 69 43 29 61 1 13 35 48 8 51 16 24 28 17 70 36 41 64 44 30 74 55 72 47
32 11 74 51 55 43 49 9 0 62 8 7 40 44 28 56 31 22 2 5 27 75 65 33 35 42 20 18 73 47 24 23 71 64 48 41 38 78 25 14 30 58 53 26 1 6 36 76 17 3 21 52 54 50 68 57 63 19 72 37 29 10 69 70 15 66 16 4 13 34 77 61 59 67 45 39 60 79 12 46
47 13 41 77 62 50 48 59 38 17 37 14 5 31 30 49 76 44 54 46 21 2 29 75 15 71 60 3 69 65 70 4 7 40 8 32 68 58 42 19 22 20 67 11 39 33 26 1 28 0 52 18 78 79 16 36 73 61 53 72 6 45 56 9 10 12 74 63 57 35 66 27 55 24 43 34 64 51 25 23
60 76 10 50 58 46 59 34 61 30 32 18 3 62 2 38 72 15 5 47 7 39 20 14 51 77 26 57 33 74 28 27 23 36 12 44 24 8 42 75 17 48 56 1 73 31 69 16 79 68 66 63 53 78 40 67 71 25 6 65 19 21 37 49 70 35 0 55 64 29 43 22 54 45 41 9 4 13 11 52
24 35 14 73 30 44 37 23 19 3 47 46 71 26 78 39 61 75 6 62 4 36 34 18 48 10 69 0 77 63 5 28 52 31 76 56 42 20 2 41 58 49 17 53 25 8 29 60 9 50 21 67 65 51 16 55 11 12 72 13 66 54 15 74 22 27 68 43 57 40 33 45 70 32 59 7 1 79 38 64
1 33 78 57 17 67 76 94 7 90 85 70 81 89 55 36 72 47 16 85 22 6 84 17 70 87 66 62 8 66 57 27 27 39 66 74 15 1 2 39 24 31 17 7 9 63 41 16 94 99 93 5 56 82 55 97 76 63 54 28 78 65 39 33 21 68 93 70 60 5 15 13 35 40 28 76 78 23 65 33
41 22 3 92 45 99 63 38 60 3 57 89 73 38 83 48 30 26 60 61 90 97 59 53 53 27 8 82 95 85 29 52 15 99 39 65 62 45 28 29 25 43 47 65 33 87 86 78 76 73 33 3 29 79 19 20 27 74 34 100 45 85 69 95 13 87 3 84 25 13 98 35 82 55 85 39 67 11 100 28
58 93 50 45 49 68 80 65 13 20 76 12 63 51 82 45 6 73 2 68 53 30 35 7 80 84 8 75 78 45 33 98 25 51 27 79 77 86 12 40 11 21 89 54 79 62 2 7 63 87 91 51 53 33 43 17 92 18 94 27 81 98 65 56 93 53 74 43 25 60 70 24 68 5 77 19 80 10 93 58
12 77 19 45 25 88 94 88 65 16 6 31 57 36 47 11 58 97 11 87 40 6 10 36 60 6 24 38 37 54 85 66 10 74 66 63 84 55 2 52 43 3 21 4 12 82 37 28 14 18 57 18 31 30 23 71 76 58 71 47 96 84 96 74 60 86 24 4 26 73 53 26 1 12 92 14 75 10 54 8
88 8 26 64 42 40 16 84 15 76 44 95 34 80 75 64 29 98 74 96 80 57 27 66 4 42 14 100 72 64 31 65 93 18 41 93 13 1 58 1 17 69 66 90 84 53 26 71 56 58 77 36 31 42 67 18 92 15 93 92 78 19 78 98 70 59 71 8 100 25 84 79 90 60 46 30 89 70 21 22
98 8 72 36 62 92 82 12 83 32 70 48 42 53 20 59 17 85 85 44 36 50 60 23 45 36 28 72 33 10 36 100 3 7 96 100 37 11 7 31 63 54 5 51 91 11 29 84 21 67 39 72 87 55 83 17 47 77 79 33 52 32 71 46 77 85 60 5 89 83 86 76 53 70 54 83 36 99 21 26
82 1 50 21 42 41 35 59 75 62 85 59 30 67 18 13 47 6 31 86 24 68 40 20 57 49 18 1 5 27 28 77 58 65 31 64 25 9 30 67 2 11 17 44 92 10 62 3 93 94 49 58 64 65 76 11 88 83 45 84 18 93 31 21 63 87 23 6 92 5 86 26 91 23 21 2 40 79 5 40
58 46 85 62 14 58 38 28 13 52 57 80 13 89 56 18 66 32 46 41 99 3 40 79 15 69 89 75 85 83 44 98 10 66 23 62 29 23 45 75 14 84 10 95 60 90 48 73 94 76 72 25 84 42 63 17 78 33 55 30 37 60 94 76 18 53 80 14 44 33 34 62 69 1 6 52 53 87 91 26
72 58 68 45 25 2 4 94 16 46 47 72 27 100 32 1 95 54 77 16 20 32 18 68 48 52 7 86 94 96 68 84 54 64 30 57 95 26 58 20 34 1 46 18 55 54 6 29 81 43 37 33 56 11 52 33 37 73 33 27 32 91 21 44 71 29 80 43 60 14 44 51 11 19 37 44 18 59 42 39
45 17 79 43 77 12 31 81 16 50 46 57 17 44 22 97 63 91 29 42 76 24 78 16 11 54 73 26 52 40 67 53 40 100 98 47 46 27 99 95 60 26 62 68 69 93 40 45 23 37 19 47 27 24 90 17 97 13 63 89 84 47 70 80 53 2 26 85 84 89 16 8 78 1 6 12 87 43 76 67
49 37 34 56 72 94 41 58 55 51 90 17 66 51 54 40 4 75 51 84 37 68 42 89 65 80 81 36 33 52 52 39 5 53 45 1 32 60 33 53 82 95 73 63 89 100 66 52 100 21 1 69 93 19 85 79 37 8 16 85 27 67 67 34 19 76 48 58 7 28 7 26 69 3 30 62 97 77 89 19
13 77 18 24 84 6 56 67 75 98 19 14 68 68 83 18 50 4 7 37 6 42 47 29 38 34 1 51 12 41 33 29 63 92 67 26 25 67 82 71 22 36 25 90 9 20 25 25 43 4 98 38 89 8 75 54 45 6 16 52 23 55 16 90 17 54 19 50 45 17 100 67 6 91 65 7 60 19 19 100
45 57 31 74 60 57 79 38 27 3 92 64 77 46 42 12 37 33 47 64 61 51 97 40 21 81 74 5 58 14 83 50 52 51 99 77 57 67 6 73 42 25 45 29 71 45 93 27 97 33 99 76 83 93 16 20 21 19 8 42 53 83 88 53 87 86 46 49 89 70 82 47 86 59 63 64 47 21 53 98
54 4 20 75 11 46 45 10 16 52 41 18 52 47 84 17 55 23 44 30 24 37 93 32 75 74 11 81 97 1 54 30 97 25 60 94 54 40 24 42 76 3 26 25 95 7 5 8 74 35 23 73 78 4 53 68 24 34 74 17 8 7 77 38 11 52 98 73 1 8 82 7 1 94 96 96 48 93 6 58
69 11 44 75 48 72 1 50 71 25 55 25 81 78 45 55 19 17 71 91 4 66 7 59 10 46 78 12 11 66 98 27 96 91 38 73 64 38 30 38 74 74 69 20 71 68 23 65 80 81 76 51 68 8 80 39 93 56 49 62 12 61 73 43 88 35 11 42 46 66 80 14 63 10 43 40 43 46 43 52
64 54 75 8 95 60 85 39 7 5 93 90 14 100 66 15 21 26 2 8 72 39 40 19 68 65 15 79 97 34 71 87 16 1 38 43 68 33 71 62 57 94 93 1 50 49 12 76 80 93 61 32 50 1 92 72 22 62 54 48 45 57 18 67 65 11 65 75 33 90 54 95 95 77 14 13 39 8 56 57
42 23 1 6 66 55 41 70 36 61 4 45 42 1 43 7 63 21 100 100 3 76 60 39 59 77 73 87 26 81 94 45 50 68 52 64 50 92 48 61 62 19 18 97 42 7 59 53 43 58 73 52 44 67 8 53 93 95 34 24 90 89 93 52 35 79 49 37 74 94 67 19 39 24 86 64 56 57 66 54
99 77 31 63 92 30 15 54 2 61 32 94 67 30 60 90 88 9 65 99 5 32 9 92 10 97 80 5 45 11 35 23 33 43 91 18 92 70 29 84 6 22 5 4 56 6 2 78 16 78 89 3 90 96 75 86 92 84 34 66 26 77 78 71 15 52 19 66 70 1 85 87 94 56 14 70 59 7 60 99
47 93 63 57 91 99 30 89 64 50 35 96 79 91 44 23 99 39 11 63 87 89 63 9 4 99 63 46 5 100 37 97 41 57 37 40 80 8 39 88 88 33 87 45 30 3 66 3 57 36 97 9 96 43 36 84 33 95 11 53 92 94 68 7 25 45 31 72 41 88 73 43 32 86 22 52 9 42 27 78
2 72 70 49 61 27 8 90 63 92 85 26 75 86 10 61 37 90 69 12 63 83 22 98 20 80 91 33 69 24 48 55 56 72 23 70 3 60 18 85 76 9 99 98 58 75 28 83 46 98 34 76 74 34 35 12 18 60 63 67 74 50 87 31 19 33 37 99 82 72 47 44 100 49 28 73 95 67 40 10
