20 80
19 27 12 5 6 26 2 73 13 1 29 42 59 79 78 43 24 64 51 40 68 48 23 65 3 35 49 22 77 34 38 58 30 61 28 31 21 39 57 8 54 71 47 46 55 33 20 14 4 76 0 75 74 69 53 10 16 41 11 52 63 60 37 50 15 56 25 70 18 66 62 32 44 45 7 36 17 9 72 67
72 5 60 26 48 38 18 75 17 73 52 15 37 66 7 44 62 61 3 23 36 28 71 2 30 9 67 74 12 42 31 69 22 59 16 25 0 77 19 24 47 70 29 49 4 39 10 33 50 32 27 35 1 43 56 11 76 79 46 51 65 64 78 20 53 55 13 63 54 41 21 57 40 58 34 14 68 6 45 8
35 16 36 17 21 44 65 6 38 78 13 68 34 26 18 32 24 56 22 79 10 52 46 25 67 57 33 43 61 45 53 31 0 74 55 5 69 62 51 60 76 66 29 20 41 39 12 15 30 28 72 75 19 7 64 70 58 40 27 9 48 50 3 37 23 11 14 4 63 71 49 1 77 73 59 8 54 47 2 42
69 60 30 65 43 46 34 11 52 23 51 36 5 45 19 10 59 12 61 29 33 54 9 21 41 31 67 42 66 44 40 8 72 6 79 64 14 2 0 55 18 3 28 26 75 73 1 24 35 37 15 20 57 7 47 62 74 50 38 39 49 58 22 71 63 48 53 16 70 78 32 27 13 77 76 56 25 17 4 68
56 2 0 46 32 60 47 64 76 63 27 19 14 57 37 62 22 40 69 66 39 52 38 29 58 1 3 45 23 67 36 28 33 65 35 68 5 16 75 48 59 43 13 73 17 55 49 51 42 34 50 7 74 72 24 61 54 79 9 53 70 41 15 31 10 4 18 12 30 8 44 20 78 21 26 6 71 25 11 77
3 54 64 21 59 1 61 39 11 40 20 33 49 29 2 19 63 31 9 45 79 72 70 17 37 50 24 66 43 46 42 28 25 0 6 27 47 60 18 58 69 26 57 65 51 41 7 48 14 16 22 71 12 38 23 13 10 75 55 56 35 5 52 78 67 36 32 53 30 8 76 15 34 74 73 68 44 62 77 4
27 43 69 65 7 42 39 64 57 0 4 5 49 72 71 24 12 31 23 10 67 33 9 78 47 30 17 50 73 35 70 8 76 11 74 54 19 32 29 1 41 21 26 46 40 55 16 25 58 15 51 34 6 59 63 45 28 68 22 13 38 52 56 79 60 61 14 20 53 77 75 3 37 44 48 66 62 18 36 2
17 50 23 48 67 31 72 59 64 43 66 22 56 16 79 12 75 70 69 47 40 25 42 14 60 33 52 51 54 30 21 1 53 36 57 77 63 13 35 73 32 15 5 41 11 34 29 9 65 62 0 49 37 24 10 7 68 19 26 46 2 76 45 27 55 3 61 71 28 44 78 38 74 20 4 58 8 18 39 6
33 19 51 50 13 28 75 47 59 53 0 9 6 44 64 65 40 29 69 11 43 63 76 25 72 62 68 15 37 78 23 74 66 18 79 3 2 20 1 34 52 27 4 77 12 60 35 39 7 16 31 38 49 48 17 57 61 67 42 56 32 22 55 73 58 71 10 5 41 46 30 24 26 21 36 70 8 54 14 45
17 38 56 57 75 58 25 28 62 78 72 14 77 52 73 43 60 63 66 4 37 29 15 71 36 16 33 6 0 47 30 27 11 67 21 54 48 7 13 53 8 76 34 44 46 69 32 45 42 24 51 31 40 10 50 5 3 22 26 12 59 55 18 65 79 68 41 61 70 74 19 49 20 1 35 2 39 9 64 23
64 77 28 79 76 27 47 58 29 70 66 0 35 75 18 21 13 14 55 25 63 23 78 36 50 43 51 49 40 38 54 46 19 5 32 33 60 56 67 41 20 31 69 10 44 3 16 1 4 68 62 45 57 61 71 17 11 9 37 30 24 12 7 8 73 39 6 15 34 52 74 2 65 59 48 22 53 26 42 72
46 72 39 59 53 73 63 2 9 58 76 65 14 67 69 44 4 24 45 5 28 33 18 30 52 25 78 48 26 61 35 64 31 8 3 77 56 79 47 74 0 6 27 13 66 41 20 50 11 16 42 29 10 62 19 68 54 23 21 17 71 32 7 75 49 22 1 40 37 36 12 15 51 57 34 70 55 38 60 43
2 64 39 73 42 43 35 36 45 41 9 23 5 53 32 16 78 37 13 22 58 26 8 0 38 21 67 57 46 18 60 12 55 29 50 4 17 30 71 19 27 15 49 62 54 56 33 79 48 66 74 51 61 25 65 7 75 70 3 76 63 24 10 72 14 1 11 40 31 68 34 20 52 47 59 28 44 69 6 77
15 63 25 61 60 75 42 9 68 16 3 65 14 62 32 27 11 38 12 8 26 41 10 34 74 72 73 5 24 64 58 1 50 28 77 33 23 17 20 79 67 70 13 35 53 7 36 0 19 40 46 51 18 22 6 31 48 47 57 4 45 71 39 44 59 78 21 56 66 52 69 30 37 54 43 55 76 49 2 29
62 67 60 38 33 1 69 47 44 71 3 26 41 6 72 25 79 16 50 0 37 46 18 40 73 54 5 74 12 19 20 75 43 2 59 27 10 42 78 55 28 58 61 34 4 14 24 66 11 48 32 39 76 64 65 30 21 7 31 68 63 53 36 35 77 52 56 57 9 17 15 8 13 29 49 22 51 70 23 45
7 22 50 26 34 3 68 71 61 19 62 20 72 64 25 28 40 21 36 31 35 53 79 70 18 12 75 4 78 63 24 69 59 17 39 5 54 2 77 66 42 56 60 8 52 74 57 11 55 14 67 0 1 37 29 33 41 43 13 6 76 16 48 47 44 9 10 32 58 27 30 46 49 65 73 15 51 38 45 23
3 21 18 23 47 49 31 62 76 79 35 33 50 27 30 72 68 5 2 60 70 66 69 13 37 34 7 73 40 65 46 22 29 41 78 16 26 8 48 52 19 63 10 53 45 11 1 15 77 57 56 75 54 32 17 25 36 12 58 6 20 0 71 39 14 28 24 67 51 4 43 38 9 64 42 44 74 59 55 61
57 42 16 22 69 46 18 64 58 2 13 15 11 30 61 60 14 9 47 49 45 20 40 59 73 70 23 65 39 36 63 1 66 25 5 31 3 37 28 72 17 35 7 43 53 4 33 52 67 34 41 77 74 8 29 44 26 62 68 32 6 71 24 56 50 38 0 19 51 78 21 10 48 54 12 27 79 55 75 76
56 30 21 54 26 69 7 50 74 53 25 78 52 73 13 32 46 36 24 0 55 42 8 5 11 58 37 28 16 71 70 22 18 12 14 27 76 31 40 1 20 65 43 3 29 75 4 59 2 45 44 39 34 79 10 41 60 35 77 64 6 49 47 66 17 23 62 33 48 38 19 15 57 67 9 61 68 63 72 51
8 13 58 10 35 53 39 76 50 29 31 19 11 46 0 17 64 57 69 23 22 40 44 61 26 49 2 12 47 15 1 79 28 5 67 21 54 55 71 62 36 3 4 70 32 65 30 78 37 66 34 48 43 16 63 77 74 56 33 51 60 14 7 75 9 18 41 59 52 27 45 6 25 68 42 72 73 38 20 24
21 52 57 8 32 23 58 92 49 31 97 96 20 11 31 48 30 54 68 88 64 84 60 50 7 12 60 6 94 6 70 98 69 45 1 70 20 77 23 94 91 89 39 4 97 86 88 19 89 72 70 73 48 73 41 72 78 21 67 55 28 57 97 87 99 93 13 82 57 31 26 47 36 77 86 42 8 77 88 33
41 90 16 58 15 41 94 3 5 27 66 40 33 46 56 66 36 22 39 83 26 16 37 71 65 70 76 12 43 59 66 88 59 97 9 28 38 30 15 25 46 31 40 91 48 53 87 27 9 85 87 36 73 17 94 89 76 56 38 94 16 60 18 24 75 74 35 78 33 15 67 59 36 87 59 54 37 69 4 21
80 31 79 53 45 58 90 51 81 68 27 23 16 15 60 15 25 61 75 34 38 55 42 61 89 48 11 10 14 93 73 35 55 81 2 48 94 72 75 78 93 52 2 93 3 72 62 8 90 86 100 59 74 71 36 48 97 29 56 68 59 57 90 1 33 6 36 33 75 35 49 84 22 92 75 2 22 36 12 76
18 37 93 34 54 45 3 93 41 33 56 21 56 25 61 27 94 9 12 76 36 42 20 4 55 83 62 11 71 71 59 86 34 27 48 14 22 93 12 81 75 22 50 56 39 20 64 35 65 35 33 6 1 83 31 54 78 96 62 75 16 51 99 16 71 71 16 45 76 68 10 89 71 72 82 6 78 5 86 31
6 94 94 18 82 31 53 39 45 6 79 25 29 68 97 12 91 31 53 70 20 60 36 6 80 66 100 55 29 85 1 37 23 14 56 67 17 84 64 69 27 80 53 19 90 67 98 28 46 16 92 66 17 61 81 61 35 97 14 38 36 20 7 95 84 3 36 33 42 48 89 23 53 21 90 7 76 28 60 96
58 2 8 53 99 86 98 94 33 93 61 71 12 16 29 79 67 23 56 63 78 10 2 70 46 52 55 8 99 9 2 44 82 10 58 70 91 40 4 82 44 34 97 49 48 100 31 85 72 81 22 41 52 25 40 26 77 49 45 70 8 54 85 50 80 23 14 90 29 91 71 67 38 24 42 41 100 84 34 99
57 7 52 91 86 47 5 56 68 79 60 29 71 47 34 93 35 40 37 21 24 70 81 49 75 8 31 75 22 76 12 4 2 71 38 97 42 4 9 5 43 99 4 68 24 23 81 76 94 32 84 25 24 76 9 32 54 2 53 16 70 41 68 93 43 31 31 71 100 42 44 71 45 69 74 52 88 81 76 3
89 52 60 53 39 12 71 24 55 58 16 23 81 17 18 23 77 69 6 99 89 92 93 49 10 16 56 63 90 47 17 38 80 31 9 94 19 73 9 48 77 54 83 99 62 23 27 73 2 29 86 56 18 1 20 29 75 54 92 19 40 14 28 15 45 45 95 33 51 11 5 82 49 98 48 24 18 48 54 6
37 39 26 91 70 44 17 56 80 42 35 13 31 35 31 1 6 18 32 22 4 88 24 28 53 34 80 45 62 92 10 77 4 6 52 52 12 21 37 25 52 11 5 96 70 94 82 58 52 99 43 79 47 78 76 95 20 36 84 4 70 62 45 19 83 61 38 22 41 36 94 5 76 50 63 20 24 69 86 8
17 37 100 31 67 73 66 42 50 41 3 33 52 21 77 77 17 36 17 63 77 26 10 48 69 4 81 72 9 48 34 29 45 96 75 60 35 3 72 66 38 72 79 21 56 4 19 12 2 53 39 56 7 3 94 83 90 41 29 60 24 91 93 60 98 38 80 57 3 60 60 89 26 50 89 80 56 12 24 34
50 39 92 99 98 69 62 55 67 98 10 71 75 69 58 8 53 12 54 30 5 82 69 32 95 52 23 42 81 12 76 16 16 28 21 64 70 24 82 56 77 67 90 3 27 58 94 59 65 27 89 70 56 69 64 89 24 39 17 96 60 30 59 98 50 4 67 71 65 81 81 69 47 55 40 7 21 86 13 88
50 32 8 59 76 46 25 87 84 49 43 86 17 26 50 24 9 91 66 40 6 100 79 33 40 15 38 62 3 100 98 43 74 45 94 48 79 33 39 76 4 53 62 62 47 59 27 44 93 85 40 100 100 25 74 74 44 54 61 72 3 97 59 65 58 84 43 16 16 88 84 75 26 80 15 16 47 8 47 12
38 45 20 23 95 10 18 80 31 14 30 74 99 46 10 44 29 58 2 46 52 64 21 78 75 97 83 73 48 74 71 17 5 64 30 72 98 84 39 5 5 4 55 43 79 39 50 71 72 65 3 86 39 65 9 94 46 64 32 31 84 20 64 51 77 20 12 98 65 72 30 60 25 16 18 57 35 92 53 58
11 53 31 75 58 84 15 85 45 82 95 94 26 65 79 62 26 93 53 60 68 76 39 55 47 12 82 36 30 32 42 50 89 45 92 78 26 5 38 63 88 51 29 70 31 35 54 14 57 8 53 61 47 60 31 63 61 58 33 26 27 39 53 99 2 48 27 65 7 2 56 36 44 70 84 19 92 56 92 63
16 67 82 54 52 65 12 97 43 91 66 50 81 74 83 22 90 73 40 84 45 74 59 54 13 58 23 31 40 90 82 96 39 12 54 61 53 51 14 48 94 64 97 76 67 80 51 13 86 70 11 36 63 38 29 77 33 3 66 87 34 48 10 99 37 58 44 8 20 22 33 62 35 86 21 32 11 55 29 8
6 55 62 5 13 63 19 59 57 100 55 6 30 92 93 27 21 41 14 61 79 51 49 28 100 3 92 94 84 91 70 79 74 9 24 67 50 57 57 64 98 75 88 7 81 42 44 87 78 52 90 2 82 93 2 44 94 53 73 80 4 30 4 26 83 6 41 84 44 52 43 89 78 85 100 1 17 72 95 27
15 22 60 72 88 9 65 47 58 94 36 11 44 65 29 97 50 18 84 79 100 31 88 11 3 64 5 15 6 53 78 94 61 60 87 77 45 88 35 33 31 45 42 100 81 22 61 49 68 20 69 16 55 19 36 87 32 59 26 83 43 100 86 95 97 65 60 100 17 47 22 12 6 2 45 56 62 40 45 31
3 95 39 50 91 46 45 45 81 43 94 74 6 30 73 97 18 32 86 42 82 76 30 14 27 8 36 39 20 12 68 31 40 49 86 11 69 48 83 77 87 80 19 72 79 35 92 45 47 98 41 25 24 98 51 94 72 69 95 52 91 33 15 73 28 10 95 38 31 34 87 43 34 25 92 20 5 80 4 59
30 12 16 16 31 41 83 19 73 41 20 47 47 38 32 47 26 43 50 18 16 68 54 96 61 10 81 21 93 24 60 62 27 52 52 77 73 5 36 80 14 64 45 22 79 5 56 62 37 19 50 52 24 99 71 23 44 43 53 27 49 21 17 3 95 66 66 24 5 88 61 47 95 12 31 6 26 86 87 25
29 99 5 92 58 76 67 67 83 56 35 82 22 31 59 5 25 53 97 95 64 75 22 95 63 54 49 35 64 96 19 56 74 86 2 59 32 13 74 42 49 73 72 55 15 56 39 44 68 71 50 85 10 55 78 41 60 56 71 71 80 6 84 45 59 45 77 13 48 63 88 60 58 64 75 36 92 69 50 20
