20 80
53 52 25 21 62 18 28 10 68 67 43 63 26 11 64 45 58 56 44 36 2 14 13 77 20 0 78 65 31 19 42 60 71 66 50 7 17 32 76 35 79 9 34 74 39 55 61 33 5 6 72 27 69 15 3 70 59 30 41 22 49 48 12 29 75 8 51 37 24 54 1 23 47 16 4 40 38 73 46 57
65 8 50 28 14 17 11 47 5 55 54 24 78 16 76 7 25 6 30 59 52 21 60 1 36 10 61 66 68 56 23 26 39 64 44 79 37 53 46 72 43 42 51 58 22 29 71 27 9 20 38 15 63 74 70 67 45 4 32 33 69 0 73 40 48 57 31 77 18 75 41 62 2 12 19 35 13 34 3 49
9 46 20 24 70 6 29 48 37 26 72 51 76 30 57 14 8 49 13 60 15 65 78 73 47 33 41 69 40 31 11 38 43 79 53 77 64 25 3 4 27 0 61 50 12 66 55 63 74 58 42 21 59 44 5 56 34 39 35 1 71 18 2 19 22 45 32 54 16 52 36 67 17 23 10 28 62 7 68 75
75 69 32 10 76 37 30 5 8 53 28 36 44 45 74 38 23 60 51 11 41 61 4 20 39 58 2 64 48 70 19 56 79 73 31 78 14 9 66 63 26 59 54 35 0 21 18 15 47 24 57 50 7 12 27 13 49 43 40 62 46 52 71 17 3 72 29 68 65 67 42 34 16 6 25 1 77 22 33 55
17 72 33 32 25 10 55 27 75 29 54 5 8 47 50 26 52 20 2 57 28 78 63 77 56 36 40 23 18 41 61 30 11 19 13 65 69 14 66 16 21 46 31 73 51 76 70 39 60 6 34 38 45 79 4 35 24 37 7 3 58 68 64 0 48 44 22 74 12 59 53 49 9 42 15 62 43 1 67 71
1 62 61 40 32 2 13 10 52 53 46 72 49 9 42 19 58 64 35 17 4 18 22 6 30 57 39 70 31 11 75 63 48 20 54 41 14 68 34 65 33 51 43 16 67 60 36 24 37 0 7 27 15 56 74 76 73 59 66 77 69 23 47 71 8 5 12 78 29 28 26 21 3 55 45 79 44 25 38 50
66 42 16 2 21 67 10 52 24 44 39 6 76 23 57 27 13 65 51 50 58 31 72 56 48 78 41 12 18 9 79 8 69 47 55 43 46 3 34 59 25 0 40 74 33 26 38 77 15 54 75 70 45 1 60 49 68 5 63 7 71 36 20 53 32 11 62 19 30 64 37 28 22 17 73 4 14 29 61 35
78 70 34 4 16 61 29 35 20 50 58 10 44 15 12 19 52 40 67 77 9 72 60 73 2 45 3 64 31 39 28 21 36 57 74 13 18 76 63 7 48 42 59 22 33 55 37 62 1 66 54 30 79 14 8 23 56 11 71 43 53 69 17 41 24 26 68 32 6 5 51 27 75 46 0 38 47 25 49 65
39 27 55 57 46 21 41 11 62 77 73 70 26 23 72 17 68 66 4 7 69 47 32 75 43 71 0 63 40 14 45 24 76 52 67 42 2 61 12 74 10 53 51 9 25 5 31 79 44 19 38 60 56 59 28 29 13 78 34 1 30 37 15 8 16 54 18 3 35 50 6 49 22 65 33 58 36 64 48 20
29 14 17 68 33 8 56 1 34 65 41 27 0 73 4 57 28 71 13 35 69 45 61 38 74 40 58 52 10 63 22 66 24 70 5 44 60 20 12 42 55 6 25 32 51 62 19 67 37 7 54 9 36 21 30 43 50 77 23 16 18 26 79 15 11 31 49 3 2 64 48 78 76 72 47 53 59 46 75 39
63 71 37 13 77 78 39 32 53 20 62 23 57 19 8 70 76 48 40 79 66 21 74 52 33 35 26 45 9 10 56 0 27 47 43 14 29 22 68 50 17 15 6 65 54 60 51 67 72 28 16 42 34 24 4 38 36 12 1 2 11 49 3 46 69 44 30 5 31 41 58 25 75 73 18 59 55 64 61 7
11 25 16 71 72 54 9 48 75 40 70 19 30 2 49 73 20 4 66 55 29 31 27 33 23 28 22 36 43 53 41 34 24 46 74 69 77 3 42 50 63 13 37 61 56 12 60 59 26 52 5 32 8 58 17 1 39 57 21 38 65 35 15 79 64 78 14 7 44 10 62 6 45 47 18 0 68 67 51 76
68 25 28 45 60 61 11 56 34 15 75 16 71 69 14 7 76 42 33 9 46 13 74 24 49 3 43 35 48 40 1 63 27 57 19 73 52 65 18 31 4 53 79 70 78 6 29 26 44 59 30 10 17 8 2 51 54 37 67 47 0 22 32 72 55 39 21 58 64 66 23 20 62 41 5 50 77 36 38 12
73 69 27 75 15 42 54 25 53 78 14 49 20 9 10 11 38 23 21 39 52 62 58 51 64 72 67 12 18 61 63 46 2 76 8 60 56 30 74 77 79 36 4 71 45 7 22 40 17 55 43 28 44 29 35 5 41 66 1 0 3 57 32 24 34 50 31 48 26 37 33 19 47 13 16 70 59 65 6 68
3 41 63 35 59 37 0 58 42 49 32 64 30 70 33 68 9 61 75 44 73 23 54 47 39 16 65 56 66 31 21 48 60 11 19 53 71 22 8 76 13 77 72 45 38 15 20 27 1 18 43 6 50 46 74 51 24 28 7 34 29 40 67 62 26 10 12 79 4 17 2 52 36 57 25 69 5 55 14 78
23 16 79 66 1 38 59 62 47 31 41 58 72 36 45 4 55 54 32 26 49 17 29 25 65 2 50 42 34 0 61 3 57 10 73 44 37 21 67 74 40 39 46 71 9 70 56 11 63 5 75 60 33 7 76 53 48 52 51 30 35 19 77 8 27 78 69 12 6 20 68 22 64 24 14 18 13 15 28 43
37 11 12 1 69 33 57 56 10 50 47 3 60 58 62 34 43 61 63 64 6 30 73 71 53 18 29 54 66 79 74 23 76 77 70 78 27 41 17 40 75 31 52 4 36 48 65 45 44 14 26 2 72 49 59 8 28 32 39 5 51 24 9 35 13 67 55 38 46 22 25 19 16 15 0 42 20 68 7 21
74 9 32 13 65 20 77 6 68 26 0 33 51 18 71 78 75 8 10 62 47 73 29 52 24 37 42 53 14 1 76 27 59 7 15 46 17 16 67 4 43 61 34 44 45 72 25 22 3 58 5 66 55 2 79 57 23 28 39 70 11 60 19 49 38 30 54 36 50 56 35 12 40 41 21 64 31 69 63 48
40 71 52 26 55 65 11 18 54 21 6 69 64 72 58 13 43 22 34 33 68 46 9 77 14 50 23 20 60 4 5 61 3 10 78 66 1 30 38 67 12 73 36 56 63 29 41 25 31 59 53 39 49 17 2 16 37 70 27 47 28 0 15 42 51 8 79 76 35 48 45 57 44 19 24 74 75 7 62 32
39 75 62 7 52 25 16 29 51 2 38 58 14 69 34 43 55 13 79 56 17 50 32 28 66 76 36 9 41 20 24 12 8 49 48 5 53 74 27 23 1 77 0 67 30 47 59 33 78 73 19 6 57 4 68 21 63 26 61 71 60 3 72 64 70 35 54 46 11 42 22 37 18 10 31 44 45 65 15 40
82 7 27 38 78 50 74 53 64 88 78 85 95 4 31 13 81 66 24 61 56 3 50 25 53 4 10 86 50 18 75 24 62 68 39 22 89 26 62 72 10 60 20 27 32 43 37 5 65 16 6 67 76 5 18 4 2 74 98 13 71 20 59 29 61 20 34 47 48 44 76 55 48 48 42 35 4 5 24 5
75 47 82 91 35 60 85 86 41 41 50 15 8 69 65 62 50 83 4 21 83 26 55 3 31 25 49 78 81 21 37 21 59 46 43 30 91 27 59 90 87 23 89 88 75 81 45 37 62 14 81 39 37 82 71 21 74 85 24 22 21 91 11 100 8 5 48 100 97 71 63 41 57 11 83 36 91 90 57 39
7 66 39 61 92 30 31 78 81 9 67 41 14 83 56 34 70 59 86 72 97 48 39 56 27 100 73 4 30 40 42 67 84 64 80 44 18 40 9 57 17 19 95 5 77 30 88 50 70 24 18 27 83 18 52 35 100 58 98 48 30 39 59 83 23 61 16 24 96 91 51 2 67 1 59 46 52 54 87 54
66 17 9 16 63 33 61 54 91 54 4 16 22 13 70 75 50 21 27 70 42 75 43 4 83 67 96 80 4 46 84 15 92 58 46 49 26 51 95 43 75 66 66 51 94 10 74 18 3 64 55 81 20 7 31 71 62 77 65 35 84 41 46 40 100 97 88 100 95 57 81 69 93 75 3 32 52 25 14 100
68 81 17 41 44 18 74 17 28 38 31 42 74 99 21 8 73 71 61 83 52 3 50 5 62 12 90 42 88 93 27 25 16 65 48 53 24 18 88 48 99 11 79 9 1 52 41 46 97 43 79 54 70 37 86 44 52 90 73 23 28 65 30 84 74 72 74 33 88 61 47 49 4 44 89 89 31 79 5 18
17 88 100 90 81 89 58 33 22 7 39 19 4 79 62 100 65 51 27 98 7 31 83 47 3 78 39 38 10 66 24 34 32 68 70 52 69 82 88 100 44 1 13 16 11 80 52 70 28 80 65 27 25 15 27 75 1 74 33 86 39 14 53 42 81 6 97 77 86 54 50 50 11 75 74 2 83 100 2 38
10 73 31 61 16 69 91 14 74 81 4 41 61 22 53 12 94 84 55 86 94 78 86 59 9 60 63 62 28 43 70 90 51 73 1 80 16 11 23 92 14 22 5 45 70 95 65 87 96 23 42 14 61 11 63 11 5 88 51 11 29 69 64 13 3 34 98 85 31 74 14 28 38 12 62 46 74 97 35 60
54 98 18 14 52 46 37 90 18 67 9 29 62 29 9 99 1 53 40 70 93 43 83 11 20 29 39 65 78 86 52 99 57 61 13 60 56 80 82 2 55 57 1 70 94 16 18 19 70 66 17 33 95 62 100 45 2 48 66 44 67 100 64 86 53 24 23 7 95 15 15 61 40 68 5 100 100 81 78 44
43 29 61 92 14 73 7 30 32 98 13 92 12 29 41 55 71 66 24 32 59 30 28 1 71 7 24 47 48 22 95 94 52 85 30 21 66 76 25 19 1 48 52 83 12 49 17 61 67 87 26 73 12 77 44 43 28 12 99 64 28 89 13 24 36 73 13 50 1 29 59 76 60 79 66 54 65 69 40 89
5 88 52 89 42 22 28 86 21 59 27 3 15 92 42 72 94 20 72 91 35 9 58 44 46 74 44 29 8 12 91 91 88 5 44 98 24 66 3 1 41 41 66 90 99 45 94 68 21 30 90 32 61 73 9 44 52 65 25 11 49 21 87 78 71 10 16 70 35 13 8 41 29 12 77 72 68 17 27 64
17 45 18 62 97 93 8 1 46 10 45 78 32 74 73 83 10 69 6 79 84 58 99 4 3 30 80 75 75 68 26 28 55 71 89 25 97 24 74 75 58 85 91 83 98 82 100 83 70 17 56 50 9 25 89 98 74 76 31 52 15 47 10 73 38 91 37 88 49 70 78 7 37 51 83 92 15 8 71 9
10 18 6 91 53 55 21 50 54 4 85 66 70 71 40 6 26 44 67 2 18 57 95 22 93 50 65 40 4 12 34 71 13 95 49 94 37 65 29 99 33 60 71 69 6 79 66 11 51 52 96 16 69 3 48 34 44 82 77 24 33 23 50 64 44 12 75 97 85 18 35 87 5 78 8 76 14 77 69 29
55 81 53 98 33 99 43 16 35 40 69 91 9 66 72 49 20 45 41 76 83 47 27 38 88 8 60 18 80 16 64 66 74 93 9 1 95 29 73 50 85 62 42 2 22 70 99 89 21 69 74 35 48 78 96 72 7 42 54 49 98 85 40 10 27 45 27 6 47 76 58 22 89 60 94 88 35 88 87 52
12 30 53 17 50 2 43 17 25 1 76 41 76 52 50 19 83 34 85 37 85 59 11 86 14 13 3 77 48 37 70 12 70 22 28 82 98 34 12 4 11 97 55 60 8 45 9 5 17 28 81 20 97 74 26 86 29 46 63 34 93 54 26 22 36 23 96 90 4 45 74 79 25 95 6 60 98 65 84 48
30 28 69 80 67 1 44 13 14 4 63 26 36 22 9 19 44 46 27 64 54 69 11 100 100 32 64 18 50 55 25 33 2 93 25 54 39 85 87 74 78 83 70 44 18 47 30 15 37 60 69 87 43 78 40 20 23 47 23 6 92 67 34 75 60 38 97 42 69 12 71 54 62 5 92 14 59 4 65 61
66 40 2 49 93 90 90 92 35 49 41 39 16 97 93 90 23 56 73 7 92 7 68 39 74 97 52 8 28 66 69 22 100 97 65 79 5 44 62 69 7 44 10 16 80 1 52 48 53 6 27 50 55 62 47 20 53 2 79 5 40 85 68 68 30 52 60 20 46 19 95 17 62 26 19 60 35 40 96 33
88 100 100 29 50 6 16 19 67 8 93 48 90 3 71 98 4 59 34 19 52 11 86 38 54 2 51 28 51 98 37 52 13 9 69 44 87 70 44 21 24 58 84 2 33 17 86 86 12 43 7 1 31 42 58 34 77 75 84 85 97 29 19 95 59 36 100 46 14 2 42 97 58 69 73 39 8 90 100 53
88 58 9 60 60 40 63 7 90 48 50 30 98 55 32 73 16 11 19 4 43 100 7 95 47 63 32 14 98 69 18 37 60 43 87 54 13 84 29 23 12 69 66 3 33 50 33 38 85 54 54 84 30 74 28 4 41 71 58 17 59 77 93 98 30 23 67 32 61 25 25 94 54 46 36 72 61 89 46 66
67 42 39 35 52 95 32 93 32 80 15 39 86 12 17 90 31 89 96 9 100 74 10 16 72 32 18 37 48 18 23 68 78 69 59 62 97 63 22 100 53 88 47 66 24 97 49 17 69 62 85 74 80 81 16 34 9 5 22 76 4 9 54 60 17 97 4 23 57 42 95 36 15 5 66 95 5 74 40 95
34 76 30 83 9 8 30 76 29 64 32 83 58 6 60 15 36 21 36 87 78 60 65 75 57 31 22 44 59 32 43 55 74 1 25 50 49 52 93 28 9 65 67 41 50 5 82 63 53 30 76 55 48 97 30 11 90 43 5 76 68 35 88 84 32 73 27 71 71 19 2 28 33 67 58 47 10 22 23 18
