20 80
55 78 21 1 35 46 10 24 29 48 49 2 65 52 36 69 58 38 7 3 77 26 0 53 37 72 33 11 25 34 16 39 28 54 73 59 17 14 50 22 60 18 74 62 31 5 32 41 30 6 63 43 15 20 4 76 51 75 45 56 71 9 19 8 64 44 68 40 67 23 79 61 47 13 42 27 70 66 57 12
11 77 51 34 41 79 50 55 52 70 31 38 72 67 32 40 8 66 35 13 16 47 59 20 30 48 56 1 33 75 26 29 23 78 43 17 25 74 46 22 63 27 60 64 36 14 5 18 9 2 71 28 62 49 65 39 44 19 53 3 0 58 21 68 76 57 45 10 7 12 15 4 37 69 42 61 24 73 6 54
49 54 19 37 61 45 2 53 51 1 7 6 68 13 8 29 20 14 60 77 43 71 21 26 78 17 42 76 35 10 40 79 62 16 4 46 64 58 33 34 72 3 27 69 50 38 63 5 44 28 0 65 57 47 31 36 67 32 23 55 18 22 75 52 24 41 48 74 15 66 73 25 39 59 11 56 70 12 30 9
37 12 16 30 15 2 68 60 11 31 19 29 5 28 55 7 32 56 27 3 67 21 26 63 49 10 79 1 71 35 40 22 65 45 53 38 4 64 70 20 42 46 77 52 51 43 58 41 17 57 50 44 59 13 69 75 78 47 48 14 66 23 54 76 39 61 9 62 6 8 74 0 34 25 36 72 73 18 24 33
20 30 28 45 27 64 23 36 38 0 5 1 33 42 13 61 79 78 31 29 63 39 48 17 8 67 60 50 7 43 56 44 77 74 76 62 12 65 40 59 75 52 69 55 37 53 35 26 22 49 3 19 72 6 15 57 32 14 9 24 18 11 2 47 51 4 10 73 34 41 46 71 58 16 21 25 70 68 66 54
19 55 31 43 9 10 42 76 54 47 33 59 78 70 29 44 0 37 56 15 75 52 40 63 1 2 23 79 64 60 68 32 21 38 36 51 13 20 11 14 49 30 18 17 48 62 34 58 24 27 35 57 66 41 67 3 45 74 8 7 72 69 26 22 73 46 28 12 61 39 50 53 71 16 4 6 77 65 5 25
24 67 53 39 76 27 43 54 75 22 59 56 49 65 66 21 71 19 64 50 78 74 0 45 58 73 6 25 72 8 4 18 14 11 42 57 63 9 60 32 12 10 17 51 41 1 33 31 48 36 55 61 30 34 2 40 26 52 20 70 35 3 23 69 79 28 77 38 16 46 44 5 29 37 47 13 68 7 15 62
14 6 21 75 49 67 3 79 32 62 72 47 68 50 45 71 2 74 51 8 78 63 29 43 18 22 30 58 57 36 35 12 66 17 23 0 1 39 77 19 13 28 34 54 76 33 55 37 69 40 65 59 73 20 52 5 56 42 7 53 60 27 38 9 44 25 46 48 11 70 31 15 24 41 61 16 64 4 26 10
62 11 7 26 41 13 31 44 45 79 39 78 0 49 47 3 70 76 14 27 30 34 67 1 36 60 12 38 65 32 22 40 53 56 46 61 4 74 33 63 54 50 35 8 64 71 51 72 66 57 75 20 37 18 10 2 15 42 68 69 48 29 24 77 58 73 28 19 55 21 25 43 9 59 52 17 6 16 23 5
7 9 45 38 76 25 6 75 37 69 54 8 17 51 50 19 46 4 42 48 73 67 65 15 41 16 61 70 1 53 26 40 43 68 3 49 39 71 78 13 27 23 79 24 64 57 60 14 31 72 58 55 2 47 0 63 32 52 36 12 29 22 18 59 5 34 74 66 35 10 21 44 20 56 33 30 77 11 28 62
20 24 52 42 37 43 61 18 58 69 7 0 29 4 41 26 1 53 73 47 50 5 66 49 21 3 76 31 9 28 44 22 68 19 32 36 77 57 75 25 8 55 39 78 15 45 27 34 62 23 35 54 79 60 51 72 74 11 65 48 70 2 17 40 67 33 46 56 30 38 64 59 6 63 14 13 16 71 10 12
32 49 30 60 34 5 74 36 52 8 62 75 76 70 59 3 43 14 20 71 39 9 15 7 69 57 48 18 65 41 37 28 72 27 66 0 44 23 17 13 40 77 6 42 26 73 33 68 54 63 55 67 50 61 19 78 31 35 22 25 12 21 45 56 4 38 29 64 11 24 16 1 58 2 10 51 79 47 53 46
59 1 42 75 45 6 31 15 30 2 25 11 74 28 29 13 35 54 32 63 55 56 5 4 58 37 43 27 67 66 69 17 73 23 62 77 3 18 65 7 19 71 21 34 20 12 22 41 44 14 10 47 38 76 33 53 78 51 70 8 48 49 39 24 64 61 68 9 0 40 79 36 26 16 52 46 50 72 60 57
9 38 1 20 39 58 14 15 51 10 0 55 26 31 73 60 41 2 5 79 6 67 28 63 46 70 75 69 3 59 42 17 33 11 50 77 66 56 35 64 43 71 54 37 68 25 40 57 24 76 32 13 72 18 7 48 21 78 62 4 19 52 44 45 49 8 36 22 27 16 47 29 53 23 61 30 74 12 65 34
35 71 65 61 58 4 28 37 41 50 11 54 66 72 64 67 22 78 15 23 33 40 6 57 39 52 55 70 59 5 25 73 42 12 30 10 45 31 18 17 62 32 26 76 79 47 51 20 53 19 36 63 60 9 7 74 49 48 68 14 77 0 56 75 16 43 2 29 21 69 46 44 8 1 27 3 38 13 24 34
25 72 78 58 3 19 79 51 70 2 48 1 38 27 32 76 56 43 41 47 30 7 35 74 65 33 63 49 61 64 77 52 26 18 34 12 46 6 66 23 5 13 68 0 8 60 57 21 14 16 73 45 71 67 44 62 22 50 55 10 4 37 11 24 20 9 31 36 42 54 28 39 75 53 40 29 17 15 69 59
25 8 36 5 39 76 28 32 47 62 33 56 4 24 41 43 57 53 74 40 9 27 29 64 18 63 10 77 17 48 11 6 14 58 75 70 26 7 34 49 79 65 19 55 52 69 67 46 45 44 23 61 37 50 66 13 22 71 16 31 0 21 12 30 35 42 54 1 59 20 15 60 78 38 51 68 72 2 73 3
15 36 11 27 42 37 47 68 53 61 67 64 29 28 16 3 6 55 31 50 1 60 40 7 63 5 59 54 35 45 26 74 20 39 38 19 34 46 77 57 24 62 2 48 58 70 10 0 14 12 21 78 76 32 66 4 52 51 72 8 44 43 17 75 33 56 23 22 13 69 41 30 49 9 79 25 65 18 71 73
51 38 11 69 5 2 42 79 26 18 61 49 72 24 32 58 67 19 3 22 55 76 47 33 45 14 8 6 77 34 35 75 16 30 62 41 20 65 17 57 25 28 27 73 43 66 0 44 40 13 60 9 15 36 59 23 21 48 12 53 56 78 10 63 68 4 70 50 64 71 39 29 37 54 31 46 74 1 7 52
22 49 32 67 36 54 30 3 77 26 39 38 70 5 47 56 11 78 31 40 55 17 62 27 13 19 29 72 44 34 42 53 68 23 7 0 21 76 8 58 33 2 60 79 61 57 43 45 4 1 9 46 35 64 74 24 14 59 6 50 71 18 20 16 51 66 63 73 75 69 65 25 41 10 28 12 15 52 37 48
28 95 100 19 100 82 40 47 91 94 33 55 8 56 86 99 5 46 43 86 17 59 67 47 14 28 78 82 22 82 40 94 97 6 64 70 8 28 98 80 84 26 34 49 33 67 43 52 100 26 59 96 20 10 81 53 72 88 19 80 21 46 95 33 18 39 35 20 43 47 78 31 34 96 70 32 23 36 60 77
2 43 98 45 91 57 35 45 75 8 26 65 10 98 48 49 71 81 51 25 64 79 7 36 68 9 30 93 82 35 100 84 36 27 23 27 3 28 5 48 61 87 8 79 73 11 36 81 70 13 75 90 90 3 20 84 85 54 93 42 31 80 33 70 30 63 55 3 2 9 64 4 37 31 43 41 45 48 79 61
56 73 56 13 36 86 98 57 65 91 51 75 78 60 65 27 32 82 16 61 39 24 41 41 14 23 56 95 94 65 33 36 62 22 31 57 30 71 41 5 6 3 10 51 95 77 17 33 97 4 50 38 51 30 99 79 60 47 42 26 59 67 9 81 12 83 79 26 64 93 100 1 98 71 44 75 23 65 93 23
71 26 9 74 2 76 57 41 27 75 5 80 49 14 85 100 1 41 14 23 45 40 33 100 11 97 69 84 96 74 25 51 71 77 77 23 68 46 11 71 26 70 3 10 1 86 69 31 2 99 19 69 5 15 50 60 79 68 43 65 59 68 32 16 10 87 19 54 10 40 38 67 21 83 77 29 45 63 96 42
96 76 52 55 76 80 35 47 59 64 44 71 85 99 16 14 82 63 59 35 38 93 86 7 31 87 52 71 41 61 7 40 54 86 17 56 38 76 61 69 23 23 67 7 43 37 32 28 60 50 89 54 84 58 83 22 39 90 9 68 96 65 71 24 33 68 52 59 93 58 91 78 96 48 41 74 90 82 36 12
39 68 3 7 48 86 73 76 82 93 89 72 1 72 68 9 33 85 12 89 37 16 88 38 88 8 55 29 78 51 34 58 3 45 27 81 3 16 12 40 4 4 3 79 20 31 36 53 41 7 38 26 76 30 87 23 99 6 6 6 63 25 73 42 54 11 92 63 91 34 1 81 16 22 27 88 23 65 91 39
35 91 27 47 74 87 93 36 99 82 38 86 88 28 78 29 26 90 20 81 9 72 1 99 89 61 13 35 100 56 66 69 80 25 49 94 50 54 90 40 30 35 88 59 6 29 61 97 55 74 31 54 77 25 99 10 62 37 4 83 66 80 21 53 12 39 26 19 83 14 7 12 16 40 61 40 59 22 53 19
98 8 15 70 6 52 60 12 82 43 57 73 45 29 73 82 37 13 66 77 10 12 14 98 2 74 77 23 29 53 84 11 93 62 85 44 28 11 28 30 72 26 64 48 1 50 88 4 60 77 37 11 84 55 10 87 9 75 15 25 43 87 40 10 27 75 64 80 100 52 59 99 50 58 1 60 38 39 49 13
76 29 26 39 36 94 18 12 83 13 61 36 47 37 73 96 28 72 62 49 66 24 26 25 31 48 87 14 40 63 72 38 16 65 1 44 76 19 66 70 2 52 96 82 40 98 68 53 80 88 37 26 91 89 7 62 4 83 94 37 90 100 34 69 99 83 68 22 36 75 23 66 14 92 64 71 89 41 62 49
16 84 26 1 95 61 32 10 20 5 28 70 37 78 55 74 75 56 35 85 13 65 62 12 71 64 40 7 50 48 30 57 70 55 45 15 64 84 66 21 9 22 2 20 4 94 47 75 49 34 59 84 22 17 58 82 10 87 58 48 94 41 43 89 24 34 58 99 8 75 99 8 39 11 54 73 17 33 84 84
54 68 93 39 74 38 76 86 95 14 82 85 50 71 76 36 71 55 44 19 92 51 94 9 39 63 93 63 5 44 27 100 83 19 98 78 41 62 52 40 32 99 51 13 77 64 94 9 23 25 48 88 8 10 60 39 26 86 77 17 71 18 94 2 63 13 2 56 29 69 77 6 43 89 82 74 64 33 44 83
2 73 88 41 90 8 16 78 81 28 64 69 85 14 74 80 37 48 49 2 34 35 24 29 90 10 31 70 94 81 50 69 95 39 14 95 19 56 17 44 100 53 24 47 98 87 54 87 38 12 100 89 69 12 22 91 16 70 97 14 28 53 100 34 82 61 35 54 62 32 2 74 14 77 77 30 32 44 58 91
17 42 69 61 58 41 51 83 4 31 2 70 12 23 14 87 26 92 17 15 47 67 1 2 9 56 69 37 17 51 19 59 31 15 36 78 35 40 93 73 30 98 48 62 79 61 87 8 1 75 31 40 94 44 93 39 87 89 64 96 55 71 64 72 76 94 100 86 36 63 97 41 100 30 84 48 98 58 54 77
51 12 7 95 73 22 75 29 36 5 9 58 25 14 53 79 66 64 55 80 20 98 79 99 39 43 50 96 17 52 62 38 75 99 8 4 68 1 15 60 47 23 23 97 16 77 30 16 9 93 11 80 44 100 16 8 63 44 6 61 77 69 74 91 22 45 17 40 31 56 49 1 74 40 11 35 83 40 70 88
84 66 44 17 55 88 74 62 22 73 58 3 74 52 34 3 79 49 81 51 73 51 41 70 4 94 37 24 96 2 23 10 26 96 3 64 55 82 6 80 7 24 82 69 19 72 55 68 12 2 55 1 95 78 15 52 78 33 54 53 55 14 44 1 43 35 52 29 79 56 24 45 67 45 9 14 48 1 23 63
2 79 56 66 30 25 37 94 27 94 48 71 1 62 25 15 45 82 88 38 34 96 65 65 18 59 52 13 8 62 14 17 40 35 61 52 36 76 11 72 30 49 12 65 22 74 75 82 60 16 33 9 8 17 9 35 83 76 58 46 21 56 86 68 11 88 77 1 9 56 64 32 99 43 69 75 91 66 94 96
65 20 42 33 22 3 99 2 96 23 68 73 84 64 37 22 57 51 55 67 63 7 49 42 86 50 31 59 94 66 91 74 13 1 64 73 23 66 80 77 85 75 50 68 64 31 55 4 9 43 46 17 9 66 1 16 77 51 7 57 41 87 87 43 97 41 72 8 35 51 43 49 50 59 77 88 74 37 30 1
37 51 67 28 9 62 72 12 62 47 67 54 44 25 43 84 44 31 47 11 35 51 43 75 9 16 50 48 81 11 25 79 35 73 52 72 37 37 100 27 34 44 88 15 62 85 22 19 34 68 86 61 93 7 42 32 12 15 97 88 35 14 90 2 64 50 68 30 25 43 98 57 78 65 30 41 97 35 90 3
72 20 7 43 27 61 60 60 88 42 72 94 30 12 48 22 40 2 98 43 79 94 87 26 94 61 92 67 50 65 91 22 1 1 39 76 33 22 81 7 61 85 20 56 66 20 10 95 54 86 69 93 53 94 86 3 69 88 7 61 13 61 46 3 76 98 67 17 16 73 10 21 65 87 46 27 33 58 60 13
65 50 52 22 69 76 81 36 10 66 66 44 51 24 80 64 76 28 75 24 11 85 86 87 48 43 97 50 57 99 62 92 11 64 12 3 19 65 87 43 39 2 45 89 63 17 39 80 79 62 82 17 10 13 28 21 10 87 21 5 44 43 64 98 87 10 61 20 2 30 99 81 93 59 88 96 32 47 52 41
