20 80
7 65 60 44 34 59 3 54 66 49 11 45 24 61 40 63 78 55 29 35 12 14 30 68 36 43 25 48 79 37 1 64 52 0 28 18 42 6 19 10 9 46 31 27 22 58 76 62 74 72 13 39 69 5 2 20 21 77 51 16 23 32 56 73 71 4 53 57 67 41 70 26 75 47 50 33 15 8 17 38
13 3 18 72 55 30 39 59 57 68 32 15 38 29 58 28 21 52 23 66 7 70 45 56 25 40 42 0 60 5 14 20 33 27 35 11 64 77 51 48 78 41 61 17 67 73 4 53 65 44 63 9 36 74 34 54 43 76 24 37 2 10 47 71 46 8 31 12 49 62 22 1 19 16 6 26 50 75 69 79
48 57 74 40 29 34 43 78 20 22 16 30 21 0 64 68 1 8 15 12 60 3 79 18 53 7 26 70 69 6 17 49 31 19 42 58 65 14 54 10 2 37 59 41 13 27 61 51 67 4 28 11 9 45 33 55 38 5 56 46 35 25 77 36 32 66 73 63 71 52 44 72 75 47 23 62 24 50 39 76
34 40 39 37 46 15 62 30 47 29 43 53 69 9 59 52 74 0 41 65 73 36 49 75 19 17 24 35 13 16 21 42 33 38 26 50 45 79 51 31 2 11 58 5 10 14 23 67 54 66 64 56 77 60 8 22 32 27 78 3 4 55 70 12 44 61 25 20 72 7 48 71 63 28 57 18 68 76 6 1
36 5 16 56 43 47 13 65 77 30 24 33 45 46 75 69 26 79 53 3 14 57 62 70 74 2 55 54 34 18 51 27 40 8 67 58 44 23 21 37 11 48 68 1 28 78 50 32 6 19 61 9 35 20 17 10 4 0 60 39 63 76 31 59 7 38 49 42 12 41 71 25 66 52 22 15 64 73 29 72
57 34 54 21 5 1 13 69 23 77 2 27 33 45 14 30 8 53 60 29 37 0 63 42 79 48 24 74 12 68 47 25 52 19 73 71 6 65 46 40 49 31 22 18 35 26 66 28 64 7 59 20 58 39 32 41 10 55 4 36 50 78 67 76 9 16 38 15 62 70 3 72 17 61 44 43 51 11 75 56
59 64 1 2 13 45 47 60 72 66 77 51 30 21 76 41 79 20 16 27 74 78 5 65 61 37 55 0 63 25 29 8 14 23 12 39 58 46 6 50 75 34 26 71 54 32 68 57 11 15 22 53 56 9 7 67 43 28 19 35 10 38 69 44 48 17 70 62 36 24 4 52 49 3 33 31 18 73 42 40
46 58 21 54 11 27 7 57 14 65 1 60 73 78 24 56 0 29 41 37 4 70 53 76 2 30 28 9 64 22 12 45 18 47 66 5 43 67 20 52 17 34 13 26 79 36 49 32 75 77 33 69 10 63 71 59 8 25 19 42 6 44 51 38 68 72 48 35 62 50 39 61 23 40 15 74 3 31 55 16
64 63 67 3 46 28 74 34 23 62 0 59 29 39 51 37 48 50 5 60 12 58 57 76 8 71 70 24 1 6 55 73 36 25 20 78 30 61 26 14 4 77 35 10 21 2 27 47 79 68 13 69 18 32 42 40 22 44 43 41 49 65 52 53 45 38 75 33 9 72 16 31 54 11 56 19 66 17 15 7
42 52 8 37 68 5 20 21 71 62 75 73 33 46 45 36 38 74 61 9 41 32 11 64 16 27 63 30 29 31 77 0 34 43 69 19 26 56 23 6 49 44 59 67 10 14 79 53 65 22 1 28 2 12 78 55 48 18 51 13 17 15 35 50 47 76 60 57 39 7 25 3 40 72 58 66 4 70 54 24
28 41 76 14 73 55 18 44 34 27 6 11 43 74 12 8 77 70 16 30 52 65 35 26 61 15 10 24 32 71 51 19 45 40 9 4 47 33 1 75 63 17 48 42 0 72 59 3 39 37 38 5 78 46 69 68 21 31 66 60 56 58 62 67 36 20 13 25 64 54 22 7 79 23 2 50 29 49 57 53
33 15 59 35 26 74 48 25 8 72 2 30 62 54 66 61 14 45 29 55 3 1 19 12 11 6 58 47 53 56 23 51 52 79 64 7 21 5 49 63 50 4 70 9 76 18 38 10 41 69 24 34 78 67 13 44 57 31 68 16 0 27 71 46 73 60 39 20 43 17 22 42 65 36 28 40 32 37 77 75
60 54 52 73 13 53 37 55 25 69 77 74 56 30 45 43 7 24 6 71 67 16 76 38 33 35 40 49 20 22 68 61 64 51 21 50 39 65 57 79 32 78 46 75 42 47 1 27 66 8 34 70 11 31 12 3 19 4 48 58 10 63 28 62 14 44 72 59 15 5 41 0 9 29 26 23 17 18 36 2
77 74 71 44 18 70 6 78 29 63 37 47 10 40 14 72 3 16 36 46 49 8 0 42 76 23 30 9 53 31 68 55 61 28 58 4 50 48 64 12 27 79 51 34 1 60 2 38 45 73 43 20 67 66 69 54 35 62 13 22 32 57 26 19 59 41 17 11 25 39 15 75 33 56 5 65 24 52 7 21
70 72 77 26 48 40 0 17 18 2 74 8 67 43 3 23 58 49 12 60 57 51 10 59 44 13 75 39 66 9 64 5 31 21 19 35 76 4 33 20 7 78 34 53 65 61 45 6 55 62 63 50 42 38 30 79 41 14 25 36 16 11 24 68 47 71 37 69 56 29 32 27 15 28 46 54 1 73 22 52
51 46 23 24 5 2 30 52 47 66 39 71 13 21 79 64 42 55 40 9 18 27 63 26 78 50 11 54 61 74 4 57 0 67 38 72 1 19 34 22 25 31 41 60 68 10 73 3 75 48 33 45 37 20 77 36 56 7 76 16 70 59 53 62 58 28 15 14 44 12 65 6 43 8 29 17 35 69 49 32
3 59 22 71 21 60 10 75 5 66 20 12 58 53 17 45 48 56 37 28 29 39 40 49 14 55 2 65 18 63 51 47 42 25 27 13 1 62 50 68 78 73 38 43 34 23 36 35 69 72 70 31 79 74 8 15 61 52 57 44 33 30 32 54 67 41 11 0 19 4 77 24 6 76 64 7 26 16 9 46
27 45 40 50 1 75 79 20 65 54 64 60 70 46 56 59 37 57 76 55 36 18 33 7 17 0 23 29 39 51 58 67 41 4 52 49 69 43 47 8 13 30 11 66 78 73 35 62 21 34 6 44 25 16 31 61 42 68 22 3 24 72 9 71 32 5 63 53 2 26 19 15 48 28 38 14 10 74 77 12
23 40 34 71 38 31 4 19 0 47 27 37 11 79 78 9 2 76 57 17 22 61 16 24 62 73 6 48 25 53 43 18 64 60 42 45 59 3 21 72 75 41 74 63 58 32 1 36 49 46 39 68 65 77 5 54 29 51 26 30 8 28 10 35 52 13 15 7 50 70 66 55 56 12 44 67 33 69 14 20
42 76 4 18 46 51 26 44 38 10 48 29 52 65 47 25 54 22 36 6 43 41 32 60 49 34 56 5 64 57 23 37 7 77 79 72 33 61 14 63 31 50 1 70 74 39 17 11 45 28 40 58 13 30 16 68 24 15 35 19 12 2 9 67 55 21 27 59 66 53 69 75 20 73 71 62 78 3 0 8
24 12 72 79 39 59 39 10 52 76 80 64 44 92 64 94 1 9 49 41 82 9 31 99 100 13 22 92 63 77 33 80 38 84 25 66 93 51 18 10 12 59 28 44 56 45 68 52 13 87 73 64 43 76 76 99 89 99 8 96 3 30 74 66 92 4 35 14 40 47 85 84 20 73 76 57 25 75 35 100
55 20 29 9 50 64 14 84 70 38 46 65 64 98 39 93 78 46 65 81 68 54 61 17 4 99 69 95 87 63 24 61 47 4 30 65 96 80 30 21 31 55 30 32 25 36 6 75 37 94 7 74 40 33 59 1 4 28 64 75 42 17 20 21 54 22 20 51 23 66 6 60 31 95 80 73 51 59 57 25
30 21 27 2 7 65 42 25 15 99 69 95 1 93 70 22 77 37 6 37 39 72 88 43 78 17 34 5 47 48 77 6 32 11 87 51 79 93 20 66 31 19 79 87 68 48 40 2 34 10 8 12 31 53 5 63 9 18 11 5 91 41 3 73 15 30 29 1 5 59 89 98 10 23 59 100 79 63 6 53
28 10 32 39 30 58 25 72 92 83 33 25 47 97 50 91 96 41 21 65 38 44 17 79 7 20 63 3 80 87 39 96 40 68 65 70 72 46 33 69 50 100 60 23 4 46 51 13 32 25 84 24 84 14 54 80 53 43 72 83 73 59 28 2 7 80 98 76 53 97 7 1 4 93 67 16 4 61 8 91
61 77 13 42 32 18 33 75 2 95 98 61 80 49 31 53 84 14 40 36 100 96 83 78 19 89 95 53 25 77 44 38 34 42 94 30 76 96 17 39 81 7 58 47 3 99 100 44 24 97 27 33 25 86 42 52 27 77 74 49 50 88 11 7 100 12 47 36 33 99 11 78 91 56 19 9 36 29 87 76
67 44 78 1 20 99 98 29 85 40 69 11 40 10 27 19 39 68 74 20 27 9 75 20 60 78 44 78 17 53 87 27 43 7 8 24 20 1 51 29 8 1 73 77 55 10 98 32 16 15 80 23 77 1 75 60 84 9 13 16 27 97 98 47 36 94 90 39 52 59 75 87 51 34 3 9 94 41 13 84
23 86 41 21 26 93 13 71 70 24 100 48 50 25 66 7 100 8 67 18 75 64 3 46 58 30 43 39 24 4 79 17 5 59 60 47 18 72 31 62 97 9 77 26 78 3 96 54 86 95 40 17 25 8 5 55 48 88 74 71 95 39 21 16 32 37 44 56 89 15 91 17 38 96 51 32 4 9 73 5
41 77 7 50 47 12 34 42 49 63 58 91 55 25 55 91 80 69 51 39 95 12 55 81 13 6 72 14 42 66 33 54 57 63 19 83 83 45 80 52 64 56 12 81 58 87 100 48 18 5 2 4 53 24 92 45 45 50 12 65 79 47 10 6 16 30 64 98 23 61 28 64 10 25 13 79 21 27 96 80
69 5 70 74 2 5 5 79 95 84 63 1 73 81 19 82 94 91 5 43 37 69 42 90 92 91 86 26 30 42 100 26 88 82 34 42 90 11 41 97 97 11 77 27 33 14 81 45 14 67 67 33 54 4 18 81 49 93 25 19 21 22 15 49 97 64 9 91 66 71 1 55 53 4 41 66 97 4 58 23
92 20 95 78 66 73 25 97 30 53 15 14 56 98 64 92 25 69 66 91 79 60 49 82 80 21 40 48 34 45 47 7 44 60 9 10 47 73 34 77 38 59 76 92 35 53 48 95 40 91 27 50 16 37 42 79 27 95 78 86 11 86 6 79 34 27 4 95 35 74 100 74 24 14 12 8 74 26 66 42
33 76 75 95 86 89 68 97 56 32 100 15 74 95 64 21 51 39 45 43 5 25 62 5 99 48 83 97 60 81 20 63 40 43 59 86 93 54 6 38 20 60 18 91 82 59 93 61 30 9 3 93 91 79 82 100 14 47 20 79 93 40 1 84 22 19 23 68 93 64 40 25 78 81 60 46 38 97 52 43
22 88 44 98 42 52 47 74 51 75 71 3 55 44 83 9 54 51 73 17 32 63 93 23 87 51 67 45 91 27 10 55 5 52 32 89 6 55 4 21 26 68 87 5 67 58 92 8 15 23 76 31 29 77 30 51 69 32 85 21 13 28 96 14 58 98 46 20 46 23 98 78 75 52 29 73 87 4 72 57
66 68 1 93 99 8 4 96 64 32 24 63 76 73 79 47 73 60 92 83 78 19 52 69 87 16 34 50 52 98 77 31 13 89 61 3 7 99 35 32 78 71 20 55 79 80 49 97 9 9 56 71 10 20 72 71 80 18 64 74 70 65 96 75 5 73 9 68 22 27 68 34 36 74 4 59 93 31 83 37
13 33 77 68 73 81 22 74 85 33 25 98 44 67 4 60 99 21 84 22 96 98 34 5 86 97 15 72 64 43 65 25 11 85 57 11 16 59 29 7 29 36 33 19 66 85 98 58 48 31 54 49 78 39 15 97 82 92 48 22 40 91 54 23 41 52 100 63 41 57 68 21 23 87 51 18 98 69 30 88
43 96 31 10 39 88 28 44 16 9 16 38 35 49 38 80 79 50 87 19 64 60 68 86 38 86 41 93 26 8 67 79 70 29 88 42 41 87 10 90 80 36 99 3 60 45 100 4 82 72 28 58 29 42 4 89 22 57 50 56 17 13 52 6 92 4 3 55 7 53 4 67 34 21 63 57 94 88 4 25
23 89 78 46 66 77 67 42 78 94 94 21 55 38 91 52 22 43 81 8 1 62 41 89 94 64 46 46 10 21 98 91 68 58 56 18 60 22 12 22 67 95 97 9 41 88 100 43 60 71 94 85 29 13 83 20 12 18 47 3 13 26 19 14 83 47 90 96 14 7 66 64 34 79 16 12 75 42 74 40
72 5 79 25 87 52 83 29 32 75 89 13 5 59 80 11 63 12 55 7 77 63 23 93 5 46 34 19 9 94 83 95 73 48 39 72 75 10 38 50 49 93 11 17 60 86 27 72 10 14 84 42 43 75 55 69 97 46 1 17 34 17 68 48 59 24 1 90 9 58 90 91 72 89 39 37 46 8 100 67
32 72 75 100 25 92 50 15 24 91 66 100 66 25 16 64 42 55 12 70 35 90 35 25 49 59 98 19 51 10 28 73 82 32 12 37 78 49 37 8 14 54 61 55 53 91 2 89 17 88 10 44 48 7 25 94 16 30 21 53 37 94 81 3 36 21 50 72 9 87 3 84 51 23 25 63 14 74 88 73
36 10 23 69 84 93 96 73 72 74 69 29 62 59 35 18 97 48 12 95 46 45 41 4 65 61 9 47 72 47 86 3 11 74 48 75 60 71 70 32 84 1 10 11 55 39 44 86 43 67 61 59 53 28 37 88 81 1 60 72 41 77 50 57 4 60 37 83 56 54 80 83 60 77 26 83 10 53 81 12
55 2 9 71 58 74 40 39 50 49 85 35 4 44 14 82 87 19 76 41 81 73 87 40 68 95 55 59 53 15 36 82 23 21 79 14 75 15 25 38 79 63 52 56 33 63 43 11 32 76 67 70 37 93 26 7 31 62 60 62 78 50 52 62 24 83 41 92 59 56 90 43 99 70 9 57 41 34 51 71
