20 80
78 9 31 10 56 28 72 66 33 27 79 29 11 60 67 44 3 40 12 13 75 53 58 51 5 2 71 38 47 26 74 18 45 35 32 55 57 49 23 8 20 62 17 61 19 36 69 4 41 52 63 50 34 65 76 14 16 25 1 6 73 7 42 59 21 22 54 30 64 70 15 68 24 48 39 77 43 46 37 0
15 43 4 9 69 34 44 67 30 12 32 68 59 75 5 6 17 39 71 77 3 8 55 19 53 23 10 38 21 66 65 49 62 70 14 33 45 29 79 58 16 78 1 48 20 72 56 18 61 46 63 64 73 36 37 13 7 74 27 31 22 57 50 24 51 35 54 28 11 76 47 42 40 0 41 25 2 26 52 60
73 17 50 10 56 39 28 60 75 2 31 13 47 43 70 76 40 65 6 53 8 54 69 72 9 21 0 15 68 38 35 46 45 25 1 52 33 63 16 26 12 42 4 49 22 27 24 20 32 41 77 67 19 79 58 7 11 61 48 3 62 57 18 23 64 29 71 74 78 44 5 66 14 55 37 59 34 51 30 36
29 0 18 56 74 21 63 43 22 3 7 28 54 9 34 2 14 35 30 41 69 39 24 12 64 48 20 5 75 57 17 77 45 33 25 70 71 46 59 78 31 8 73 40 38 16 1 67 44 4 26 68 32 51 72 23 62 55 49 76 37 79 58 10 52 11 53 42 65 13 50 47 27 19 36 66 15 60 61 6
78 23 24 3 33 73 11 30 20 64 12 45 76 63 74 50 46 62 61 49 26 68 55 44 6 14 22 7 72 36 53 15 29 21 9 66 38 27 4 43 18 65 71 41 8 5 79 70 28 10 54 39 47 48 77 19 69 0 75 13 31 17 35 56 16 1 40 32 57 25 52 2 67 42 37 59 58 60 34 51
37 10 38 17 58 33 72 1 36 27 45 60 28 30 65 43 16 79 12 11 39 54 76 0 46 31 41 73 51 44 48 63 13 2 4 34 14 67 74 18 32 47 29 25 22 26 53 64 19 40 49 70 6 8 68 5 71 15 52 61 7 21 75 69 55 57 66 23 24 56 50 62 59 42 77 35 78 20 3 9
62 13 33 75 49 61 77 6 54 3 68 57 56 7 44 14 11 19 72 38 70 63 66 35 41 40 43 79 17 27 47 12 58 10 71 59 4 18 0 78 25 20 51 73 39 50 76 22 8 74 36 15 53 48 37 5 23 32 26 46 16 67 52 60 9 30 34 2 64 42 28 55 24 1 21 45 69 29 65 31
45 38 33 34 71 69 74 8 3 44 40 66 30 27 19 23 60 1 35 28 58 16 12 20 46 11 79 49 76 32 36 14 22 72 48 9 61 2 68 13 59 67 56 29 51 55 73 26 75 47 24 70 5 15 54 39 64 52 25 18 41 57 50 77 10 43 62 37 7 6 78 63 42 4 0 17 65 21 31 53
16 51 74 11 15 26 14 77 78 21 20 25 48 71 37 66 73 5 55 24 32 47 9 53 43 63 13 42 29 30 75 2 1 70 41 8 23 6 40 7 50 69 10 39 19 45 60 54 44 12 58 59 3 31 76 52 18 27 57 4 17 38 34 72 22 65 79 67 28 36 0 56 46 61 33 64 62 35 68 49
49 31 79 43 30 51 1 55 21 32 67 22 0 23 35 20 47 27 24 68 73 53 71 12 13 18 59 45 48 7 15 75 6 33 66 28 17 56 72 14 40 42 54 36 5 78 44 34 38 9 50 39 63 61 70 58 41 11 19 77 25 4 37 62 76 3 65 74 16 10 60 52 46 69 26 29 8 57 64 2
38 25 17 79 32 19 56 34 50 43 1 41 44 35 27 24 42 74 18 36 6 49 9 60 31 4 57 14 72 21 28 7 67 22 58 68 13 54 73 66 69 29 65 3 63 75 33 45 51 70 30 16 59 2 10 40 71 48 64 61 37 39 8 47 77 26 12 5 76 11 55 52 23 15 20 78 46 0 53 62
49 27 13 64 34 28 69 47 74 78 45 39 14 24 31 51 37 43 3 18 7 9 6 26 42 65 19 38 21 8 46 35 52 25 30 54 48 58 55 1 2 73 17 79 40 59 11 63 0 16 10 22 61 15 76 33 56 4 50 32 77 41 70 20 67 68 12 5 72 57 75 71 66 36 29 44 62 60 23 53
29 51 69 39 38 10 49 78 5 45 55 66 1 15 75 31 13 64 40 63 21 2 77 62 57 44 35 74 14 7 0 22 59 16 41 23 52 73 54 56 79 58 76 8 24 70 36 61 4 18 27 26 33 67 30 20 6 37 71 72 12 19 48 11 28 34 68 43 60 17 47 9 25 50 53 46 65 42 32 3
45 71 33 60 59 16 14 61 41 57 37 25 35 74 67 47 18 4 64 75 19 26 29 49 20 52 72 9 12 1 44 34 65 22 21 55 46 78 5 53 43 39 68 27 32 73 0 62 40 13 63 11 31 6 42 69 51 2 23 10 48 8 77 54 56 28 17 76 66 7 15 36 30 58 24 50 79 3 38 70
46 0 21 14 28 47 6 27 29 73 67 23 75 8 30 2 31 16 50 72 43 37 74 44 36 62 18 57 60 65 12 32 59 15 39 71 78 51 49 53 33 61 58 9 42 54 34 7 17 10 13 4 63 26 41 40 5 3 55 70 19 25 79 20 56 69 24 11 38 64 66 48 68 1 45 22 76 35 52 77
33 16 58 5 18 46 38 71 43 51 10 72 8 37 36 52 67 64 25 23 30 69 57 53 48 56 49 79 11 62 6 28 61 73 45 42 75 13 3 70 34 21 39 31 27 68 14 20 12 26 29 32 78 17 9 66 1 41 74 47 55 60 15 22 2 44 65 59 63 40 19 7 77 24 4 50 0 35 76 54
18 35 1 4 34 19 13 71 38 43 6 64 77 5 47 46 56 22 8 62 36 9 75 74 41 3 32 66 50 57 52 48 15 49 67 10 14 12 20 73 69 58 30 21 33 25 29 31 23 63 27 28 2 11 0 17 37 61 42 39 76 44 72 16 54 70 51 79 60 59 45 7 40 55 65 53 68 26 78 24
59 22 42 37 55 9 36 43 4 29 28 7 57 76 77 32 25 75 14 6 69 49 53 26 8 68 11 63 15 70 56 66 12 13 16 33 51 0 38 73 45 21 20 79 39 67 50 27 1 61 17 60 78 5 72 24 71 58 40 64 30 54 44 48 10 23 34 2 41 18 65 62 52 47 46 74 19 3 31 35
60 34 28 31 55 36 18 24 43 44 25 57 7 12 46 62 3 77 0 54 13 32 4 67 40 48 76 42 79 15 10 11 17 70 14 2 49 53 5 74 21 71 78 16 8 33 66 6 56 23 72 9 68 59 35 52 1 30 41 37 65 61 64 38 45 27 50 58 51 20 26 19 73 69 29 39 63 47 22 75
42 70 2 56 46 17 62 66 49 31 33 73 1 58 64 50 74 16 76 77 5 13 26 59 68 36 22 19 54 53 3 40 6 48 10 69 24 71 11 79 14 9 32 43 27 61 51 25 28 21 52 63 20 18 45 65 7 23 0 4 60 15 8 30 67 75 12 34 55 38 44 57 72 78 41 47 29 37 35 39
47 46 49 61 15 71 29 18 49 72 89 3 44 55 35 11 8 56 80 8 60 67 82 7 7 86 71 73 44 35 55 33 87 27 21 17 27 92 41 27 50 94 76 84 21 81 80 30 16 9 39 25 88 5 2 52 59 45 18 67 4 15 1 95 74 30 66 23 64 87 23 74 26 76 13 76 32 57 78 21
2 76 82 90 48 55 43 74 99 63 41 59 54 8 57 56 37 37 54 25 21 11 30 22 10 14 23 83 54 94 64 23 85 59 68 81 80 5 34 44 44 46 75 8 53 16 14 31 79 13 14 6 44 16 4 1 34 78 64 81 75 61 31 7 90 90 39 21 3 25 79 19 93 67 49 11 88 72 94 48
7 25 74 69 81 21 38 48 35 2 65 17 19 59 70 85 96 74 16 31 73 51 1 77 79 80 99 60 6 17 63 44 87 75 38 27 32 7 51 8 52 64 1 29 97 72 17 90 49 48 25 24 45 8 100 30 5 54 45 36 59 42 88 45 23 14 13 48 5 18 89 57 24 98 71 9 6 6 33 85
53 40 3 92 82 5 40 100 2 10 28 14 85 41 64 16 28 5 37 69 17 58 15 68 47 43 28 64 77 46 67 48 71 58 36 99 83 28 83 44 93 41 30 5 63 32 63 65 43 90 22 61 41 29 13 42 52 54 14 27 11 92 54 42 94 59 13 81 34 21 28 22 66 85 50 14 55 86 10 99
93 38 17 53 45 64 81 59 78 3 93 48 90 62 61 28 64 48 56 64 62 57 87 93 97 12 87 12 66 31 90 91 18 93 49 90 89 6 22 76 74 88 100 74 93 57 66 12 4 48 29 15 28 74 28 10 27 57 34 19 54 24 9 57 89 52 64 56 80 37 91 21 89 3 24 71 2 50 77 99
49 71 35 5 5 12 78 89 44 99 69 84 72 1 12 5 39 77 63 82 1 20 96 67 35 38 71 10 13 40 58 9 88 64 1 31 2 8 16 32 52 62 38 32 24 40 51 9 62 69 92 11 3 32 17 96 89 95 43 51 80 9 5 32 61 35 60 74 15 47 78 32 87 38 29 63 67 4 4 15
32 41 10 54 20 86 47 94 15 49 7 67 21 57 36 28 35 5 13 90 57 14 44 40 14 92 75 28 79 79 86 87 79 25 12 46 36 74 52 36 69 71 70 34 62 32 11 16 33 47 62 43 12 8 96 58 55 69 51 13 13 53 14 82 54 79 55 15 25 43 89 7 79 86 89 26 79 13 33 20
56 100 74 32 65 87 36 91 46 47 2 30 28 26 99 89 91 56 83 23 8 54 11 68 33 18 97 57 57 10 61 57 56 79 94 55 42 6 95 74 89 49 56 8 47 67 3 49 16 60 35 54 17 51 60 40 47 40 86 52 14 41 76 80 6 49 26 62 68 84 8 31 50 49 29 82 4 32 65 39
61 65 90 67 70 39 19 29 84 42 96 94 43 47 35 39 55 75 50 42 28 28 90 34 37 26 58 62 83 92 34 51 86 17 4 33 28 21 34 14 9 34 67 80 38 57 42 42 67 34 85 33 91 75 87 78 62 91 51 62 83 41 13 51 41 66 18 83 86 20 47 18 97 18 9 40 25 20 17 2
61 51 14 66 33 79 71 52 10 40 17 2 64 11 37 26 8 74 100 74 11 80 37 22 97 84 5 9 82 46 49 23 74 48 32 25 50 78 26 57 34 90 73 94 86 13 45 80 71 43 98 29 69 8 63 31 50 46 36 95 35 77 7 67 52 13 87 91 63 72 31 7 19 50 98 19 31 55 92 73
75 4 33 79 46 87 96 51 65 16 97 62 32 19 20 89 67 11 70 55 38 91 75 25 70 65 1 99 49 38 32 43 61 93 5 87 5 2 11 58 97 40 4 63 77 67 74 81 3 4 6 18 37 31 59 84 70 88 2 68 89 32 33 81 52 52 14 76 79 59 58 10 46 30 13 88 72 7 22 98
33 13 31 16 3 72 9 70 70 4 73 67 85 26 24 10 83 87 62 64 59 51 93 54 25 6 7 57 34 87 26 74 39 63 6 69 83 39 9 46 16 88 21 78 78 88 92 63 53 45 24 5 1 85 91 27 95 92 11 63 83 86 53 22 78 71 77 47 42 10 57 58 58 59 70 96 20 99 71 20
28 6 66 40 24 51 88 69 28 40 52 71 83 71 92 18 88 59 67 50 92 6 94 9 34 18 89 98 13 71 77 23 52 13 69 84 48 96 84 19 36 29 29 24 13 39 61 10 2 40 22 4 64 30 65 97 5 25 4 37 54 34 93 98 99 39 36 11 83 29 68 21 39 99 88 53 58 12 10 11
12 30 70 33 39 8 57 84 39 45 26 80 1 3 99 72 69 41 48 17 95 19 39 32 10 99 7 21 100 100 74 4 82 98 85 12 1 9 24 5 40 54 85 61 72 76 96 28 95 61 97 59 16 99 14 94 22 89 53 82 58 80 79 64 88 10 45 79 88 81 92 70 62 63 21 98 47 15 67 53
51 72 39 72 16 73 70 70 27 60 94 84 48 67 78 27 38 11 49 1 74 75 41 67 37 74 24 28 66 93 19 6 54 14 2 26 59 6 50 89 80 3 98 63 45 17 60 57 16 93 86 34 94 1 25 85 81 92 5 50 30 18 73 46 97 75 39 37 79 5 45 94 47 17 87 70 68 66 49 10
30 79 80 20 89 2 15 44 8 59 75 39 6 36 96 33 16 79 53 94 61 91 26 69 61 98 100 47 44 10 16 29 79 3 95 8 75 77 89 62 89 16 10 79 39 47 86 26 27 98 81 4 79 80 88 71 37 75 70 48 79 10 80 80 79 28 77 38 80 54 3 55 70 37 23 90 63 11 90 3
89 84 77 36 59 99 37 2 28 33 74 8 63 76 39 17 98 45 33 61 49 83 34 83 96 50 79 2 78 40 85 71 4 5 98 52 60 50 53 92 41 23 94 42 15 2 27 24 97 71 83 88 51 46 11 39 51 71 19 32 2 85 85 90 55 97 29 15 3 7 61 11 75 78 74 72 59 21 28 7
89 39 40 51 14 80 4 55 92 98 69 21 82 34 92 74 33 62 29 38 61 67 32 84 43 25 97 37 73 4 81 54 18 95 85 72 85 98 58 16 65 81 81 46 4 79 40 51 2 49 10 67 45 63 84 31 68 23 4 42 10 52 59 2 93 64 18 20 80 10 68 97 76 20 30 88 62 74 53 63
25 21 42 15 97 52 42 24 26 20 39 6 42 92 94 26 37 22 36 47 55 88 26 51 64 77 96 89 33 96 45 22 95 40 93 65 65 65 10 3 16 70 9 87 22 44 80 1 51 86 53 45 36 41 39 40 98 35 47 12 51 91 97 33 37 45 62 83 18 87 79 1 91 50 41 10 37 38 19 22
17 84 36 13 67 86 71 47 81 19 57 9 82 28 83 82 54 16 29 1 74 97 63 51 33 81 43 6 43 26 24 56 30 95 47 91 38 70 76 92 94 84 15 83 61 12 27 41 80 84 19 24 33 53 55 70 74 46 56 89 28 98 67 2 98 25 99 64 47 59 8 31 89 31 33 71 22 25 48 43
