20 80
44 77 37 52 73 6 1 21 41 51 16 54 45 14 12 67 76 39 50 70 49 68 25 57 75 66 4 60 47 36 42 3 30 62 27 35 79 38 15 64 17 40 10 59 74 19 55 46 65 5 26 18 23 31 24 0 9 53 7 11 71 56 61 28 78 34 22 48 43 63 2 69 29 33 32 58 72 8 13 20
28 9 50 17 36 3 12 44 60 66 24 75 51 31 42 53 71 67 43 6 48 70 34 15 63 21 38 4 68 25 7 46 41 47 20 26 22 49 37 11 72 62 64 33 39 8 77 79 59 76 78 54 19 18 14 45 1 69 2 29 61 10 16 35 30 58 65 5 27 32 55 56 13 52 23 40 57 73 0 74
51 17 4 59 40 67 13 5 1 50 72 11 62 10 60 37 20 61 9 69 39 54 45 58 43 73 74 19 44 21 14 18 68 15 70 34 66 64 77 28 78 38 76 35 25 71 56 46 26 2 8 75 3 23 52 30 48 7 42 63 36 29 0 79 65 53 55 47 32 41 31 24 22 33 6 27 16 57 12 49
52 56 41 37 75 65 15 32 2 31 44 47 25 42 71 69 74 14 27 4 45 17 46 55 63 79 36 38 30 39 67 13 7 68 59 51 11 49 73 12 43 20 23 60 64 1 70 54 0 9 19 10 57 62 6 34 28 77 40 48 35 53 58 3 24 72 33 78 5 18 22 8 16 66 76 26 50 29 21 61
60 66 16 18 15 26 23 64 39 47 9 11 3 67 71 56 22 7 74 42 21 51 14 0 28 79 17 49 1 13 34 61 52 2 4 8 41 24 6 25 33 40 50 65 58 77 76 53 44 73 32 19 5 45 62 48 46 69 37 35 36 12 54 78 57 29 43 75 55 68 70 31 30 38 20 63 10 27 59 72
18 36 43 26 41 20 13 70 46 62 73 75 79 59 53 21 17 15 11 25 69 49 78 12 71 33 6 29 51 47 10 28 19 27 58 16 37 42 48 61 4 3 68 63 8 50 65 76 14 30 44 72 38 39 34 23 45 66 55 7 40 22 0 24 57 64 56 32 54 9 5 1 35 2 31 74 67 52 60 77
10 40 9 43 68 23 33 0 38 24 56 66 39 51 62 18 50 77 5 76 7 22 69 21 45 19 28 72 13 17 71 48 75 73 3 29 53 20 36 30 25 12 46 64 60 61 49 27 55 16 31 67 79 2 41 52 63 70 15 74 42 1 54 26 65 59 8 6 57 34 35 44 47 37 14 58 11 78 32 4
54 3 30 28 0 44 61 69 38 17 14 55 22 72 68 42 67 20 56 10 34 62 46 45 51 15 6 12 76 7 41 11 49 1 40 71 70 31 66 48 65 16 5 4 60 79 43 36 74 9 21 23 50 58 53 19 35 18 24 52 2 64 8 25 27 57 47 78 37 13 77 63 73 26 39 75 32 29 59 33
72 19 15 47 7 22 50 3 16 13 51 35 39 68 41 17 24 67 5 27 53 56 30 36 37 8 49 0 11 14 25 9 21 52 46 12 62 4 69 38 48 44 28 66 65 58 33 45 57 6 40 75 64 77 23 74 76 61 60 18 2 55 29 32 1 79 20 70 59 71 54 42 31 78 63 73 26 10 43 34
75 76 8 30 11 32 7 10 70 47 62 39 49 51 19 25 40 15 28 20 3 9 56 66 34 73 1 79 22 5 46 52 4 36 21 12 17 50 35 18 2 57 26 45 33 77 71 38 24 68 63 60 31 48 29 37 27 14 59 78 43 23 67 64 54 58 65 16 55 61 42 6 69 41 74 44 0 72 53 13
72 73 30 49 17 62 9 50 44 58 2 51 46 7 35 65 20 39 27 76 68 10 57 1 18 12 33 60 54 14 36 61 56 31 43 42 79 37 13 23 48 63 45 24 25 47 3 16 34 78 19 71 21 59 0 22 67 75 38 77 52 64 28 26 74 40 8 32 29 5 15 70 6 41 69 53 55 66 11 4
43 38 57 26 39 25 8 17 71 32 28 69 9 11 44 55 19 31 34 22 62 6 23 49 65 47 54 61 12 45 5 41 37 46 35 33 77 13 56 7 3 59 36 58 14 27 2 15 24 70 30 51 52 72 10 53 67 75 48 4 0 50 29 73 16 79 18 64 63 40 20 68 78 66 60 21 74 1 42 76
33 29 5 75 67 12 21 49 17 79 40 34 39 7 61 70 32 26 0 43 15 20 72 4 45 68 36 62 41 51 69 66 3 18 78 16 46 23 44 8 6 31 74 37 28 10 27 22 25 64 50 14 30 60 77 71 42 56 19 52 11 58 24 2 73 1 48 55 35 65 9 76 47 63 59 54 13 38 53 57
18 45 64 17 0 13 36 39 12 35 58 54 51 37 2 11 1 14 47 73 65 72 50 79 7 24 8 34 32 46 27 71 49 63 38 43 66 4 22 48 33 53 55 62 77 70 76 23 15 28 16 74 60 78 25 3 6 61 75 68 21 41 5 26 19 42 67 30 20 29 10 57 40 44 31 52 56 9 69 59
31 15 37 59 3 30 27 53 54 16 71 7 67 32 2 17 68 65 22 55 62 13 39 70 10 25 0 73 6 4 9 36 42 57 33 43 29 77 41 44 11 48 52 51 45 61 78 28 58 60 8 46 76 50 66 47 40 63 14 75 69 12 49 20 74 64 72 19 18 26 21 38 34 5 1 56 23 24 35 79
21 1 48 67 65 45 64 3 35 31 58 74 50 75 53 70 13 22 16 27 15 69 42 0 2 73 71 78 68 51 34 26 4 6 17 66 43 72 56 33 36 29 40 54 7 55 10 52 59 41 63 37 24 39 44 46 12 32 11 19 28 8 14 62 18 76 23 79 60 61 25 9 20 47 38 77 57 5 30 49
17 57 77 78 7 30 59 14 8 38 79 61 12 41 58 72 28 31 33 2 54 11 0 49 75 48 64 5 74 39 56 36 13 21 35 47 37 51 25 76 45 29 18 10 52 40 9 62 6 24 43 50 73 44 46 71 26 65 34 22 60 4 67 20 69 3 55 27 66 63 42 16 15 23 1 19 53 68 32 70
54 60 40 35 70 26 19 22 8 74 58 5 69 33 73 39 41 61 42 63 21 20 52 27 77 17 23 34 29 49 55 36 31 9 18 57 28 45 79 56 65 48 44 13 64 43 14 66 7 50 68 0 62 38 6 4 15 30 75 53 47 72 3 16 59 71 76 1 25 51 78 11 12 10 24 32 2 46 67 37
12 14 27 13 32 9 31 24 7 55 44 73 49 56 79 38 22 71 61 62 69 36 17 47 26 30 70 41 28 15 20 53 50 76 67 64 29 37 74 1 78 66 33 75 43 2 21 34 72 25 6 77 40 58 8 16 18 23 63 60 54 3 39 57 48 42 45 59 46 51 19 65 52 10 11 4 5 0 35 68
10 58 3 23 51 78 64 41 13 37 42 15 31 16 38 70 9 1 22 53 21 20 56 14 61 62 30 73 8 18 55 72 12 27 24 11 47 68 71 26 63 6 50 76 29 48 66 67 39 46 54 59 77 40 45 17 34 33 2 57 35 25 0 36 69 74 4 19 49 60 52 7 5 79 44 75 65 43 32 28
14 57 18 78 11 86 6 14 95 8 14 98 21 31 64 54 9 56 31 25 37 80 51 45 10 95 93 92 72 51 91 89 38 27 8 2 63 5 55 86 14 26 58 80 7 86 73 77 96 81 73 53 1 100 81 64 5 10 56 49 76 62 52 15 52 43 72 49 81 60 38 25 40 74 76 63 95 24 1 40
39 70 88 81 16 83 5 12 6 86 77 61 27 79 62 87 95 90 96 59 85 46 87 60 54 45 97 59 18 81 29 76 6 86 26 54 76 21 46 69 55 3 12 83 4 48 8 12 14 91 4 52 90 81 28 75 2 4 76 8 33 52 95 29 89 18 47 4 42 86 2 78 86 88 5 24 87 71 34 17
9 77 44 8 99 31 96 94 25 55 100 39 83 63 28 1 57 83 33 99 7 53 19 80 52 91 75 95 33 60 31 4 34 19 82 29 30 84 17 87 20 32 49 68 21 16 70 54 25 78 69 91 52 100 94 22 15 13 36 64 83 85 42 76 33 39 26 79 44 86 77 31 65 60 28 24 42 54 78 63
24 10 2 76 40 76 72 15 70 82 52 66 32 9 36 68 33 45 71 86 29 48 53 9 43 93 91 71 45 3 63 38 90 52 73 21 16 95 85 25 30 35 8 91 41 65 99 57 23 84 58 12 8 41 81 65 29 95 51 12 75 68 69 71 10 88 40 37 34 53 100 54 62 54 61 51 83 29 44 71
95 45 81 15 77 32 97 21 89 67 76 65 37 16 53 73 3 67 9 13 61 30 20 82 54 75 33 54 4 5 35 74 60 9 75 52 72 95 4 62 21 75 86 14 8 39 56 46 73 65 2 27 53 63 21 84 14 74 60 11 14 84 65 44 22 74 56 28 38 29 96 23 7 13 3 50 88 3 32 17
6 98 8 66 25 65 26 18 20 14 50 76 59 9 65 67 8 32 41 80 72 17 97 82 4 45 84 24 84 74 86 11 85 81 64 79 11 2 2 73 66 17 43 79 29 13 70 81 58 57 47 89 39 52 47 80 4 14 12 39 63 7 87 67 74 84 5 32 92 11 61 23 35 47 21 91 73 85 89 6
51 66 39 98 28 66 32 58 25 39 45 4 59 20 56 13 64 89 37 69 23 92 79 90 54 45 3 80 4 58 46 70 3 37 27 60 88 12 11 80 82 59 90 91 82 49 60 75 15 80 60 30 97 61 94 62 28 1 19 20 95 53 21 6 21 23 30 2 6 67 73 97 97 83 47 48 35 24 47 24
14 22 60 85 97 46 82 33 46 84 63 8 38 84 54 87 23 48 80 28 38 79 33 67 54 14 98 92 17 36 71 44 66 47 74 99 29 32 65 47 21 52 76 23 51 20 32 42 72 96 3 53 14 12 39 15 78 32 15 61 78 67 78 58 1 66 37 19 38 47 48 3 94 6 44 27 71 27 42 84
96 34 36 33 71 5 10 30 54 10 54 17 48 59 74 64 53 81 74 93 61 67 30 83 50 33 13 13 86 73 48 56 63 91 72 62 21 59 88 49 39 11 84 33 1 98 53 45 93 48 30 56 69 39 25 23 24 9 12 40 4 80 37 66 76 6 95 69 39 75 59 83 75 4 42 21 86 45 75 26
44 91 94 5 40 93 37 54 19 1 21 93 12 15 39 24 70 44 9 59 19 25 32 32 84 55 38 87 6 40 47 42 100 25 87 58 60 64 74 80 77 21 5 34 59 62 84 23 36 57 15 25 87 75 14 21 40 59 64 17 71 48 99 57 6 59 77 98 80 18 31 40 64 55 10 53 22 46 53 83
24 76 76 50 23 75 75 78 82 5 45 69 84 98 34 33 68 66 35 18 32 18 2 45 85 68 12 82 76 74 24 49 56 29 87 95 97 30 92 19 68 13 87 39 67 82 47 23 64 9 81 19 6 66 89 46 79 8 3 24 1 67 1 50 30 11 31 49 46 83 83 12 63 76 1 94 36 40 80 57
16 88 25 68 52 48 88 49 93 97 44 26 26 87 62 25 63 9 2 99 56 100 46 86 85 3 31 39 25 62 18 20 8 15 52 31 54 91 12 96 4 85 78 92 46 92 17 63 27 26 69 27 69 34 54 40 26 80 8 3 87 70 21 19 30 34 56 48 40 81 97 19 86 26 81 29 1 32 58 98
9 51 43 44 47 93 78 19 85 14 14 71 18 38 66 72 75 60 6 54 30 95 40 73 5 49 23 33 52 41 20 7 81 95 37 75 12 10 98 5 20 36 33 12 58 19 28 90 93 9 31 9 52 37 35 74 10 7 90 55 15 61 50 55 98 75 69 78 27 100 61 91 11 92 30 50 78 5 28 47
36 23 100 64 17 36 31 58 4 42 1 63 6 10 36 41 86 46 66 59 79 41 89 72 94 98 50 19 31 61 85 90 73 81 18 75 82 95 91 84 53 14 60 10 42 1 15 81 2 68 50 67 4 24 40 65 38 5 27 22 62 74 1 3 31 63 97 54 62 96 46 8 55 4 98 42 94 52 32 85
33 35 46 42 30 98 23 50 82 74 56 69 66 71 81 31 86 17 31 95 100 49 9 79 88 3 32 48 15 29 35 37 38 40 47 5 87 30 1 91 23 14 17 100 7 11 59 94 21 33 25 89 58 32 75 39 43 24 83 93 99 55 27 79 81 88 68 69 92 46 80 85 7 56 70 94 10 62 40 80
2 71 81 92 16 20 79 36 88 29 56 21 97 27 22 38 72 98 69 91 61 27 64 48 56 88 9 92 57 93 62 18 24 37 66 63 58 32 89 47 92 49 6 83 77 54 33 3 13 14 1 98 25 13 82 36 80 52 56 18 33 37 29 38 79 8 9 71 33 96 52 90 50 78 17 33 80 26 43 39
87 18 58 12 94 53 28 90 55 33 23 100 40 34 23 20 81 34 26 39 91 27 58 40 59 74 12 11 56 78 28 86 74 58 2 11 67 41 59 82 7 69 87 7 24 18 54 77 91 23 13 64 26 58 65 40 27 47 30 92 65 98 70 17 24 43 2 55 71 20 76 16 42 91 36 83 77 37 36 26
37 21 91 23 15 35 98 36 11 16 7 97 2 57 91 25 62 34 74 22 18 17 71 43 4 40 83 71 55 40 13 81 99 59 91 22 45 29 23 98 41 100 37 14 54 53 21 14 85 22 21 94 86 4 5 35 20 59 35 89 57 57 30 61 44 85 55 91 25 11 38 40 16 36 84 76 29 79 46 97
15 18 44 84 89 11 68 83 65 15 36 53 39 49 100 78 99 59 77 46 21 73 88 62 14 66 86 92 64 53 8 29 55 44 1 32 16 72 59 44 60 46 65 19 76 40 57 6 38 82 39 2 9 36 79 17 20 55 7 9 15 35 59 36 56 54 59 52 14 33 45 90 62 51 49 4 44 29 41 76
57 46 33 16 68 53 32 49 28 21 28 84 65 6 82 49 67 60 80 98 86 46 3 6 9 47 23 9 43 61 51 78 24 65 12 94 85 40 54 44 37 45 42 77 76 41 16 68 36 84 2 97 98 41 90 1 77 86 22 77 11 54 37 25 17 56 81 31 1 23 18 62 57 11 41 27 95 85 93 46
