20 80
9 35 65 39 24 72 23 5 56 17 73 4 29 8 57 76 25 18 51 2 74 55 43 6 61 54 44 1 59 41 19 27 78 45 46 32 36 69 26 71 64 10 7 33 49 68 52 0 40 38 75 77 12 47 20 16 63 50 67 11 30 62 66 21 3 70 58 48 22 42 28 34 79 37 53 15 14 13 31 60
27 73 37 69 47 78 0 75 33 6 60 11 18 32 2 20 63 45 4 74 46 25 12 55 51 14 44 22 41 30 43 17 7 54 68 29 40 59 71 58 15 61 48 10 77 53 34 16 19 35 50 1 5 62 65 8 31 66 67 9 36 76 3 57 38 42 56 26 79 72 49 70 13 39 21 24 23 52 64 28
78 8 48 56 62 31 33 52 19 11 40 21 44 66 43 64 32 28 71 35 4 61 58 27 63 12 46 53 77 20 26 57 72 54 49 17 14 75 9 5 16 79 68 1 74 29 10 23 59 50 36 30 24 39 73 76 55 47 25 41 18 38 13 7 6 69 0 2 67 70 3 45 15 42 34 37 65 22 51 60
68 61 53 49 2 31 9 50 51 36 69 8 43 12 11 23 28 66 4 29 48 30 21 59 72 5 22 44 42 70 74 7 26 0 35 62 45 55 1 60 34 27 47 25 13 75 19 79 67 52 64 63 40 78 32 3 38 77 54 6 18 57 58 10 33 20 41 46 37 56 16 24 15 14 65 17 73 71 39 76
67 60 45 36 27 59 28 10 54 65 38 57 16 43 22 17 69 1 32 76 53 66 8 29 75 44 72 79 47 24 39 2 62 4 23 42 48 14 78 33 50 0 15 20 35 58 63 7 40 51 55 6 46 52 49 18 34 5 41 37 61 19 68 30 21 74 9 12 25 13 64 31 77 70 3 73 26 11 71 56
29 32 33 76 16 12 30 69 11 43 56 47 42 13 36 17 35 64 59 41 79 28 54 67 24 21 62 51 70 3 55 52 53 63 19 58 15 60 71 57 9 50 27 38 1 49 22 75 14 34 46 0 66 37 7 8 4 61 20 40 68 26 72 65 39 10 44 45 78 31 25 73 5 23 74 18 77 6 2 48
12 57 25 10 42 0 1 63 24 36 11 19 13 22 9 26 73 71 65 67 27 76 68 46 51 70 62 18 30 60 59 35 14 20 48 16 28 41 64 69 5 49 32 50 29 55 47 75 53 61 38 40 17 34 33 72 2 7 45 43 39 4 54 3 79 66 74 78 77 8 56 15 31 37 58 23 21 52 6 44
11 61 2 55 0 56 78 69 73 68 37 77 19 4 39 48 44 31 51 35 33 42 16 28 6 32 27 52 50 64 34 45 60 75 1 23 25 26 3 21 63 14 66 79 65 70 10 71 40 47 24 22 57 54 17 9 12 30 53 7 5 38 58 62 8 15 18 43 13 59 20 67 74 72 41 46 29 36 76 49
40 28 46 31 44 79 15 36 23 26 72 41 22 66 29 43 16 11 73 60 55 70 4 50 27 51 69 67 9 45 14 71 30 35 58 49 42 34 62 33 47 75 54 56 76 20 63 24 78 74 53 59 17 37 61 7 2 68 6 13 48 3 21 52 38 10 65 1 8 57 39 18 12 19 0 5 32 64 25 77
71 64 5 49 11 75 17 3 7 53 1 35 48 13 8 62 20 32 51 39 44 77 55 4 22 45 65 28 43 66 67 52 76 61 18 27 72 10 69 73 56 59 40 24 2 54 36 60 34 68 46 6 57 12 16 41 19 74 42 21 50 37 26 15 63 70 25 58 33 0 30 14 79 47 38 23 31 78 9 29
25 74 66 39 44 46 79 15 37 71 10 70 38 21 55 68 19 2 40 30 65 48 31 73 75 59 8 57 60 3 23 62 64 35 56 26 0 16 17 18 42 77 58 9 6 45 14 49 61 13 51 29 20 50 67 69 28 27 76 78 63 32 52 1 53 54 5 22 12 72 7 33 36 34 41 4 24 43 11 47
33 2 49 78 54 72 20 21 56 57 52 22 64 51 28 35 73 6 71 25 55 53 15 13 3 16 66 11 62 40 58 12 29 74 60 0 48 14 63 38 75 61 19 24 37 4 10 39 50 47 44 34 1 17 77 42 23 7 46 59 41 27 18 45 31 68 36 32 8 70 43 79 67 76 5 9 26 69 65 30
23 3 65 31 27 2 9 16 56 66 45 6 69 30 50 53 11 67 79 32 15 17 36 37 64 25 13 59 35 44 18 40 61 47 28 20 77 54 71 42 62 74 51 76 68 48 7 41 78 72 73 38 5 4 58 34 12 0 43 19 46 57 70 21 8 10 55 14 60 39 33 29 63 52 24 49 26 22 75 1
34 9 5 47 51 10 28 43 2 21 27 36 56 3 57 65 1 29 39 6 32 24 22 25 41 69 40 73 38 30 49 19 23 26 50 71 59 63 61 46 75 37 55 0 33 16 79 72 7 11 68 77 58 66 12 53 78 13 15 17 44 45 52 70 74 64 42 76 35 18 4 31 54 20 60 62 8 67 14 48
76 28 35 11 65 16 25 10 74 6 30 77 8 26 40 12 52 20 17 46 21 39 60 75 38 51 45 18 7 57 24 22 0 43 78 44 27 47 63 64 4 37 41 2 36 68 53 56 15 14 49 19 31 72 13 3 54 79 69 58 55 32 9 66 23 42 29 5 33 71 34 50 48 67 61 73 70 1 59 62
65 53 62 66 42 78 64 32 71 61 44 7 9 59 18 55 35 46 56 39 13 54 19 63 51 72 58 52 1 79 37 73 41 12 77 10 38 22 43 8 34 70 14 33 20 74 21 48 11 31 15 26 0 76 60 75 57 36 25 68 45 24 16 17 3 30 4 49 40 23 28 67 69 5 29 50 6 2 27 47
57 64 60 49 0 16 8 53 6 50 59 30 1 55 19 26 62 37 38 29 36 9 25 63 41 4 52 33 44 17 73 76 67 27 10 20 24 42 21 72 68 47 40 66 3 48 35 75 71 23 22 56 45 54 12 11 18 28 14 13 74 5 77 7 70 79 2 34 51 61 78 32 31 43 65 46 15 39 69 58
2 66 24 39 70 22 19 61 28 55 50 29 32 74 4 25 59 36 56 67 75 45 47 6 21 8 18 69 14 44 3 46 51 23 42 33 68 13 49 30 7 16 26 43 27 17 64 20 60 41 58 37 34 65 53 54 38 9 31 77 73 40 76 10 52 12 35 5 0 11 1 71 72 78 79 48 62 15 57 63
4 46 60 31 54 22 51 30 59 13 76 11 71 43 1 50 38 68 35 40 49 21 0 20 19 32 72 64 66 61 78 24 33 47 34 25 41 55 23 18 73 8 3 77 6 2 7 42 79 58 53 9 67 16 56 63 62 39 65 12 26 70 57 69 48 28 36 44 74 5 29 15 75 17 37 10 52 14 45 27
58 17 56 10 16 44 38 66 27 12 54 52 32 60 42 64 71 48 59 19 65 68 45 4 3 50 1 25 31 70 72 73 67 43 30 28 36 29 53 2 0 39 37 18 47 61 15 6 40 21 74 5 9 79 75 33 8 24 57 26 46 76 69 23 14 34 63 20 62 78 7 77 11 22 51 35 49 13 55 41
51 51 35 34 96 67 10 27 16 5 46 42 48 45 25 98 39 8 11 100 39 53 8 90 79 52 18 87 63 89 85 61 24 25 50 64 50 2 89 65 30 26 33 60 30 34 70 37 30 41 61 34 77 67 74 41 42 77 91 90 12 95 65 25 38 86 75 75 64 13 57 21 41 18 73 81 33 27 7 67
60 93 11 6 76 35 29 22 27 13 8 81 69 64 29 100 9 81 57 79 76 12 82 39 32 33 15 41 62 85 46 44 48 42 54 28 6 46 97 91 30 44 99 33 35 45 66 1 26 19 35 75 16 53 76 86 100 21 46 12 38 31 69 45 74 7 12 19 97 8 1 65 66 80 35 40 47 97 53 95
70 10 75 87 95 51 30 52 13 5 22 99 62 89 25 8 94 51 38 35 1 93 48 98 58 51 69 99 64 62 61 97 14 79 70 10 52 17 64 81 76 5 53 32 80 99 48 93 64 51 34 39 31 13 1 55 6 77 20 9 49 73 10 98 53 81 15 32 71 57 3 43 91 47 38 1 65 46 86 78
2 1 32 10 58 100 39 86 97 20 43 62 66 86 78 20 68 57 74 18 59 78 40 5 50 100 84 70 87 17 39 95 63 53 66 23 6 47 6 48 83 67 95 17 35 68 59 24 70 27 7 62 83 45 10 54 55 85 64 63 88 85 30 3 33 38 1 79 65 42 5 92 54 54 68 17 88 23 69 58
80 81 26 93 10 45 38 78 58 68 74 68 35 92 32 45 19 72 55 3 75 82 93 14 14 83 80 45 76 20 66 49 60 51 30 35 63 52 2 46 14 57 90 53 82 28 91 33 48 87 63 72 24 57 79 59 30 48 87 100 14 91 81 11 61 92 37 37 91 88 78 25 85 19 98 68 32 84 68 36
20 87 23 99 69 40 79 54 39 16 35 59 57 11 40 99 3 86 33 19 18 56 56 73 91 32 99 40 20 37 80 84 25 71 69 83 74 70 14 52 44 20 29 44 60 52 56 6 42 35 60 5 46 42 37 92 4 8 94 24 12 61 96 90 62 27 33 71 50 47 49 75 12 27 79 62 1 93 93 58
67 91 68 91 61 80 59 42 90 96 47 15 87 14 30 94 84 47 25 10 81 36 63 53 80 26 6 17 34 55 24 19 94 60 37 3 24 37 62 31 32 72 35 11 79 63 7 63 88 13 46 40 7 3 85 63 54 32 96 44 57 81 74 10 72 71 76 24 66 79 87 8 77 62 61 67 74 89 52 92
15 35 85 65 91 47 87 76 70 41 36 17 44 35 23 1 53 1 51 12 100 20 10 71 85 34 88 21 94 48 79 35 89 64 62 47 11 68 18 35 40 4 31 96 10 46 59 15 50 87 20 44 74 15 13 97 40 53 43 9 70 63 38 4 19 31 46 51 30 96 69 47 21 60 24 54 19 35 15 11
68 38 94 57 4 55 33 20 13 23 50 30 64 37 83 21 34 54 8 54 25 71 92 91 95 98 52 77 11 29 90 82 2 43 91 16 60 70 77 5 1 24 69 97 96 64 16 14 23 35 59 57 95 72 92 77 80 65 42 90 97 90 84 96 28 51 89 78 37 11 76 56 46 99 56 15 1 24 17 30
36 90 61 69 89 19 83 9 80 8 85 7 62 56 96 49 97 72 2 71 15 52 44 57 36 98 40 81 76 3 47 26 42 82 31 69 74 17 1 69 53 7 51 94 92 22 96 32 42 58 28 36 36 100 37 15 83 92 100 47 78 9 56 47 93 46 67 98 73 62 24 74 9 13 72 43 18 29 64 62
22 65 33 94 13 91 69 22 39 31 14 25 40 4 83 13 7 1 78 33 77 6 61 91 72 58 66 22 29 70 63 49 40 97 4 70 93 24 7 54 37 25 2 42 66 17 1 83 61 14 64 48 94 56 73 77 56 96 20 90 60 31 96 2 70 25 55 80 59 62 37 6 85 27 58 38 74 74 95 48
19 71 4 76 40 51 57 42 78 57 52 80 31 53 13 52 39 29 60 60 70 66 32 27 50 100 4 50 20 45 84 10 74 87 71 98 7 72 49 7 15 82 4 39 64 27 50 47 70 99 43 17 22 76 60 35 91 24 53 65 21 33 18 60 24 61 81 93 75 85 58 89 47 39 69 29 78 52 92 33
39 97 50 52 68 46 17 85 66 5 70 40 35 30 4 58 91 24 10 6 15 31 85 74 69 13 95 67 52 69 31 48 64 30 71 60 94 89 38 92 42 13 49 19 6 80 65 83 68 23 85 41 67 93 67 93 53 26 17 50 76 3 67 48 50 69 61 95 18 4 43 3 57 95 55 87 67 82 32 100
13 92 11 52 39 42 60 66 92 96 76 59 18 69 22 35 100 65 62 84 95 76 66 23 38 81 39 81 11 38 60 30 74 3 44 11 99 13 64 64 25 13 21 54 3 85 53 10 60 76 45 40 28 10 74 70 46 9 28 98 95 34 35 72 15 80 67 75 59 83 45 68 39 69 48 65 58 35 13 90
74 61 49 40 65 80 12 94 17 54 78 22 9 16 5 55 100 92 93 22 80 16 1 78 78 16 83 14 61 20 26 11 91 35 36 5 40 25 50 42 82 3 6 71 68 10 85 5 59 14 16 42 45 18 60 77 68 76 74 20 99 85 75 6 60 78 90 17 24 92 63 11 66 75 28 10 72 83 53 87
71 78 70 89 92 72 31 71 70 92 20 9 81 25 93 99 86 37 20 32 49 52 48 55 60 32 13 79 30 63 27 77 65 94 71 82 94 83 97 98 14 83 97 52 81 100 77 39 90 91 10 64 91 5 7 83 71 82 53 36 36 69 96 34 91 21 58 79 93 47 30 31 34 28 43 60 88 35 61 13
86 70 47 84 65 37 95 59 31 78 57 35 79 8 96 87 19 52 21 6 37 81 75 47 8 43 15 55 44 45 49 4 86 58 100 16 16 55 79 82 69 66 8 32 55 73 11 43 94 12 83 52 93 25 67 88 42 36 1 15 35 92 8 24 13 25 61 50 21 44 57 37 68 67 57 42 61 18 69 66
32 67 88 47 81 29 53 78 54 11 95 49 20 53 15 43 84 11 77 13 15 86 54 21 5 23 42 4 8 12 55 60 87 78 40 56 81 45 85 46 74 10 79 6 67 74 46 20 6 60 46 28 64 5 80 93 78 59 98 41 57 8 15 55 49 92 57 1 94 51 7 4 87 65 98 40 27 78 98 37
48 20 87 93 67 41 11 63 41 43 63 19 95 59 55 97 92 28 55 15 79 5 33 88 98 43 97 87 89 47 29 70 32 15 68 39 41 10 17 12 97 18 74 93 93 48 57 80 92 19 33 58 17 29 58 90 50 84 27 4 2 86 54 24 4 57 34 52 54 93 84 33 48 51 96 23 79 64 30 49
80 12 33 7 6 57 61 58 20 32 86 12 35 71 47 19 15 62 64 43 58 16 61 90 50 80 21 65 99 27 84 43 14 85 68 11 50 98 5 34 71 30 47 58 55 4 8 8 94 100 86 11 6 59 73 7 9 57 50 80 99 93 38 31 10 45 57 71 76 61 99 31 44 57 78 64 54 68 56 22
