20 80
35 43 6 0 24 21 52 79 61 70 60 28 12 57 71 66 20 44 22 31 19 48 30 56 50 58 46 17 25 38 15 16 11 40 5 18 26 36 74 51 73 62 1 13 10 77 49 53 55 67 37 2 65 4 34 68 69 9 14 64 78 3 41 76 63 72 42 23 54 45 47 39 33 75 7 8 32 29 59 27
73 79 46 76 35 72 33 58 30 51 38 20 61 16 67 44 62 68 14 40 24 57 13 41 3 74 77 43 60 2 12 28 26 17 69 39 19 64 4 31 10 53 70 55 9 71 48 8 42 65 75 37 45 25 15 36 22 34 47 32 29 50 7 18 6 56 66 21 54 49 63 23 78 5 1 52 0 27 59 11
20 16 48 11 25 28 39 30 7 78 51 56 43 1 37 12 5 26 40 66 64 59 73 49 74 46 65 53 63 15 68 18 67 14 41 29 52 34 13 31 19 17 23 62 42 27 77 32 72 6 54 45 8 55 35 0 60 2 47 58 50 79 24 9 33 57 71 22 10 69 76 70 4 61 3 21 44 75 38 36
42 22 0 24 34 62 59 52 78 51 13 33 46 39 27 7 74 47 63 3 44 54 55 76 4 6 50 20 8 17 79 64 75 32 28 61 60 31 2 1 56 36 49 19 10 14 26 43 69 68 11 77 5 72 30 67 15 12 16 73 9 66 29 38 25 35 18 21 45 37 70 65 23 48 41 71 58 53 57 40
52 77 27 68 78 20 19 2 62 67 0 47 18 7 41 48 6 73 28 75 76 63 51 34 36 66 42 70 5 65 45 26 11 37 39 55 53 23 57 64 31 8 50 16 46 54 29 32 10 15 25 44 9 72 79 4 60 61 69 33 58 12 74 49 40 30 71 17 21 22 1 56 38 14 35 43 59 13 3 24
40 32 6 51 2 77 10 0 75 60 33 66 31 8 46 56 68 26 24 62 53 36 17 38 1 44 52 63 13 19 12 49 5 4 9 65 78 50 39 42 30 58 41 16 35 45 59 7 37 69 11 28 43 21 25 29 20 67 76 54 55 22 71 74 70 57 64 23 61 3 48 34 15 72 79 47 14 18 27 73
41 38 15 71 12 46 6 39 53 54 77 78 23 21 79 24 63 31 75 8 57 40 47 26 16 56 13 28 65 74 52 35 43 32 76 25 29 19 1 60 50 44 27 37 14 42 34 68 33 2 45 10 66 61 36 7 4 9 55 17 48 62 22 64 69 67 20 70 18 0 59 30 58 5 73 11 3 49 72 51
53 74 20 24 68 36 12 55 51 23 62 13 43 41 48 5 58 30 1 18 31 73 42 15 47 4 63 57 7 49 50 9 66 11 65 22 27 25 79 28 35 64 6 40 0 75 16 72 21 26 10 45 33 32 52 67 46 44 19 77 29 34 61 69 37 60 59 14 17 8 76 3 54 56 78 70 71 39 38 2
48 38 59 52 18 57 51 19 1 72 20 5 55 64 32 75 69 26 11 53 2 33 8 39 14 31 47 66 43 17 77 24 36 22 34 7 60 49 63 79 70 0 76 30 62 61 50 35 6 56 40 58 65 27 74 28 21 23 71 68 10 78 4 45 37 13 44 41 67 54 25 42 12 73 3 16 15 46 29 9
72 26 15 25 49 7 27 36 38 3 48 63 54 50 59 62 12 20 52 35 68 33 66 75 70 64 0 11 69 79 17 24 46 76 34 21 71 51 53 55 1 67 44 8 74 73 47 14 43 65 31 40 41 45 77 58 2 29 61 39 30 9 23 16 78 4 28 60 18 57 56 13 10 19 32 5 37 6 22 42
55 40 2 20 16 11 42 56 32 46 54 50 38 39 61 34 4 5 13 25 21 0 17 41 29 52 15 10 35 72 60 27 31 45 79 9 71 49 14 64 75 53 62 19 51 70 58 43 8 73 6 68 65 78 67 36 23 59 48 44 22 1 7 26 77 18 63 37 69 76 24 33 47 57 12 66 74 28 30 3
43 21 67 25 72 20 14 23 70 60 26 44 0 39 22 58 47 42 56 27 24 49 2 37 11 4 46 68 15 32 16 79 61 52 40 66 74 57 55 17 63 29 59 10 64 69 33 34 48 8 65 28 54 77 6 78 18 53 51 7 5 36 30 19 75 50 31 62 45 3 73 35 41 76 9 13 71 1 38 12
56 5 47 69 17 23 44 79 22 71 64 3 10 13 0 26 11 6 70 25 49 14 59 30 50 18 4 76 35 39 68 58 7 62 9 12 75 67 42 19 16 54 20 43 63 55 2 40 29 21 24 8 33 45 61 57 78 52 41 48 60 65 37 38 31 77 72 1 34 66 36 53 73 15 74 46 28 32 51 27
32 30 53 42 50 78 40 51 76 12 75 10 44 67 70 46 58 6 54 5 28 73 52 66 68 19 2 60 15 29 47 14 74 22 57 34 18 3 0 45 26 17 79 33 16 48 62 41 69 36 65 35 4 13 24 27 43 7 11 63 72 21 25 71 31 59 39 64 38 77 9 55 20 23 8 61 49 37 56 1
13 57 46 48 70 44 42 25 59 61 71 68 41 67 20 76 1 22 54 50 11 66 62 35 3 73 0 65 74 58 78 43 79 45 9 75 16 60 12 51 55 37 77 36 53 5 17 19 63 38 33 14 39 27 8 56 23 10 4 7 15 21 30 28 47 40 69 49 2 6 29 72 18 26 32 34 52 64 24 31
10 13 55 28 62 63 42 17 25 56 54 58 74 24 66 44 61 1 50 45 15 36 57 23 76 49 0 35 70 64 43 72 27 39 7 59 26 73 69 51 3 14 34 19 32 16 52 47 5 2 30 37 20 31 41 71 53 75 65 18 11 8 33 68 46 78 40 60 48 6 38 77 67 22 29 4 21 79 9 12
4 45 8 40 30 60 69 66 48 50 58 22 56 6 12 0 75 51 26 77 52 36 46 11 3 15 63 72 41 20 29 17 10 14 33 54 23 61 42 2 16 19 35 62 37 7 24 57 76 9 1 55 67 44 64 21 5 27 59 71 32 18 31 38 47 78 34 74 43 13 68 73 49 79 65 53 39 28 70 25
77 25 24 55 15 37 46 56 28 68 32 71 59 30 39 62 60 44 17 75 27 58 9 57 49 72 13 67 10 70 42 21 50 14 73 45 40 43 8 33 66 35 3 47 54 22 63 29 74 69 53 64 12 78 79 2 11 41 51 19 65 23 61 16 48 76 34 1 0 52 20 7 5 6 18 38 4 31 36 26
7 28 56 68 19 70 10 49 21 17 74 32 67 38 16 31 50 64 66 45 58 69 27 46 34 3 44 41 79 18 25 8 30 77 53 24 23 60 65 61 14 0 39 40 5 63 57 37 48 11 35 6 12 76 13 75 22 54 36 73 42 71 72 59 20 4 33 15 26 55 2 43 52 78 47 51 9 62 29 1
50 38 37 47 55 75 70 72 74 5 69 63 61 48 8 36 71 42 16 49 17 76 27 30 6 68 13 39 22 57 3 43 46 23 58 21 2 4 54 67 62 24 32 44 45 11 31 60 59 77 10 41 79 73 1 0 33 78 7 26 40 56 28 14 20 9 52 19 66 25 15 64 34 12 35 29 18 51 53 65
13 90 6 47 36 50 27 81 78 41 84 10 24 30 43 66 50 84 86 43 85 61 16 78 79 18 1 56 34 46 27 89 57 61 68 18 97 56 82 42 46 70 7 70 50 22 23 78 95 67 9 23 45 79 80 99 100 17 34 12 57 48 42 49 15 8 68 69 41 6 90 90 65 81 76 70 15 64 77 54
25 51 4 1 83 99 83 78 85 65 80 76 72 12 75 39 25 28 83 35 80 47 22 27 80 7 86 98 59 3 82 80 25 44 66 70 80 38 58 17 24 95 33 77 36 61 81 30 30 99 97 27 13 64 73 3 18 38 88 55 39 41 31 42 78 45 62 4 67 85 58 78 63 29 99 98 96 21 19 34
22 66 99 83 100 86 78 9 89 72 95 10 18 13 4 85 48 63 73 3 28 18 42 86 17 60 37 63 42 38 34 58 45 78 75 45 8 93 93 62 10 86 54 65 31 78 12 32 2 85 58 56 74 52 84 10 28 48 84 36 59 97 27 39 81 72 2 47 1 61 54 37 97 94 37 20 93 84 26 52
46 38 21 71 42 51 57 95 91 65 80 87 53 52 52 45 56 36 100 88 32 39 54 62 14 26 36 35 11 25 50 56 5 80 81 90 93 48 1 8 85 99 4 83 50 45 93 38 38 12 43 8 82 75 37 11 74 92 22 68 74 1 92 70 99 84 64 88 95 45 66 11 34 94 91 93 61 66 43 89
100 77 12 77 25 40 51 66 36 35 33 77 67 42 97 88 84 14 75 88 11 38 65 45 75 14 95 2 13 98 40 58 95 91 59 57 88 6 55 26 46 2 58 29 83 44 98 54 35 56 10 60 7 15 1 39 54 51 79 45 28 91 13 56 95 8 16 48 85 91 15 29 47 54 43 19 20 11 96 63
37 35 71 97 73 54 35 72 56 13 77 51 34 40 7 78 50 43 83 97 3 75 28 67 91 4 40 6 33 46 15 39 34 86 5 41 95 17 45 22 52 100 79 52 85 77 75 15 25 42 91 2 36 45 80 86 97 54 25 2 21 18 79 65 84 80 23 12 51 26 40 88 22 4 22 37 33 32 20 64
10 36 86 63 16 3 45 37 15 33 78 49 22 77 76 77 79 57 63 87 58 47 11 37 79 46 3 92 7 57 66 22 8 34 26 60 60 94 24 85 31 20 10 85 27 31 98 41 16 79 7 66 12 5 42 27 80 18 63 31 25 99 20 28 45 45 89 81 26 16 59 68 55 45 2 13 26 95 5 23
54 55 59 13 76 35 68 70 28 55 39 80 35 79 64 17 22 58 75 24 94 64 30 74 67 46 29 38 2 8 82 37 22 32 32 32 50 90 27 26 3 66 23 55 69 21 4 4 68 62 48 94 78 5 43 96 22 11 14 62 69 71 67 93 9 98 69 89 44 63 77 35 87 96 53 33 98 43 66 66
33 15 13 59 65 8 28 75 56 78 27 66 63 34 62 99 72 41 77 47 8 87 31 69 4 37 78 36 64 68 19 37 98 70 98 64 22 54 61 73 55 72 53 71 51 100 74 97 84 52 63 19 59 95 40 30 81 98 77 99 11 2 86 50 42 45 1 94 62 19 97 60 32 63 30 21 60 50 78 47
31 5 5 75 45 84 98 8 98 12 98 15 65 33 53 43 26 82 62 57 58 83 37 77 24 5 5 48 21 62 5 93 72 9 88 45 5 93 28 16 11 34 57 81 54 83 81 12 97 63 20 19 43 37 87 46 48 88 5 23 39 13 92 93 76 85 58 85 22 33 78 90 100 22 66 28 5 8 44 24
46 2 34 55 19 96 57 42 95 21 66 76 26 16 26 56 21 22 25 62 39 58 73 82 7 76 47 95 2 74 5 51 45 33 37 66 17 8 32 40 63 5 19 36 3 54 22 38 42 23 26 25 80 15 22 22 3 53 21 77 26 55 49 72 35 77 52 18 31 65 88 98 54 32 2 33 78 6 34 66
83 34 17 20 40 40 92 55 17 48 38 61 51 78 24 26 32 86 41 57 38 1 19 73 90 86 4 27 7 13 56 11 35 50 83 61 8 41 31 12 12 88 59 73 24 12 50 78 26 34 26 43 32 99 36 68 77 29 18 71 18 65 55 41 90 90 64 46 7 70 52 90 78 7 95 91 49 54 95 91
24 94 59 67 21 73 11 34 85 96 75 86 12 98 5 8 78 7 14 61 81 73 67 33 71 24 100 74 13 15 87 53 96 60 45 67 79 97 36 67 91 22 8 37 18 53 57 77 78 33 99 12 74 94 8 74 26 39 72 1 36 65 22 6 50 68 64 2 95 98 15 81 41 31 20 90 84 35 24 66
61 95 86 16 12 41 56 33 97 46 46 49 59 6 71 1 87 27 54 9 73 29 96 40 25 53 51 52 85 97 50 4 66 88 60 40 1 31 7 80 39 39 18 29 42 24 33 65 73 39 5 5 51 9 30 24 90 28 50 26 97 67 88 52 19 63 11 52 46 60 16 92 35 88 58 89 41 76 53 70
89 38 6 46 58 8 14 88 51 42 83 3 9 50 35 41 11 42 99 94 17 25 1 12 32 97 74 70 35 91 51 9 86 14 87 61 83 11 58 2 20 38 63 58 27 83 48 72 36 69 66 67 20 64 38 19 13 91 70 9 8 15 16 87 37 65 35 46 94 57 55 55 17 20 65 91 12 3 44 56
57 11 42 55 35 21 18 20 61 97 95 70 54 8 47 40 12 85 4 73 54 100 90 83 94 80 32 26 90 74 40 73 93 76 26 56 8 60 84 10 37 5 77 58 57 92 72 89 91 34 64 41 24 75 87 43 90 1 100 97 65 27 52 35 70 70 37 27 30 57 80 78 80 31 57 100 43 92 34 37
7 33 87 84 9 23 60 15 87 24 70 7 34 66 93 54 37 10 78 65 70 51 76 93 50 58 12 33 94 70 82 64 37 27 80 83 56 48 50 51 97 93 43 16 73 90 27 88 39 39 33 13 28 61 85 69 60 82 35 95 23 31 89 69 54 82 41 40 35 49 75 17 66 59 13 84 9 43 20 69
11 37 3 68 97 72 83 75 23 58 16 46 11 23 52 57 1 94 19 10 61 71 55 22 92 1 81 75 51 75 78 65 43 53 63 5 36 14 64 84 67 87 98 83 43 10 26 33 80 90 78 51 34 54 1 36 38 89 11 61 90 87 61 36 60 19 53 31 97 74 25 22 34 11 14 31 36 20 43 47
100 48 21 79 55 56 37 53 38 1 39 16 47 70 62 36 97 68 60 19 27 71 89 65 95 17 33 11 51 2 27 12 75 44 7 7 44 61 73 78 57 13 5 98 44 29 60 80 96 62 46 99 76 94 54 58 36 36 98 1 52 84 61 12 85 96 36 12 98 60 55 43 46 13 43 94 62 26 58 12
17 100 58 40 36 67 33 26 33 88 88 30 52 9 77 13 1 40 28 76 41 96 54 79 52 78 69 36 55 37 59 23 33 77 97 83 23 65 24 15 53 51 20 45 13 91 73 72 16 70 57 71 68 32 17 30 20 88 99 51 65 75 29 53 94 97 52 16 80 34 35 51 52 72 50 88 60 31 27 10
