20 80
37 2 26 53 18 57 72 36 51 69 31 79 24 12 77 10 40 60 48 7 52 4 22 1 35 70 30 23 11 50 44 16 47 73 13 27 66 6 65 0 41 34 71 45 42 5 19 3 29 25 38 75 56 28 8 20 9 54 76 74 63 68 64 62 61 49 17 39 21 78 46 59 67 15 55 33 58 43 32 14
1 18 45 54 21 74 24 58 32 29 9 0 53 23 50 63 36 33 49 79 2 70 47 48 34 22 71 69 28 15 60 26 25 16 67 20 55 51 41 14 66 12 61 57 65 52 7 31 42 37 39 44 38 56 68 6 4 35 40 30 78 5 59 8 62 19 17 3 76 46 13 11 72 64 75 73 10 77 27 43
52 64 21 48 18 26 30 25 50 53 35 27 74 29 6 72 13 70 15 61 65 14 24 58 60 40 51 33 0 2 39 38 71 46 12 79 69 23 66 75 41 56 31 20 9 3 4 28 1 42 17 5 67 16 43 76 10 32 19 55 47 73 68 7 78 36 62 63 11 57 59 22 49 45 8 54 77 44 34 37
9 7 32 4 54 68 73 61 15 75 35 20 12 16 60 22 71 30 77 34 57 38 14 44 24 69 36 59 50 5 8 23 29 27 41 39 43 37 0 66 46 56 33 1 18 48 70 62 31 25 58 51 17 6 3 28 45 40 19 52 10 67 11 79 13 21 49 76 47 53 65 42 78 63 26 72 74 2 55 64
53 0 57 60 45 39 8 36 56 55 37 79 58 9 25 18 13 11 54 21 51 23 29 12 59 42 16 67 62 6 75 49 35 78 31 41 4 77 44 76 63 17 20 64 5 3 14 71 15 68 47 40 30 1 33 19 73 22 10 43 61 7 38 27 74 46 70 65 52 48 24 2 72 34 69 50 26 66 32 28
12 36 30 49 39 32 62 2 76 68 42 74 20 28 78 3 64 35 45 34 29 41 16 1 57 50 60 53 23 33 11 63 10 37 51 40 69 55 58 52 18 24 27 73 75 5 46 65 67 0 22 44 77 13 59 54 70 7 56 17 6 48 4 15 19 43 66 79 14 31 21 38 47 9 25 72 26 71 8 61
41 58 59 1 2 72 28 67 9 38 10 75 79 34 16 17 66 33 35 22 31 37 12 45 42 19 61 36 52 48 57 24 26 69 78 4 27 8 68 18 43 71 56 15 21 46 76 55 6 51 49 70 44 74 13 20 53 77 11 62 65 39 3 25 14 54 0 32 47 64 50 5 73 29 7 30 23 40 63 60
46 31 39 7 79 68 53 59 16 21 9 24 75 63 6 57 40 71 65 76 67 74 42 30 32 34 64 23 54 61 15 48 73 77 12 78 10 44 27 1 47 62 70 3 4 22 45 2 69 18 37 41 58 13 60 20 29 38 50 17 33 8 51 66 43 72 52 49 0 28 36 19 14 11 5 25 26 55 35 56
75 72 20 9 1 46 16 35 56 71 3 66 51 62 19 52 79 67 37 28 31 42 10 38 63 25 6 34 36 26 12 47 30 15 74 7 4 22 53 69 18 0 57 21 49 61 17 64 23 41 50 29 76 39 5 78 55 2 54 11 27 14 8 45 65 32 13 43 40 60 44 68 70 33 73 58 77 24 48 59
54 44 57 49 12 71 36 9 50 5 51 2 38 20 27 66 52 63 3 39 6 23 14 19 16 22 70 32 67 79 35 34 30 17 42 25 72 26 13 76 43 33 60 55 64 18 21 46 59 53 68 15 56 10 40 41 8 77 75 24 69 28 74 4 37 1 31 11 48 0 65 58 62 29 73 78 7 45 47 61
67 39 33 14 30 43 40 38 63 19 70 47 15 1 66 68 34 41 45 78 11 13 48 23 22 51 77 52 36 21 18 62 46 49 16 17 79 56 0 20 73 5 74 58 75 50 8 7 76 44 64 71 25 59 53 6 3 28 27 31 61 55 42 29 10 60 35 32 65 54 4 2 37 69 26 12 9 72 24 57
17 13 8 75 23 54 70 4 2 9 34 21 1 28 58 60 41 31 14 50 69 25 15 78 64 24 74 49 73 48 37 61 32 29 51 36 10 35 19 46 59 47 30 76 71 43 42 57 22 6 3 52 26 65 68 12 11 5 7 39 44 27 18 66 53 77 16 55 40 67 0 45 63 72 56 79 20 33 62 38
74 46 34 23 48 10 8 58 44 60 43 71 11 55 37 6 42 38 21 49 30 28 75 33 4 76 18 64 13 61 69 3 32 7 15 39 50 27 53 54 25 65 67 78 26 29 72 57 70 59 2 5 31 12 36 73 0 79 41 14 1 77 68 19 52 51 9 63 47 40 45 20 24 17 16 66 35 56 62 22
56 11 38 28 61 32 78 6 49 48 21 25 22 44 71 39 47 74 73 76 19 29 27 79 51 62 43 12 5 57 4 7 16 13 9 75 40 30 66 15 67 69 18 3 46 65 55 70 50 1 8 60 52 53 33 0 2 36 58 41 54 31 37 59 45 34 26 72 77 63 20 24 14 42 35 17 10 68 23 64
20 28 36 60 48 45 39 67 31 0 63 21 13 4 29 10 43 15 30 69 9 52 51 35 23 49 19 37 3 59 40 76 47 54 12 72 58 41 78 66 24 22 75 32 79 14 33 2 57 1 61 18 44 70 73 50 5 42 64 6 62 55 71 27 38 16 8 77 68 56 11 7 53 26 46 25 17 34 74 65
27 20 1 42 61 56 21 3 46 0 68 66 2 41 48 23 76 45 59 34 73 15 75 19 77 31 12 16 79 74 51 17 78 54 22 58 49 13 72 69 4 52 39 44 9 62 26 33 67 43 47 25 5 37 8 55 24 60 7 57 53 10 6 50 38 18 14 35 40 63 29 28 30 32 70 64 11 36 65 71
33 73 62 49 32 19 1 71 72 61 51 5 69 4 76 47 23 75 60 36 18 27 12 30 9 17 59 26 45 13 53 55 43 6 70 10 78 50 68 21 24 58 65 29 77 15 66 34 20 57 48 63 11 54 38 16 7 74 52 28 44 8 22 40 79 42 67 25 14 64 39 37 35 31 56 41 2 0 46 3
31 63 14 1 0 16 44 28 76 64 68 33 79 4 8 13 9 3 60 59 17 35 5 23 69 25 42 38 20 18 61 53 70 41 27 10 6 7 26 71 56 73 57 72 50 36 11 34 24 43 77 48 29 21 12 46 30 62 66 15 2 52 67 32 58 45 37 19 65 55 54 74 75 39 49 51 78 40 47 22
7 75 43 15 31 6 58 16 5 12 10 0 57 22 9 4 66 79 69 50 62 24 78 77 44 51 71 38 56 52 49 70 60 13 11 59 34 53 33 3 39 64 25 47 27 63 14 2 8 55 68 40 67 37 26 74 28 20 29 72 73 23 46 76 65 17 1 32 48 35 36 45 19 21 41 54 61 18 42 30
36 22 49 14 52 42 41 55 12 58 74 46 2 43 72 61 37 4 11 19 31 53 17 73 76 68 30 10 1 64 75 6 77 69 50 29 79 63 28 25 57 51 70 20 38 35 56 3 66 8 9 60 54 21 13 5 23 47 44 71 65 78 45 62 32 26 48 67 33 0 34 24 59 16 27 18 15 7 39 40
73 4 14 82 52 5 99 56 43 63 48 43 18 100 33 65 47 88 46 50 36 53 12 13 82 15 60 10 40 27 13 85 3 32 85 16 61 75 25 100 68 82 39 91 21 86 80 77 22 20 24 82 31 64 60 27 9 26 53 16 12 18 57 27 70 53 39 17 19 5 88 57 53 95 51 54 65 71 33 21
7 55 57 8 95 67 4 29 13 47 15 64 45 58 47 75 56 74 69 70 47 62 6 12 14 69 69 19 46 46 73 70 45 30 44 2 57 48 96 86 83 12 15 4 61 26 94 91 73 33 28 96 23 53 8 65 50 63 82 77 58 3 11 100 70 46 22 8 41 6 59 4 72 1 96 13 64 92 36 29
47 3 4 35 25 83 87 29 16 24 24 19 78 67 48 70 26 63 50 19 77 7 55 10 37 66 9 31 64 7 81 6 31 7 73 57 59 96 94 31 2 28 63 30 37 83 7 49 11 97 18 85 58 8 62 50 71 56 36 49 24 84 33 49 67 80 35 86 18 63 92 53 74 50 28 29 52 87 88 37
50 15 87 19 20 19 6 89 14 4 2 68 40 95 62 10 89 7 57 87 48 67 66 82 25 92 27 2 95 68 73 82 42 30 1 34 18 57 97 90 33 35 44 40 19 75 76 52 68 8 51 20 17 20 38 92 30 75 99 22 49 100 67 78 96 7 96 14 12 50 16 66 62 56 41 46 44 72 47 73
92 5 60 77 26 84 75 9 98 81 68 4 31 98 8 75 75 93 36 18 93 48 42 48 19 51 92 78 94 63 20 23 24 40 54 61 22 97 22 29 20 21 47 43 76 14 97 23 91 24 40 63 44 51 45 96 62 24 7 35 91 25 25 39 89 32 46 28 24 31 71 13 75 50 40 48 98 54 4 54
98 2 16 48 56 9 74 55 1 100 41 82 38 54 98 35 54 48 21 34 42 85 81 32 86 14 49 1 50 46 62 52 66 6 16 4 8 19 48 40 95 26 66 35 65 68 61 47 97 32 39 35 10 78 63 56 53 78 84 28 71 42 42 32 15 79 51 72 59 76 51 52 92 62 11 15 44 27 2 86
42 40 83 95 72 39 92 90 43 48 4 13 51 1 89 6 13 56 77 27 54 86 16 76 73 58 48 30 13 29 43 51 5 50 74 87 24 57 79 29 75 10 27 80 73 17 66 42 5 67 73 33 55 13 78 92 90 69 11 20 99 69 85 50 92 100 75 37 63 23 85 49 61 94 91 65 42 87 76 77
56 48 67 43 45 12 59 85 16 77 3 8 76 85 29 55 93 86 31 46 39 57 47 69 59 51 25 91 41 61 54 60 24 89 61 7 4 18 18 87 9 97 67 93 76 93 36 67 99 34 12 76 31 34 91 3 73 93 11 32 89 95 16 8 47 13 73 48 71 11 59 72 18 15 99 84 37 77 94 19
35 65 30 67 7 34 48 50 51 57 21 49 83 44 5 43 67 85 16 62 21 73 79 39 39 60 52 2 20 22 40 2 34 54 79 44 87 88 12 72 26 19 95 14 49 56 2 77 92 45 41 52 52 97 32 43 2 10 86 7 48 66 34 57 63 57 94 65 84 61 43 34 90 79 38 10 57 1 37 21
5 56 17 99 86 37 90 46 4 70 59 62 53 44 5 92 44 99 75 52 71 8 100 48 62 1 57 46 95 24 88 6 44 50 73 83 97 77 1 50 57 51 80 43 50 2 91 39 24 95 73 51 37 92 64 64 54 86 5 17 75 89 35 23 83 82 61 59 20 43 53 36 57 53 93 39 30 17 9 49
23 56 45 84 10 83 1 21 33 35 85 90 96 37 6 12 88 72 8 67 45 17 62 17 11 75 89 53 55 50 61 7 27 30 13 8 87 59 96 88 96 72 49 95 21 10 9 67 79 12 38 48 9 79 13 66 32 84 73 95 27 80 38 8 45 9 36 11 80 46 94 24 40 65 82 28 73 32 49 60
76 48 54 87 30 19 38 37 38 28 61 47 2 79 1 78 38 48 93 21 25 34 79 8 41 46 86 48 62 98 87 11 42 48 53 13 23 73 36 57 91 97 99 71 22 23 28 69 15 76 64 86 81 59 78 43 15 49 13 94 45 71 30 40 89 76 29 97 3 67 46 5 5 73 79 84 45 92 40 45
15 88 55 89 81 71 51 34 60 59 4 18 33 21 95 57 4 30 87 81 82 86 83 81 25 10 41 80 92 10 46 91 36 4 88 16 95 96 31 95 42 96 28 44 68 9 34 63 30 50 90 40 88 66 50 22 44 14 99 79 100 62 32 3 65 48 30 41 14 94 31 62 7 49 97 7 87 78 33 56
64 39 32 28 87 39 92 7 3 23 14 58 89 35 57 4 40 52 72 33 93 99 2 22 25 97 50 97 97 75 32 1 69 91 80 71 85 69 75 73 59 71 73 20 56 15 6 69 17 10 75 40 53 16 32 66 75 89 94 42 47 61 28 25 78 19 74 58 44 82 78 93 21 37 5 19 33 18 71 18
38 73 25 81 57 55 4 62 82 19 22 79 62 77 46 56 2 93 61 41 66 17 53 45 32 21 8 28 60 27 96 70 40 21 6 10 65 12 49 14 92 78 47 49 92 35 94 91 49 1 12 38 23 31 31 38 17 87 56 93 91 97 85 5 71 83 37 8 13 44 38 19 77 60 71 31 44 27 27 59
72 14 22 60 3 29 34 95 92 91 26 75 82 16 59 94 1 43 16 15 3 93 68 36 58 9 2 87 14 88 37 89 70 54 34 75 41 6 75 49 88 15 62 58 64 87 70 35 40 99 30 59 86 33 49 64 14 91 13 84 34 95 49 48 61 51 67 96 93 92 66 100 86 6 89 25 82 84 19 5
14 94 43 20 28 64 9 54 53 45 83 77 100 65 57 68 63 46 96 4 69 8 32 25 77 99 93 52 91 30 95 90 42 80 63 10 46 29 43 92 68 81 83 17 65 43 90 54 73 26 49 4 11 54 50 72 31 56 74 54 90 59 15 5 9 14 65 37 10 62 70 3 19 39 90 40 63 77 87 56
55 77 69 10 15 15 74 79 3 72 79 70 95 46 5 91 5 92 23 64 32 48 53 71 99 91 28 78 2 100 49 18 8 100 19 47 90 87 94 14 30 98 93 61 79 23 5 19 39 70 49 84 87 36 53 53 92 22 62 26 5 15 61 23 91 36 3 95 3 77 35 20 98 98 24 61 28 99 18 72
55 9 40 53 21 76 65 59 88 100 88 59 56 19 11 19 20 3 83 47 13 57 78 46 90 92 59 5 84 89 75 81 22 14 93 13 85 50 54 97 88 61 29 66 40 21 90 23 89 22 30 16 99 36 6 63 31 92 96 50 36 99 84 95 10 53 78 49 90 99 19 43 34 37 50 96 24 15 58 74
46 30 76 17 85 58 50 55 1 7 49 80 15 100 75 46 73 4 96 68 9 78 25 83 65 61 13 53 7 60 86 87 18 81 69 86 83 33 92 58 81 84 3 70 35 14 83 11 72 12 14 91 35 34 44 50 41 75 84 71 1 2 71 16 24 55 21 18 65 43 67 4 96 15 43 73 37 44 23 75
