20 80
40 79 57 9 68 75 56 38 44 1 14 2 35 74 66 29 22 28 52 6 26 54 59 13 45 72 17 18 33 77 25 5 58 7 46 34 65 19 31 11 61 64 30 24 4 53 0 8 32 78 42 27 73 3 37 71 39 51 16 47 69 67 12 55 49 48 76 10 15 21 62 63 36 41 60 43 70 50 20 23
3 38 20 21 51 6 32 1 42 35 62 78 58 0 75 49 59 18 79 15 19 50 56 13 48 28 77 9 71 63 33 11 44 61 29 25 27 64 70 8 39 30 47 10 23 40 69 52 65 34 36 41 26 66 57 17 12 37 45 73 4 14 54 16 46 60 43 24 76 67 72 55 53 31 7 68 2 5 22 74
66 58 45 57 13 31 71 2 4 40 24 3 19 73 10 59 56 1 0 36 75 52 76 79 50 35 37 44 8 67 14 11 27 55 70 68 25 23 22 12 6 46 38 48 63 33 26 62 34 77 21 47 65 78 41 64 53 30 69 9 7 61 17 54 72 20 42 51 28 32 15 5 74 18 29 16 49 39 60 43
12 21 79 5 76 77 34 56 74 11 50 70 64 8 59 52 7 10 57 15 36 71 25 72 29 75 37 69 49 22 9 73 23 31 14 55 67 16 51 54 38 1 13 4 18 0 17 32 60 33 28 2 66 30 45 65 61 78 35 19 27 3 41 39 62 47 40 24 63 48 43 26 6 46 44 58 53 68 42 20
0 2 65 73 37 28 34 58 47 43 1 23 76 72 39 50 59 78 24 52 53 7 45 4 18 40 42 63 56 10 68 60 55 15 22 20 25 69 46 70 51 77 57 5 67 38 75 61 17 49 64 16 13 74 6 27 8 54 32 31 3 29 30 71 35 44 33 79 21 12 36 48 9 41 14 11 66 26 19 62
72 16 21 60 27 48 29 22 56 31 38 78 64 70 42 45 30 41 69 43 65 34 77 23 32 18 13 44 8 7 28 74 67 25 63 26 46 1 68 14 2 5 39 49 35 19 52 61 59 79 40 62 57 50 53 9 55 73 24 58 6 3 10 33 17 37 12 0 36 51 76 11 4 66 54 20 75 71 47 15
20 43 68 35 71 39 3 12 45 62 29 44 13 48 79 4 77 74 8 28 14 78 36 11 2 26 31 61 32 5 16 30 9 64 46 19 33 65 47 40 73 27 49 10 75 51 53 15 57 22 63 59 69 0 1 41 24 56 66 55 18 54 25 50 58 67 6 37 52 72 60 38 21 7 76 34 17 70 42 23
44 42 70 59 33 5 24 67 49 10 20 76 36 7 46 52 9 32 6 35 12 22 11 50 65 57 34 53 47 3 54 30 58 27 72 63 39 16 66 71 78 77 64 14 1 26 19 38 60 28 18 0 45 61 8 56 25 75 2 40 74 62 17 55 68 69 73 51 48 23 31 29 4 21 15 43 13 41 79 37
64 12 61 73 30 1 27 34 53 33 44 46 62 50 4 54 66 28 41 45 0 70 47 5 3 49 18 29 59 65 71 38 58 17 52 6 9 75 2 63 32 24 36 72 19 78 48 43 39 42 11 20 77 26 56 79 76 8 25 13 37 67 74 23 68 31 40 16 22 14 10 60 35 15 21 51 57 55 69 7
75 53 64 7 51 69 72 36 48 8 15 32 33 63 9 19 41 46 59 50 45 61 22 54 27 57 77 79 39 34 76 5 18 0 58 73 3 70 56 67 23 16 43 62 78 71 40 68 42 28 47 65 2 24 44 4 25 37 49 10 55 66 11 38 1 52 20 14 60 29 12 6 30 35 21 17 13 74 31 26
62 61 79 7 18 56 20 57 43 42 49 32 72 67 36 6 16 74 52 48 8 66 76 33 12 65 24 70 51 47 77 23 27 30 64 35 60 73 75 0 25 28 69 37 46 11 29 17 31 40 2 26 10 5 53 15 63 9 71 55 50 3 13 59 38 68 54 45 14 34 19 1 39 22 21 4 58 78 41 44
29 2 75 31 51 41 28 36 68 46 60 17 11 70 37 73 4 26 50 40 57 76 63 9 56 22 79 27 7 72 78 18 12 66 21 20 8 64 65 49 42 53 3 0 44 43 47 69 19 10 25 24 62 45 23 33 67 71 59 34 39 16 32 74 61 58 5 38 14 35 52 15 77 30 48 13 55 6 1 54
39 37 44 13 74 56 20 25 26 54 64 11 38 68 35 31 55 24 51 27 4 49 2 66 60 58 19 10 8 62 73 7 53 17 46 6 32 67 15 65 52 22 50 63 47 43 33 1 14 21 28 5 29 79 76 36 12 70 45 72 16 41 23 34 69 18 75 0 61 3 9 40 57 30 42 78 77 71 59 48
70 14 62 65 77 20 53 68 42 78 51 21 44 18 19 60 64 75 49 29 48 33 54 3 38 17 27 24 7 31 0 45 63 25 41 57 40 16 23 4 59 72 69 55 61 66 32 74 15 35 58 56 5 13 36 2 47 52 30 39 11 26 10 50 71 9 8 1 76 28 22 34 46 79 67 37 73 43 6 12
6 17 34 28 73 38 47 53 8 32 1 23 50 58 65 20 3 33 70 63 79 46 52 42 69 4 57 36 35 15 74 11 18 16 75 12 31 9 26 25 66 29 67 62 40 27 22 61 14 55 13 64 76 24 44 68 0 71 19 30 78 54 77 49 59 21 2 41 48 10 60 43 5 45 56 51 39 37 7 72
30 35 21 38 69 16 78 59 53 22 66 8 71 37 54 58 42 68 19 33 67 57 13 40 65 27 36 1 61 76 77 43 52 24 48 62 11 25 3 26 34 45 64 17 18 74 72 51 29 63 28 5 47 70 14 49 0 15 39 44 46 31 60 75 55 32 6 4 10 12 41 20 50 23 56 2 73 7 9 79
10 51 75 12 52 6 55 68 32 2 48 57 13 8 78 21 65 16 7 64 70 46 41 61 30 0 27 4 59 47 11 50 29 23 62 53 22 34 18 43 38 76 37 42 35 19 72 54 31 73 33 3 56 44 17 66 58 60 24 26 69 14 39 79 9 1 63 36 40 49 20 74 5 28 71 25 45 67 15 77
13 26 27 23 33 12 52 15 38 51 68 14 25 44 31 70 73 41 35 7 37 40 48 63 24 69 55 60 43 49 36 54 6 47 78 22 76 8 53 18 9 0 5 20 10 2 77 28 42 65 74 45 4 79 57 59 3 17 34 32 71 62 30 64 66 72 58 67 39 29 56 46 1 61 19 50 21 11 75 16
75 67 48 36 26 51 64 63 12 71 40 19 4 20 61 32 30 38 18 17 24 13 27 16 65 21 25 74 62 42 72 52 73 70 31 15 43 11 78 69 22 60 45 56 28 8 58 9 6 1 77 3 35 5 55 79 50 37 2 39 53 57 10 23 68 46 59 49 7 66 29 34 0 47 54 14 33 44 76 41
55 35 51 46 43 37 60 72 0 57 3 54 6 47 64 61 45 56 27 17 78 75 71 40 79 59 30 53 18 48 8 11 39 34 50 2 31 73 49 69 52 66 9 16 1 70 74 29 63 32 22 25 19 33 15 14 7 12 23 5 13 10 67 68 77 76 28 42 36 44 24 4 41 58 65 38 20 62 26 21
80 92 36 8 28 39 46 35 99 51 22 79 88 41 93 55 85 43 23 38 13 15 21 39 44 55 15 21 40 15 39 67 81 10 41 65 80 15 33 70 44 100 58 19 66 4 52 43 86 91 30 78 42 57 34 29 74 83 79 79 20 79 79 100 77 25 27 2 6 17 20 8 28 33 18 26 31 15 72 48
44 62 68 45 32 23 9 28 87 48 22 90 56 14 89 79 75 53 62 67 93 86 65 71 47 96 93 26 41 55 93 68 28 95 10 60 45 45 43 61 31 20 82 46 13 44 59 37 35 73 9 77 64 15 99 87 88 65 18 17 62 32 91 51 53 34 46 23 83 50 51 70 67 34 64 72 96 27 26 39
97 25 33 15 44 1 23 71 81 91 51 13 60 36 92 25 18 70 70 96 62 74 16 43 5 37 24 14 99 71 26 59 49 32 56 99 45 21 62 2 12 46 97 67 4 10 93 28 100 88 35 99 53 22 66 87 48 1 5 80 68 73 79 39 99 71 85 48 39 60 35 38 59 94 40 38 14 17 62 52
90 3 90 57 19 2 50 64 99 31 7 30 32 7 97 63 87 46 34 12 85 80 71 100 35 26 93 65 56 30 50 59 34 41 97 2 35 70 22 77 70 31 95 88 62 22 48 93 58 72 63 34 41 94 19 48 70 13 46 14 38 86 93 60 71 52 54 33 70 85 9 21 27 12 86 15 8 13 10 81
68 98 84 65 94 74 6 83 88 28 89 96 56 35 40 90 39 86 3 48 75 40 25 28 11 72 93 24 98 5 10 76 70 87 49 85 7 42 75 54 71 36 98 30 34 81 30 49 37 32 74 78 42 87 77 83 25 32 73 91 63 23 47 67 83 55 84 35 11 21 67 54 84 13 79 50 87 44 65 33
37 42 30 68 2 42 62 61 65 28 80 10 28 29 4 12 38 94 13 13 41 84 26 15 80 53 72 64 26 82 26 10 84 23 36 9 42 61 70 61 32 85 29 29 79 38 13 32 3 92 53 75 95 17 85 45 21 4 99 30 55 89 13 35 4 17 3 51 58 35 63 33 35 21 15 24 63 12 30 53
37 19 16 22 29 3 42 51 76 13 25 31 73 65 95 94 61 5 93 96 35 81 58 98 21 99 10 91 5 77 4 9 3 52 3 43 51 65 34 65 43 75 97 12 83 17 1 34 39 48 67 100 49 28 72 43 2 95 23 76 5 37 88 40 3 97 5 88 24 89 65 82 38 84 43 29 74 3 84 74
57 78 18 66 39 16 33 7 58 16 55 88 86 43 48 89 52 29 46 25 63 24 4 53 21 67 56 44 99 40 9 78 69 38 85 27 75 2 58 66 61 29 91 32 48 28 73 47 41 90 16 94 85 12 46 11 58 34 15 88 61 55 52 73 96 66 85 89 30 20 66 58 63 75 23 38 70 27 69 32
65 43 30 76 83 79 49 21 7 49 74 55 83 49 77 39 60 12 49 42 97 62 72 96 8 51 53 99 24 64 7 34 21 65 80 14 25 85 81 86 35 10 23 69 58 93 57 58 11 41 21 50 55 11 24 82 62 94 91 73 69 14 67 20 80 27 67 53 46 31 67 68 68 43 41 17 90 34 92 9
15 95 4 92 2 82 10 86 10 93 62 19 8 45 22 70 36 47 90 22 15 85 85 67 65 76 75 77 88 15 95 91 70 52 68 9 62 68 6 92 97 25 20 7 6 12 84 84 100 62 80 73 39 60 46 100 93 92 60 25 70 23 27 14 85 13 37 15 68 87 19 52 11 97 24 22 12 62 68 51
39 25 26 73 85 36 26 8 26 9 48 29 9 18 12 50 62 73 54 50 22 13 21 81 3 24 86 70 57 41 63 12 39 64 59 87 81 75 48 67 67 88 46 19 59 83 68 20 42 50 15 98 99 76 66 35 64 42 70 33 57 83 74 7 49 28 48 97 21 25 62 73 23 83 98 35 85 35 22 72
43 92 71 69 6 7 40 82 48 16 58 26 31 43 81 75 76 10 49 42 73 61 56 77 52 32 19 61 49 21 67 18 77 41 47 53 31 3 63 55 13 67 84 46 49 16 41 21 100 51 79 40 5 32 17 53 49 68 30 56 20 72 52 80 98 29 80 55 27 34 37 85 94 75 36 89 2 69 18 23
9 87 14 55 84 97 20 96 53 94 78 88 35 13 65 18 19 97 46 90 6 98 74 49 1 6 5 21 63 97 60 42 43 4 84 79 91 98 43 28 77 10 28 68 89 13 61 57 18 36 12 20 77 47 34 6 55 21 84 39 23 25 63 19 50 68 61 77 18 76 77 100 65 100 31 47 100 3 64 87
81 93 19 53 11 68 15 20 36 40 68 33 65 59 84 14 82 15 29 19 83 79 68 28 83 19 96 39 93 47 67 29 70 84 30 5 89 10 49 39 32 44 35 93 100 79 22 62 66 13 54 99 80 13 18 85 45 16 32 8 67 76 50 93 72 93 48 67 11 14 39 81 7 50 50 26 37 66 71 43
53 95 14 47 93 30 91 36 66 93 59 17 15 33 83 85 48 71 43 64 30 1 25 38 55 83 66 28 54 89 32 65 49 60 24 99 14 72 18 30 71 81 92 46 29 88 16 22 46 40 56 72 54 15 33 5 34 51 60 98 24 9 93 4 1 17 63 37 77 98 37 49 80 14 69 32 49 91 94 44
33 62 25 71 77 54 58 81 29 77 5 76 27 2 22 24 77 32 94 30 79 79 70 92 14 69 91 27 56 32 63 18 8 73 38 4 41 68 73 22 33 7 33 42 12 28 74 68 40 54 12 12 47 18 24 100 76 13 97 77 54 62 36 29 56 82 69 65 48 90 95 44 42 28 42 100 95 50 88 96
22 99 92 80 67 50 85 2 66 38 49 34 56 48 77 14 10 19 8 57 50 91 4 48 84 71 18 62 31 40 73 28 90 86 48 29 3 64 25 90 7 85 84 42 31 81 65 16 43 84 59 30 81 89 54 27 57 80 93 11 53 49 57 57 21 34 55 93 33 6 98 34 4 69 87 21 73 55 9 94
6 52 84 26 1 79 50 56 93 85 1 69 67 12 84 28 49 54 63 91 58 65 43 64 100 48 15 69 60 23 53 14 43 21 77 33 37 25 33 41 82 41 30 22 97 97 75 66 10 93 52 45 64 71 50 38 89 68 93 69 92 53 77 73 20 95 14 24 33 61 81 28 66 37 56 89 23 31 84 73
23 60 71 41 45 14 99 62 19 48 69 27 68 16 54 84 14 81 43 96 49 49 25 9 7 29 98 63 49 5 17 46 68 2 5 51 60 13 38 34 74 98 31 66 67 86 46 43 5 77 99 36 17 45 6 7 17 95 93 11 7 67 48 100 52 6 35 46 36 32 77 71 95 41 28 8 36 29 88 87
7 20 22 18 45 92 10 20 12 38 69 84 87 4 85 76 46 4 23 45 23 48 30 77 61 16 58 47 25 39 23 45 73 15 3 78 80 10 61 18 23 16 81 48 41 63 8 61 68 77 20 18 99 15 66 3 68 24 87 84 62 78 19 36 46 57 36 51 54 62 42 13 49 53 50 63 69 43 91 36
