20 80
15 27 17 29 51 69 7 52 4 28 25 35 66 13 77 42 72 68 54 65 48 10 78 33 58 6 40 21 0 34 39 9 44 46 11 67 41 53 70 47 73 50 37 62 20 14 60 26 79 36 1 45 3 56 22 59 18 55 43 5 74 2 24 76 8 23 64 31 49 12 19 75 16 30 61 71 38 57 32 63
43 45 68 29 2 47 66 35 74 12 27 58 6 69 51 16 20 11 28 31 44 10 15 36 65 48 79 24 40 37 67 61 4 46 39 33 1 77 60 64 59 17 7 62 19 30 8 50 76 38 52 25 78 54 70 72 14 32 41 63 75 23 55 42 53 9 3 49 5 18 56 71 57 22 34 21 26 73 0 13
45 29 64 71 0 8 76 27 47 6 26 37 17 22 16 15 32 21 7 67 54 3 66 40 13 52 31 18 2 34 72 33 59 41 23 44 36 57 12 60 61 70 43 73 69 20 30 68 4 58 14 11 62 56 55 46 74 25 42 5 28 24 65 53 79 19 10 39 78 9 1 50 49 51 77 63 48 35 75 38
73 61 47 11 1 22 24 15 14 31 59 50 0 6 51 7 9 35 29 48 2 66 56 3 36 34 28 75 26 67 77 57 72 5 8 68 69 17 58 41 20 79 70 38 55 18 78 60 44 53 54 45 74 33 39 40 42 30 52 23 49 71 10 16 65 27 62 21 64 76 13 19 4 46 43 63 32 25 12 37
48 41 40 25 13 69 32 21 36 51 71 26 28 70 42 37 2 62 76 50 14 18 5 54 9 79 60 20 1 31 58 68 6 12 3 72 11 29 46 67 39 74 47 49 0 59 15 56 23 24 45 33 55 4 27 44 10 66 8 57 52 34 53 19 63 65 73 22 30 75 43 16 17 64 61 35 77 38 7 78
0 71 78 48 44 22 32 7 1 49 74 57 15 24 26 39 67 63 42 36 17 16 21 2 47 4 35 10 5 23 56 12 8 64 11 53 62 79 20 25 55 51 43 68 40 76 46 66 13 52 3 31 30 18 65 38 54 19 34 73 69 41 45 27 6 70 75 59 37 9 14 77 28 50 58 29 72 61 60 33
72 43 36 58 67 37 48 73 2 52 45 56 41 7 31 54 75 59 15 38 65 8 76 32 20 42 28 66 4 51 21 79 19 49 77 27 63 70 1 53 9 39 57 16 17 13 23 6 69 64 60 68 78 55 29 24 50 71 14 47 11 44 25 46 5 22 33 10 12 26 34 18 61 0 74 30 3 40 35 62
58 4 53 36 64 56 15 73 12 46 33 70 60 3 34 13 5 77 31 79 10 52 11 20 23 57 43 55 9 17 75 76 48 30 38 35 63 22 47 65 14 21 41 51 18 0 49 32 44 40 29 42 26 19 66 67 69 37 1 24 74 59 28 25 68 71 45 39 62 8 16 54 78 61 27 2 7 50 6 72
5 30 2 48 44 64 65 7 71 27 25 62 47 15 6 35 22 79 32 9 13 4 20 46 3 37 60 68 69 54 39 63 77 8 28 42 49 11 36 10 72 43 51 75 1 58 19 17 38 0 34 29 70 61 12 59 31 40 21 56 67 45 33 18 66 55 50 78 24 74 53 23 16 76 26 14 57 52 41 73
47 39 55 73 36 23 54 58 46 59 3 21 70 41 38 28 52 76 13 34 63 67 11 1 53 79 62 48 27 6 30 16 12 22 71 65 35 64 4 68 45 32 33 7 29 56 31 20 43 9 66 0 69 60 75 18 19 17 78 5 50 26 49 74 77 61 10 51 72 25 2 42 8 15 44 14 24 37 57 40
25 35 43 33 36 69 76 34 78 70 20 75 40 14 68 65 66 77 21 63 62 38 22 53 59 61 54 12 0 17 18 67 16 19 24 42 31 8 26 72 60 45 30 15 13 64 5 52 57 74 2 55 41 71 46 6 4 47 48 79 9 39 37 7 3 49 28 44 51 10 58 32 23 73 11 29 50 56 27 1
64 22 73 78 6 38 26 62 20 69 55 65 52 30 21 60 5 24 18 28 34 59 31 36 74 61 1 54 23 63 29 49 46 10 72 8 66 68 39 41 33 19 13 53 57 43 12 15 27 44 77 3 50 58 0 11 40 47 9 17 67 35 79 76 7 25 71 45 2 32 42 16 75 56 37 70 51 4 48 14
11 67 40 32 77 33 56 70 4 49 27 71 60 24 37 29 78 21 34 9 47 74 26 66 55 18 16 63 43 58 31 38 46 14 41 44 17 57 22 7 68 8 45 48 35 64 28 39 61 30 19 65 75 53 76 51 12 23 59 62 42 13 54 3 69 73 52 2 20 79 5 1 15 10 6 0 72 25 50 36
76 66 69 14 75 1 24 48 44 4 78 47 28 39 11 58 6 18 71 57 2 73 45 79 51 65 9 30 40 36 25 8 49 56 29 63 46 72 16 19 41 43 17 54 70 0 74 42 22 38 34 15 13 21 33 10 77 23 37 55 50 12 68 3 20 67 35 32 27 26 5 60 52 59 61 53 31 7 62 64
44 17 12 58 23 72 30 64 69 62 15 59 9 76 56 67 28 2 1 5 20 22 18 63 79 57 77 48 7 45 25 51 47 32 65 36 27 38 37 42 53 54 16 39 68 8 43 10 35 40 55 0 60 71 11 34 41 33 61 31 14 70 3 73 13 19 46 78 74 29 75 66 26 52 49 4 21 6 50 24
10 34 16 72 79 77 73 42 15 21 31 2 19 17 57 28 4 47 37 25 18 46 7 22 39 45 50 13 76 40 59 35 12 54 11 62 0 9 56 27 68 26 6 51 44 8 49 64 43 69 60 20 66 63 38 33 70 67 3 74 1 78 75 55 61 53 52 23 5 14 29 58 71 30 36 65 32 24 48 41
10 65 25 5 18 71 74 77 39 62 59 55 41 13 60 76 28 50 67 69 72 35 64 2 51 30 42 36 57 15 68 6 40 79 32 49 75 22 52 70 44 38 9 37 4 48 61 34 23 29 56 43 16 7 63 11 26 20 0 66 24 8 58 47 1 17 33 78 12 73 3 27 53 19 46 21 45 14 54 31
12 47 71 7 50 62 26 67 15 37 49 77 66 30 60 46 2 41 22 69 25 17 13 55 75 38 70 28 40 65 33 16 3 68 10 36 58 35 4 18 39 59 34 21 23 45 31 53 44 1 52 0 42 20 5 61 19 14 72 11 57 64 56 73 63 43 9 8 76 6 74 79 78 54 48 24 51 32 29 27
38 17 32 8 3 25 29 44 72 56 57 71 64 20 22 70 2 11 42 12 39 23 30 66 21 51 55 50 59 41 33 54 45 74 46 9 40 4 62 7 35 48 10 13 67 47 31 34 24 28 52 36 6 63 53 65 15 69 18 76 14 0 68 27 61 16 37 58 77 79 26 43 1 60 49 78 5 75 73 19
0 25 8 33 1 19 4 58 7 2 71 16 9 59 34 63 61 76 31 35 40 29 56 62 14 75 47 44 23 73 50 54 49 32 6 77 66 70 55 46 51 42 38 30 43 78 79 28 21 52 45 53 10 39 27 13 67 3 72 64 11 22 18 15 37 68 48 60 24 26 65 5 17 74 57 41 12 36 69 20
34 86 24 37 72 69 97 46 53 34 69 76 94 59 12 4 92 91 39 12 22 14 64 36 6 4 87 6 83 99 12 66 97 36 43 33 63 53 87 17 23 61 9 88 9 5 28 71 10 83 64 15 98 5 73 7 87 68 66 28 46 11 24 18 63 78 15 25 64 51 82 98 34 33 6 37 97 94 52 93
49 69 65 16 59 59 37 5 74 84 24 70 58 76 48 82 75 77 90 28 94 21 55 62 7 58 14 8 34 72 13 53 10 40 9 66 32 89 26 30 94 64 87 23 87 42 83 69 81 33 38 66 20 32 31 7 33 63 21 31 51 26 17 78 43 91 87 7 89 15 41 66 13 57 10 48 80 40 51 30
94 46 63 46 9 45 85 62 67 62 43 67 70 97 63 92 26 98 41 69 63 59 60 74 39 9 28 46 71 42 58 29 54 77 33 99 91 54 66 69 76 97 12 55 63 3 21 89 24 26 45 51 69 5 95 32 61 2 53 51 63 100 93 26 88 21 31 47 79 35 18 74 27 53 6 16 47 98 33 97
22 36 58 95 17 18 6 12 80 12 33 65 1 5 13 25 82 97 58 21 71 87 88 23 5 87 87 42 63 11 43 92 24 55 49 89 29 60 55 14 27 24 79 1 58 79 77 45 13 95 30 82 65 14 31 6 81 51 8 29 94 52 40 50 64 28 76 32 1 31 65 73 6 10 61 94 33 71 80 22
87 50 16 15 16 85 61 34 77 96 82 76 10 21 18 60 43 47 82 45 44 16 48 66 23 95 46 9 86 81 43 97 26 84 46 3 84 53 42 43 6 97 70 89 92 17 53 16 39 50 84 52 23 90 88 91 82 7 25 73 37 86 49 6 42 67 28 66 22 74 22 43 83 29 32 53 20 60 3 55
84 15 77 35 41 72 53 15 91 70 14 35 6 37 15 76 18 11 40 10 31 18 75 13 15 98 73 11 22 74 25 30 14 13 48 33 81 48 62 41 22 86 69 95 88 53 15 51 72 19 5 28 7 26 42 49 52 4 35 77 64 17 90 36 73 61 72 81 87 13 25 71 59 62 97 23 55 10 99 22
77 26 43 75 79 48 73 87 35 48 96 19 13 62 50 25 84 34 55 7 2 7 42 58 34 18 50 75 15 41 12 12 46 26 35 17 26 18 44 58 69 20 81 9 48 67 56 55 88 98 32 79 93 18 12 26 33 39 5 6 52 27 36 59 40 35 92 62 29 74 79 73 42 92 91 58 17 39 96 33
59 3 18 86 93 49 76 17 69 78 26 61 26 1 52 89 37 25 28 99 89 95 32 11 98 80 42 55 40 53 52 62 41 73 35 51 44 68 90 41 9 31 68 71 46 39 100 8 10 57 42 23 69 54 76 85 94 25 98 66 42 54 13 12 8 29 37 27 83 48 83 7 95 21 51 76 21 44 16 94
31 73 65 93 33 21 9 74 2 88 24 66 95 97 71 74 26 81 1 14 1 33 16 43 77 65 52 44 1 92 19 22 4 83 29 51 28 62 47 60 80 25 56 53 4 56 28 56 93 4 43 96 55 77 16 15 66 71 23 17 74 10 44 28 45 77 7 82 45 38 56 77 79 45 75 62 4 25 23 14
35 38 84 67 53 24 30 32 90 68 94 49 52 68 73 77 91 82 70 29 9 19 93 97 63 73 61 27 82 3 91 4 93 59 30 29 69 57 71 86 80 18 99 11 43 26 10 16 97 19 7 70 59 84 8 82 24 58 76 69 35 41 66 87 45 22 53 80 97 62 55 66 49 10 28 69 71 8 47 40
8 15 71 35 84 56 88 74 1 77 49 99 8 33 90 14 82 71 82 79 39 87 94 24 77 19 92 47 21 98 34 87 2 94 11 64 38 26 77 76 1 69 91 24 69 85 44 15 26 95 35 91 89 55 59 43 80 23 64 42 69 77 26 76 100 29 54 8 99 50 71 69 32 42 56 69 10 20 44 12
34 99 65 78 90 50 21 11 58 28 71 51 92 79 95 78 92 40 8 9 66 86 24 69 52 66 86 8 85 100 2 36 18 67 3 2 53 3 87 22 45 63 33 99 90 71 55 32 39 83 69 74 4 87 5 19 68 87 93 33 46 84 11 4 47 20 63 49 76 9 51 15 12 81 20 95 76 64 29 35
16 2 6 76 49 45 85 48 65 36 27 70 43 69 27 70 72 74 5 52 9 3 32 57 72 93 32 96 28 45 77 97 17 50 94 2 15 78 54 88 95 96 89 19 52 43 15 42 97 43 46 79 87 35 57 86 74 40 42 53 8 74 18 59 84 60 100 53 32 22 54 17 70 90 65 87 43 8 99 13
19 30 56 64 29 50 86 97 40 52 40 11 65 77 17 88 63 100 36 30 6 2 45 12 33 72 98 18 72 61 3 33 65 17 9 45 34 63 32 30 74 42 2 88 18 87 90 39 80 31 49 52 70 44 100 9 60 65 90 22 30 62 2 86 92 72 8 72 73 44 30 24 14 41 49 29 91 70 95 90
100 49 97 65 34 80 42 52 97 72 88 28 1 78 18 75 96 21 68 54 29 19 32 39 74 6 13 18 38 46 21 63 56 33 70 59 19 79 39 82 69 72 64 32 78 57 25 15 66 18 87 60 32 25 93 10 54 5 100 6 86 91 63 17 57 6 77 80 87 90 55 33 70 32 16 15 33 4 22 52
9 51 4 27 100 39 10 69 61 27 51 71 98 14 93 39 29 57 85 89 67 11 39 36 92 89 27 75 79 53 40 81 16 52 60 10 3 47 10 47 45 49 65 87 82 11 27 24 60 57 52 20 23 73 21 39 47 68 87 84 36 94 87 29 56 48 15 21 31 67 60 62 57 49 97 46 11 42 93 73
91 19 5 53 73 39 42 9 10 78 34 100 41 39 44 8 21 71 35 48 15 14 64 5 33 4 52 26 33 43 8 42 40 24 4 7 62 55 49 14 96 67 89 54 68 86 42 5 20 3 32 7 24 52 69 95 1 4 23 86 11 5 78 4 69 97 19 97 98 48 49 18 76 1 85 45 50 46 95 68
50 4 33 35 51 23 70 73 5 21 23 59 17 40 26 46 65 36 32 25 57 47 1 7 95 61 82 33 64 48 23 54 10 85 8 70 66 98 2 30 31 99 73 64 63 84 74 45 42 14 90 57 69 75 47 59 47 6 89 86 26 77 26 34 26 43 19 43 27 51 69 30 14 45 88 65 19 13 85 69
51 60 69 53 9 86 21 73 91 78 60 89 99 45 52 96 52 30 63 36 82 16 19 62 36 73 19 90 89 39 98 80 75 3 62 47 3 71 27 64 52 98 27 99 34 82 65 86 70 97 70 80 52 100 87 61 63 34 87 97 47 64 55 34 23 52 19 19 86 96 22 77 82 6 70 23 95 62 9 7
49 83 59 82 91 64 74 3 9 25 26 95 88 85 92 36 51 100 71 19 51 33 97 36 64 81 47 4 21 96 57 66 8 29 52 19 25 90 44 66 12 70 80 36 11 54 23 91 78 52 3 16 37 31 65 68 96 2 60 70 9 59 76 75 70 50 92 29 94 31 19 50 47 8 48 48 30 88 1 6
