20 80
73 43 25 47 60 7 64 27 33 17 4 50 19 2 68 24 16 77 57 14 48 55 35 6 32 0 39 38 42 56 9 15 45 72 46 61 49 10 62 28 29 44 74 36 69 3 52 31 22 41 76 59 54 51 65 23 26 75 8 21 1 40 78 71 63 5 11 37 70 79 20 13 58 18 12 34 53 67 30 66
69 44 68 45 79 27 33 72 8 30 4 28 0 2 32 78 73 55 41 75 16 36 35 47 40 26 63 66 56 61 71 70 50 31 23 64 76 77 6 13 3 57 25 15 17 7 34 58 74 24 60 48 39 43 65 10 52 19 18 5 20 46 29 67 53 62 1 59 38 12 9 11 22 51 37 21 54 49 14 42
69 34 13 16 61 4 73 76 62 79 5 39 1 20 59 40 24 7 77 9 68 41 21 49 75 31 10 44 43 60 46 6 56 22 42 32 38 53 15 12 37 18 78 11 71 57 72 58 30 26 64 17 27 33 19 23 8 52 50 47 63 35 25 14 54 45 66 55 0 48 28 65 67 51 74 3 70 29 2 36
51 64 74 14 53 79 63 35 20 31 70 10 7 28 32 3 46 42 65 44 58 8 68 73 24 52 77 69 12 0 50 67 33 43 19 1 60 59 47 36 76 13 72 26 23 61 17 38 62 18 55 16 56 11 48 4 27 66 25 15 49 45 40 39 78 54 2 34 22 41 6 30 37 21 9 71 29 5 75 57
62 58 68 27 41 52 18 39 7 2 19 0 32 4 36 5 17 11 76 3 72 33 34 14 42 75 63 44 8 10 31 28 49 57 30 64 78 9 61 35 59 79 37 29 73 50 20 16 15 67 26 70 22 66 13 21 40 38 51 55 43 47 24 23 65 48 54 25 45 77 6 12 60 74 46 1 69 53 56 71
16 43 19 25 33 32 21 49 72 7 66 69 60 0 34 70 77 73 67 36 51 23 59 13 57 29 38 28 71 30 40 14 62 64 2 53 46 45 6 79 42 55 35 37 78 17 22 5 65 27 15 3 41 18 12 1 31 61 44 52 9 54 63 76 20 4 10 39 50 47 48 56 74 26 75 24 58 11 8 68
55 14 77 29 32 60 57 51 66 28 48 21 33 62 54 56 53 78 6 47 26 70 38 18 42 16 76 10 4 63 1 64 58 75 24 39 22 35 15 61 7 37 40 44 30 72 17 5 45 12 71 23 50 41 13 20 27 46 59 43 3 11 36 8 73 31 79 19 65 34 25 0 49 68 74 69 2 52 9 67
67 43 7 37 27 13 12 63 15 14 31 28 75 10 55 56 34 66 39 65 3 64 72 58 47 24 17 29 0 48 74 8 6 46 59 40 23 19 71 76 57 51 45 9 54 42 44 70 35 36 25 50 30 78 69 18 2 16 33 52 22 79 61 20 41 53 38 68 21 4 60 77 26 1 11 49 5 73 32 62
10 51 33 57 7 5 39 22 50 26 68 19 15 3 73 70 54 40 59 61 75 31 4 52 76 16 47 17 58 27 67 53 72 46 79 29 28 11 41 6 24 36 56 32 43 65 37 48 55 0 18 1 63 66 42 14 77 64 71 49 12 13 62 9 30 23 74 2 44 78 20 38 60 21 45 35 34 8 69 25
58 67 5 74 78 25 79 44 14 72 6 53 60 47 46 20 33 4 9 73 64 56 41 68 37 70 76 38 17 62 34 36 26 13 50 40 54 23 71 65 55 51 45 63 7 2 22 21 57 69 18 0 28 77 32 1 15 30 35 75 12 43 49 61 48 39 19 16 31 52 66 59 10 24 42 8 27 11 3 29
18 23 50 51 4 0 2 25 68 10 75 67 21 3 58 27 7 78 73 44 30 63 36 24 64 43 74 14 59 33 13 65 11 31 79 69 19 48 71 28 26 6 29 12 17 22 9 55 70 16 38 37 60 45 41 1 66 39 77 8 56 35 15 42 49 32 34 76 53 47 62 40 52 46 57 72 54 61 5 20
54 9 69 60 55 44 65 14 36 46 79 2 41 45 31 66 21 67 51 42 7 17 24 6 29 26 72 16 50 30 76 58 47 3 22 18 38 35 11 53 15 56 8 75 19 61 23 49 39 0 68 28 48 70 64 10 74 20 52 40 5 59 63 71 4 12 27 78 73 77 13 57 37 34 43 62 32 33 1 25
25 66 46 78 31 71 0 73 56 49 34 28 39 61 14 53 7 72 57 21 19 4 20 11 13 8 32 9 12 41 54 62 23 30 37 42 2 17 48 47 65 35 36 50 5 6 27 3 26 29 1 76 44 18 52 75 74 63 69 79 45 51 55 43 16 33 67 59 10 24 60 40 22 15 70 77 58 38 68 64
45 78 76 65 0 40 35 34 51 56 6 75 4 12 77 37 73 63 79 62 70 26 44 9 22 42 23 60 5 39 7 13 68 74 57 72 8 31 47 55 10 21 71 27 46 66 49 29 64 38 58 1 28 41 53 50 36 52 33 20 14 18 19 59 11 30 61 17 43 67 54 25 32 16 3 2 69 15 24 48
40 46 59 57 42 28 73 70 45 6 76 8 48 52 61 66 56 71 35 60 49 51 78 30 64 10 58 68 41 67 13 0 69 17 79 50 2 33 74 32 62 15 3 5 55 23 1 44 25 11 26 75 43 12 77 54 36 38 4 47 18 37 20 31 72 27 7 22 21 39 63 34 29 16 24 19 14 53 65 9
12 64 3 75 48 56 43 51 31 13 1 59 0 78 67 38 60 46 53 11 26 23 29 34 55 35 76 73 66 41 77 45 5 19 69 27 32 58 63 24 61 68 4 37 50 14 40 47 74 16 36 10 57 15 2 20 65 6 52 30 72 21 70 33 79 28 54 22 39 18 71 49 8 9 44 62 25 42 17 7
2 46 22 53 44 49 30 20 48 54 36 65 27 73 42 39 9 11 12 70 4 61 23 38 57 68 35 52 16 24 14 51 71 55 31 47 72 66 75 40 78 69 21 67 43 41 7 13 50 8 25 62 3 28 34 10 18 5 32 37 15 56 26 6 77 59 0 74 64 19 63 45 17 1 29 33 60 79 76 58
58 49 56 41 30 2 18 78 17 12 76 5 44 26 79 28 63 20 24 57 16 45 9 70 27 7 39 22 29 0 62 54 3 42 67 36 46 8 31 6 55 40 19 1 68 77 74 51 52 35 25 65 43 4 23 64 69 37 59 10 32 66 14 72 15 11 50 38 48 53 75 47 73 61 34 60 21 13 33 71
38 2 16 71 43 24 68 42 30 56 70 55 6 61 50 46 44 22 28 4 67 9 57 79 72 47 26 53 54 75 23 19 48 31 35 14 5 63 13 69 49 78 36 21 39 25 76 37 17 33 66 77 27 58 3 32 74 12 59 41 52 34 51 7 40 45 65 0 73 15 10 29 1 8 60 62 64 18 20 11
37 33 43 41 77 5 8 6 54 27 46 40 59 65 39 29 22 66 76 61 28 12 34 26 38 30 45 74 13 56 63 52 25 4 31 0 57 72 51 1 70 14 60 3 69 48 67 55 50 53 32 36 24 64 79 2 20 7 35 9 18 47 78 21 11 75 23 44 71 42 19 58 68 62 16 73 49 15 17 10
55 61 77 30 51 66 30 23 28 48 76 84 69 59 24 32 79 30 41 89 12 85 12 62 78 37 87 25 98 100 66 32 85 84 49 54 95 54 96 50 94 3 66 2 2 79 46 25 84 81 16 29 10 18 6 33 51 7 28 43 94 99 18 84 35 57 45 51 98 79 70 59 63 37 82 47 59 36 72 62
18 84 43 4 42 21 41 70 95 83 57 65 40 33 42 34 73 74 100 8 11 23 26 60 82 10 3 43 96 73 48 18 35 38 20 5 34 3 41 97 24 43 50 74 50 48 57 65 64 46 92 11 53 50 1 2 86 53 18 38 89 97 82 13 35 31 5 13 89 91 4 66 43 15 81 24 24 42 4 2
73 96 25 56 47 79 86 44 8 70 88 77 48 53 71 86 82 15 99 61 19 39 76 67 59 31 17 19 98 59 76 1 2 26 93 51 6 90 20 93 83 90 39 70 77 70 62 32 40 46 43 37 100 80 30 24 43 82 84 96 51 91 72 28 79 56 88 68 25 18 34 43 3 11 44 3 41 16 78 48
61 19 7 76 82 52 3 68 19 80 14 95 53 35 90 42 3 44 42 54 20 22 23 55 97 86 22 26 51 68 20 1 41 68 18 77 76 65 43 22 87 25 83 9 17 5 30 40 2 63 85 83 61 40 40 71 59 34 19 44 47 97 91 39 2 93 13 31 48 52 62 34 84 90 48 87 34 25 51 90
94 6 27 43 32 58 14 45 64 1 31 75 19 99 41 15 88 92 78 63 82 91 78 42 66 82 74 62 52 85 29 32 83 100 53 86 9 6 28 21 70 32 70 45 38 9 62 57 50 44 35 85 89 71 50 22 49 18 99 90 5 83 27 36 32 50 81 73 91 16 9 27 89 22 27 59 29 16 93 16
27 97 11 100 94 87 27 71 68 20 63 55 18 49 59 36 9 58 44 39 14 40 70 18 81 81 29 87 27 4 25 74 99 42 89 20 35 3 14 8 31 33 25 83 75 83 69 87 50 23 75 99 15 95 26 8 60 73 13 74 66 78 38 16 86 39 39 22 66 79 72 30 54 76 52 74 9 71 31 62
26 23 32 2 71 45 42 37 47 62 22 60 2 24 43 7 23 67 3 25 43 70 95 17 20 99 18 28 41 37 14 80 64 33 73 49 75 14 64 6 68 68 89 39 4 23 90 70 30 54 61 34 63 33 86 97 55 37 50 55 63 99 43 8 16 100 95 27 93 58 70 46 10 37 36 43 80 16 93 16
59 48 69 89 77 67 35 88 43 18 85 41 38 48 67 45 86 63 89 64 65 45 86 66 57 86 41 56 5 48 96 85 37 52 54 36 46 51 13 4 14 40 12 37 62 82 75 81 29 54 10 24 64 18 4 55 88 52 55 96 53 16 45 30 11 79 93 67 62 22 79 57 3 45 91 62 26 98 13 74
63 91 25 90 38 7 42 26 10 62 52 63 49 98 53 13 46 9 98 32 53 84 26 9 88 47 76 68 22 93 86 83 51 64 44 89 14 75 71 64 16 9 9 7 93 93 73 49 91 65 11 77 9 66 44 46 20 10 13 64 19 95 14 100 30 25 4 4 46 12 16 55 12 68 63 23 84 9 69 93
45 83 51 93 34 14 24 12 65 80 37 86 41 4 56 45 18 30 42 28 12 35 85 22 42 32 31 72 75 68 30 7 68 29 99 98 10 67 98 91 85 96 20 77 32 65 95 98 62 36 57 41 20 97 95 30 42 65 19 82 60 57 95 24 17 69 39 56 61 66 2 60 52 31 84 84 93 45 31 94
98 31 6 57 71 11 55 91 51 20 12 15 24 59 27 97 55 82 79 37 10 20 25 100 8 9 28 49 10 1 46 10 100 51 7 79 88 74 90 36 5 57 84 1 57 29 26 75 73 90 80 41 39 68 30 4 84 4 23 100 6 9 19 42 76 95 97 18 35 91 44 50 69 63 84 60 16 16 88 7
66 1 96 86 37 67 34 70 93 17 18 83 39 84 19 9 99 6 84 58 22 2 6 19 15 26 82 20 9 36 68 15 45 3 14 99 24 77 13 80 13 89 70 24 36 41 1 4 11 44 32 33 87 80 50 100 48 94 25 29 71 54 55 95 46 10 10 93 21 45 74 26 97 50 47 49 52 19 92 33
52 66 62 78 73 45 33 56 33 29 46 4 5 71 3 8 89 16 19 36 89 96 100 22 55 88 35 82 95 73 77 26 59 38 63 77 92 67 56 41 22 64 63 33 38 83 18 6 5 20 93 99 59 30 50 24 29 28 33 72 59 40 65 94 2 21 42 67 57 37 45 67 92 8 67 13 83 25 36 32
17 65 87 95 74 59 78 35 34 60 68 78 83 59 8 23 62 39 22 73 44 16 12 12 42 59 78 30 31 70 81 58 23 67 99 11 87 34 25 84 42 37 92 66 33 84 91 12 53 77 90 1 39 46 49 52 93 14 95 75 89 85 25 43 83 70 47 16 74 4 45 61 16 21 31 65 94 69 40 80
31 63 24 39 52 85 44 50 3 61 83 43 39 72 44 24 82 55 85 58 59 60 56 22 34 25 19 53 95 65 72 32 25 76 97 97 86 100 63 1 50 70 62 30 42 87 8 11 63 53 90 37 56 14 47 76 53 24 14 45 75 19 50 5 94 76 97 35 17 75 78 65 46 47 8 13 14 15 37 93
5 25 2 9 21 7 88 73 16 74 66 96 75 78 68 58 60 50 91 92 43 52 77 95 16 15 39 35 73 21 91 37 41 28 85 98 61 9 21 43 79 84 98 81 30 93 16 34 86 90 29 18 3 82 2 20 96 65 97 7 92 66 93 31 54 15 32 15 89 38 91 68 62 22 63 7 77 21 65 2
41 36 61 62 18 35 70 92 13 99 19 68 2 69 20 78 59 25 2 64 80 5 100 23 34 83 11 7 18 68 47 63 74 31 80 1 24 44 40 5 92 31 57 35 94 96 46 44 87 84 26 81 57 40 50 45 60 30 5 66 70 66 34 94 88 81 9 65 94 51 96 67 9 53 76 89 91 33 79 85
85 53 50 28 76 2 30 50 92 62 9 98 84 88 17 3 22 10 7 94 90 70 29 78 81 62 20 63 2 98 59 28 39 96 58 2 59 94 98 31 58 87 28 77 13 86 54 48 9 68 22 31 23 82 15 29 81 22 98 68 10 36 76 84 56 84 91 47 57 56 84 13 47 2 13 44 87 24 85 64
22 1 15 85 33 22 61 73 20 9 88 48 5 80 85 36 95 17 76 94 24 52 72 28 23 32 82 1 43 99 80 9 66 50 83 100 34 64 6 23 11 51 98 29 23 39 46 2 79 62 97 50 93 95 72 83 28 33 36 40 4 88 90 61 19 63 52 46 17 98 68 40 72 75 95 9 5 68 83 31
53 40 98 69 42 87 96 14 15 97 12 86 1 96 78 50 17 1 10 6 49 72 35 49 8 92 73 65 52 86 24 65 99 31 43 35 75 32 100 57 96 34 27 64 13 20 48 65 64 80 31 40 70 60 87 15 33 75 50 99 23 42 58 34 64 78 47 91 28 60 29 31 12 23 47 10 31 44 12 16
