20 80
20 15 11 39 65 17 26 30 63 56 60 41 0 27 54 48 38 69 35 24 59 5 61 31 8 10 6 22 70 71 4 58 3 62 21 2 76 37 74 67 78 53 68 72 66 50 64 75 1 49 46 23 34 42 55 29 43 12 16 28 36 45 77 18 79 25 32 33 14 40 7 47 19 51 57 44 9 13 73 52
61 29 44 19 46 74 73 20 12 33 52 21 10 23 70 32 69 16 17 60 27 63 24 57 9 38 31 2 77 3 37 62 25 72 54 64 1 15 79 18 30 68 49 78 26 76 8 28 13 6 50 35 71 40 53 48 65 14 11 4 34 51 66 58 41 39 42 7 59 47 43 75 67 45 5 55 56 0 22 36
75 6 31 72 9 59 3 8 4 7 78 48 10 51 17 56 18 62 67 60 0 57 25 44 61 79 36 54 46 70 16 24 76 34 28 21 27 38 77 71 49 30 19 29 74 47 12 43 14 40 73 69 35 1 68 53 13 33 64 2 41 20 23 11 32 45 42 50 37 58 5 15 65 55 39 63 66 22 26 52
75 32 50 20 62 18 79 49 35 48 39 55 0 46 16 8 43 47 77 31 27 4 52 64 66 36 57 40 76 38 51 21 70 2 14 9 69 58 56 78 65 45 15 30 42 12 71 59 23 33 22 63 67 61 26 6 28 1 19 54 72 37 41 53 44 5 25 73 13 3 74 60 17 11 29 7 68 34 24 10
50 41 66 51 29 19 71 48 6 68 40 44 13 63 43 2 49 69 61 4 14 24 20 26 79 47 8 59 75 11 76 22 39 28 42 33 57 55 18 23 38 45 54 3 67 74 27 21 17 34 58 53 12 65 46 16 7 31 30 78 60 56 72 15 9 32 37 64 0 5 35 25 1 70 10 73 62 77 52 36
68 42 61 14 63 47 65 64 62 52 39 40 58 9 27 77 33 50 16 70 7 6 78 73 59 23 60 53 57 30 25 76 20 10 28 69 48 56 51 46 41 36 15 37 75 22 12 79 19 55 32 24 26 71 35 18 4 45 43 54 34 3 72 38 21 5 74 49 8 0 67 44 1 31 13 2 29 17 66 11
70 29 31 71 18 69 7 44 10 66 74 22 28 55 38 35 27 67 0 14 6 72 76 50 30 43 64 9 52 54 33 62 36 11 42 19 34 65 26 48 45 5 25 1 59 53 63 78 13 77 15 49 47 73 4 61 46 12 79 37 32 2 8 39 3 41 17 75 24 21 20 58 57 23 60 68 56 40 16 51
1 5 62 29 12 30 27 3 38 51 31 24 50 13 70 73 4 0 43 9 46 6 78 36 59 52 74 37 23 26 8 41 35 40 63 7 77 71 33 56 58 55 19 57 72 42 32 69 68 18 17 22 65 67 44 16 60 28 10 25 76 66 20 39 45 15 2 64 75 48 61 54 14 34 11 53 49 79 47 21
43 1 65 18 22 47 58 41 76 15 74 37 57 33 7 35 69 19 68 52 62 8 48 61 0 9 49 46 14 73 50 55 20 66 51 79 36 6 13 17 31 39 42 5 23 4 56 64 29 72 26 53 28 21 77 25 24 34 27 44 75 30 40 12 63 2 60 71 59 32 11 16 78 54 3 67 45 38 10 70
33 27 19 13 52 39 3 70 53 68 1 14 62 65 36 31 77 17 73 6 75 57 15 18 49 59 0 61 44 79 26 74 45 24 51 42 64 58 10 2 21 71 56 11 20 22 32 25 41 40 29 66 60 37 69 7 78 54 5 72 8 67 76 30 23 4 48 28 50 46 38 34 35 47 16 43 12 55 9 63
35 50 42 15 70 62 66 64 53 30 3 78 59 74 41 13 11 39 34 9 69 32 12 65 4 58 29 10 40 28 2 60 46 71 16 7 27 67 54 8 36 47 1 55 51 52 31 56 63 79 43 0 38 21 48 61 57 17 44 19 72 73 5 6 23 24 22 49 26 33 75 68 37 14 20 45 77 18 76 25
49 74 15 61 71 55 51 67 64 34 50 39 29 57 68 26 23 42 79 2 47 12 35 73 7 44 19 43 24 33 22 48 4 25 6 69 20 0 66 10 56 38 27 76 8 72 52 75 14 58 53 77 30 13 45 41 11 62 54 28 59 37 63 1 16 18 9 78 3 65 32 36 5 60 21 40 31 70 46 17
43 37 7 70 78 52 3 34 31 26 69 41 74 46 58 22 38 44 53 77 19 11 32 13 17 73 51 23 28 25 47 61 50 20 72 64 57 24 49 4 8 79 59 16 42 54 33 29 15 63 35 9 66 30 2 65 1 5 67 14 76 0 36 12 6 27 18 45 62 55 71 75 40 68 60 56 48 10 21 39
40 51 4 46 5 7 18 14 20 12 50 9 52 60 0 77 72 31 35 75 24 61 10 71 6 42 30 29 76 15 64 17 44 33 3 67 69 68 66 55 11 2 28 21 49 47 63 37 25 8 74 56 54 34 58 53 65 13 62 26 59 32 36 22 45 39 27 79 57 78 73 1 70 16 48 38 41 23 43 19
0 29 21 50 77 61 12 20 53 75 59 28 78 48 25 63 16 27 7 34 62 32 73 10 24 47 23 60 33 67 69 9 44 13 43 58 46 68 54 76 56 40 31 19 52 55 14 15 11 8 66 37 41 3 71 57 2 45 4 18 64 70 1 42 36 65 26 74 30 5 17 38 72 79 35 51 6 22 39 49
55 47 19 38 34 63 28 59 64 29 5 20 56 40 52 8 75 45 61 60 66 42 78 12 36 74 37 16 49 68 44 4 22 10 71 30 51 32 39 27 31 21 24 9 41 35 77 54 14 76 13 33 17 11 43 6 2 18 72 69 57 70 1 62 0 73 26 48 46 15 67 58 3 65 23 53 50 25 7 79
17 42 40 59 48 50 25 44 47 12 20 18 56 65 4 3 11 34 78 7 68 72 67 26 22 69 36 70 38 79 41 16 15 43 6 37 76 57 32 21 71 46 5 54 75 13 55 33 52 64 24 27 10 0 14 39 8 29 45 74 77 30 35 23 66 51 1 53 28 2 60 62 49 19 61 63 31 58 9 73
74 19 18 24 59 55 5 46 11 15 4 33 37 1 26 31 39 10 51 3 61 21 64 68 62 77 12 49 52 45 72 38 29 58 25 28 53 76 41 75 35 67 9 34 20 44 27 32 69 36 47 42 50 2 16 7 30 8 13 79 78 60 73 63 70 48 17 56 14 6 57 54 65 0 71 40 43 23 66 22
71 8 15 38 22 14 13 25 68 9 4 29 44 60 69 61 65 19 33 51 28 39 59 40 37 42 76 17 34 75 48 3 10 24 12 52 46 72 77 74 18 5 26 36 78 70 11 30 56 23 54 79 20 6 63 66 1 47 7 43 62 27 35 73 57 0 32 64 58 55 49 45 50 41 67 53 16 31 21 2
75 46 21 27 57 34 4 79 8 24 43 72 33 63 15 31 64 70 19 25 50 52 22 67 39 77 13 40 45 10 59 47 49 6 38 26 53 44 30 20 9 12 69 1 73 42 23 62 78 54 60 56 61 65 68 28 7 0 11 48 58 41 55 37 18 16 36 5 17 32 66 2 29 71 51 14 76 74 3 35
55 68 51 73 39 44 37 21 94 15 68 90 76 51 39 77 29 61 76 81 59 95 54 52 33 68 100 33 20 2 86 85 17 87 88 30 61 73 68 25 83 41 40 47 87 31 62 83 1 46 59 37 30 76 85 96 74 60 67 13 49 64 16 29 36 22 30 83 52 78 18 84 40 64 68 52 63 53 20 22
65 13 59 78 38 42 48 74 79 100 76 9 53 32 76 58 1 15 93 24 24 72 73 73 25 36 86 72 68 68 18 8 97 76 39 44 55 47 8 10 47 5 5 33 90 80 77 44 1 78 60 22 47 31 10 28 50 71 39 32 55 16 55 56 57 2 92 26 71 88 15 36 75 96 71 35 11 98 57 51
54 78 91 10 75 20 49 26 64 67 78 73 92 34 96 75 72 39 70 62 47 98 44 14 86 41 42 30 13 59 33 95 87 76 5 11 35 49 88 72 49 7 67 66 4 22 62 50 27 15 81 27 76 38 83 65 75 46 68 89 64 3 97 6 51 74 92 80 51 89 43 25 13 6 60 71 60 37 62 52
48 48 66 11 5 38 55 93 7 28 84 10 62 40 78 56 98 51 32 88 74 96 4 14 28 90 20 36 92 36 30 98 34 82 48 24 49 86 65 79 55 61 25 77 71 46 10 29 48 54 54 8 90 66 20 85 88 17 79 54 2 50 44 93 20 44 34 10 71 72 78 14 47 59 66 18 83 50 34 93
30 24 12 14 23 68 73 75 15 7 71 96 12 85 76 97 30 59 86 42 14 24 16 21 34 50 20 2 25 79 75 51 80 5 39 18 57 19 7 55 87 100 44 48 2 68 49 10 97 3 92 76 79 45 72 83 10 51 64 89 85 43 2 22 81 91 17 1 34 81 60 28 73 36 69 9 72 25 88 17
26 85 35 18 29 95 37 57 79 45 79 33 33 45 5 37 65 25 89 3 99 79 69 70 57 92 20 50 69 5 71 14 74 56 54 33 41 18 84 72 99 10 94 22 6 97 71 48 91 50 51 96 51 56 13 18 87 59 46 58 100 16 1 3 5 72 98 28 80 30 37 97 40 77 49 43 18 16 79 62
93 16 49 91 48 97 57 53 85 66 59 71 55 69 100 54 95 69 11 81 59 14 77 56 67 87 53 97 93 24 4 17 24 31 1 54 65 29 24 63 1 5 73 72 21 39 88 51 64 81 66 81 5 88 27 79 87 21 3 73 39 51 39 93 11 46 22 64 17 19 15 51 55 98 3 3 51 19 28 61
61 65 2 68 21 7 13 87 26 59 72 72 82 41 25 7 91 89 72 37 83 40 25 2 21 17 45 10 38 61 50 92 15 81 43 20 1 80 68 53 54 97 33 80 74 75 51 45 39 60 52 36 45 67 31 22 53 81 43 80 6 77 100 100 80 94 64 98 31 19 44 29 10 65 31 40 71 98 97 7
18 17 47 35 30 4 81 36 18 44 39 36 44 99 94 48 47 100 71 59 72 42 3 97 79 90 43 11 48 48 47 32 17 32 34 13 12 76 90 24 59 9 96 30 48 49 33 91 66 33 81 69 27 100 84 50 53 19 98 4 87 57 66 62 4 21 16 57 57 77 77 9 21 15 48 20 44 33 10 45
27 55 58 20 12 81 26 82 34 52 33 69 57 67 81 9 18 85 15 12 1 17 17 10 72 80 84 49 9 31 60 56 100 96 62 14 85 65 38 81 60 51 44 95 91 71 30 73 44 29 10 87 36 77 78 89 24 32 51 45 80 69 92 53 30 68 9 100 56 35 42 18 100 31 61 47 36 2 51 9
28 87 49 28 51 51 30 72 86 82 43 60 7 50 83 31 16 97 91 7 56 60 32 5 31 57 39 63 51 70 38 52 18 69 8 49 56 85 20 18 42 50 74 67 93 56 100 72 100 81 71 68 24 63 50 34 62 63 72 88 90 15 26 43 30 77 72 67 59 65 73 26 50 75 39 87 9 94 80 59
78 6 70 12 91 66 21 5 44 20 80 76 41 69 26 21 25 50 38 94 7 12 77 99 3 15 53 16 16 9 56 34 34 30 63 93 6 7 41 51 88 53 27 19 81 88 73 84 3 6 21 10 26 54 88 100 94 89 16 39 49 25 1 43 89 17 57 66 12 61 19 58 98 9 55 96 22 68 77 15
87 21 15 34 95 1 29 97 45 76 9 72 18 91 92 14 12 63 56 100 18 52 38 50 38 19 8 47 49 86 19 1 19 88 33 44 65 100 12 81 53 55 43 35 94 99 83 38 26 91 63 47 69 21 21 59 10 40 28 12 99 90 62 79 49 81 92 47 40 39 28 85 25 12 25 68 54 86 28 2
51 32 84 11 69 100 24 66 8 11 78 32 13 98 33 70 59 54 33 53 2 95 75 19 48 74 38 36 98 61 71 1 90 36 60 83 7 94 96 5 23 29 22 5 52 30 25 56 67 90 40 66 92 37 29 34 78 77 64 31 68 52 80 3 2 87 18 35 72 87 34 3 81 46 91 15 30 82 81 11
1 71 95 27 20 20 4 93 78 39 91 45 100 4 68 2 65 32 27 41 67 29 51 93 74 68 86 58 13 49 13 11 49 14 5 82 76 3 32 1 30 5 2 79 43 71 86 18 79 90 70 32 23 99 51 11 49 31 100 18 19 38 76 15 81 20 1 97 55 18 68 22 21 25 4 51 47 1 61 11
14 99 86 42 26 85 61 55 90 6 16 37 24 55 50 19 14 84 5 6 16 68 14 46 96 25 45 97 28 59 64 33 46 85 10 87 58 18 20 2 12 54 85 48 80 34 99 76 53 83 80 61 44 34 75 42 70 49 40 36 54 59 81 38 46 15 13 76 1 36 95 55 30 94 50 23 82 9 3 31
16 22 61 45 21 95 6 68 57 100 15 15 17 24 79 44 70 61 14 34 40 71 72 67 90 66 75 69 74 62 40 32 33 65 53 93 28 2 30 23 22 40 83 3 55 71 20 87 73 17 64 93 90 27 46 33 43 60 30 95 8 50 88 8 13 93 1 81 9 99 59 78 46 89 32 74 35 68 25 14
83 45 81 46 98 75 72 99 76 15 53 31 11 96 36 1 15 19 37 80 61 26 22 59 46 79 54 57 80 100 31 57 73 53 92 64 5 75 33 2 20 18 37 67 18 95 30 10 42 62 20 65 41 68 20 72 2 67 82 98 43 23 55 66 97 22 7 70 78 16 55 19 51 27 19 13 13 8 55 8
91 65 6 79 45 22 47 81 52 82 75 99 66 35 18 40 19 59 29 16 67 52 14 71 100 51 48 18 11 52 28 41 66 51 35 36 44 17 64 12 40 12 73 7 67 63 18 67 71 52 42 73 71 39 83 8 38 54 66 38 12 5 44 10 37 18 5 5 44 37 42 75 50 71 13 1 73 5 81 49
43 62 72 58 93 80 98 51 78 74 84 83 50 95 57 18 50 53 53 72 32 19 64 78 58 81 60 32 89 42 96 64 30 74 11 49 7 30 9 63 2 49 30 29 67 43 40 17 57 14 67 53 59 34 25 96 64 16 16 82 55 63 97 18 49 6 35 47 100 19 76 21 77 82 6 20 41 78 45 77
