20 80
66 70 11 17 22 28 2 40 27 61 71 30 7 60 20 69 62 50 48 16 56 47 76 51 72 34 63 52 4 37 73 45 44 25 42 53 5 24 64 3 36 74 33 0 9 38 49 78 14 8 68 12 15 31 46 65 21 23 19 39 29 57 43 10 41 77 79 18 54 59 58 13 32 26 35 6 67 75 55 1
11 63 75 20 1 33 21 54 50 2 62 31 19 23 25 34 39 45 52 10 26 72 57 43 4 78 70 77 51 42 55 22 40 67 30 76 79 65 68 0 71 73 5 41 64 24 3 59 38 49 56 61 37 44 32 8 29 74 48 14 17 18 15 9 69 53 58 16 28 6 36 46 66 47 13 27 12 60 7 35
71 12 62 37 20 51 18 76 13 5 57 17 74 32 79 15 64 78 70 31 7 48 59 49 16 44 47 54 14 56 19 34 28 9 6 21 38 42 43 4 10 63 75 24 23 60 77 35 61 3 66 68 41 2 11 65 69 33 1 36 58 73 8 72 40 29 30 52 45 26 25 39 0 50 55 46 27 67 53 22
76 25 64 39 71 14 2 11 67 44 19 62 61 31 0 48 72 50 17 18 68 38 24 26 53 36 10 78 27 77 69 32 16 63 79 33 9 47 59 49 4 35 42 8 23 43 40 65 3 5 13 1 30 21 60 75 37 57 70 34 66 6 29 45 73 74 15 52 20 41 46 28 55 7 58 56 22 12 51 54
16 74 60 79 15 1 33 50 76 77 26 4 0 75 19 12 37 47 7 73 29 57 64 38 49 43 22 20 11 31 3 48 14 46 17 42 58 61 35 68 36 25 13 55 10 34 8 28 78 63 70 45 52 2 9 71 41 56 32 59 53 39 23 44 54 51 5 30 24 66 69 6 21 62 65 72 67 18 40 27
3 9 60 70 47 5 29 68 33 8 22 13 24 58 1 7 69 77 73 36 65 19 51 26 61 43 12 20 0 10 72 64 39 23 79 53 38 71 4 49 67 2 76 44 31 11 28 21 50 59 30 55 14 32 45 37 57 63 40 34 46 42 16 41 25 52 62 48 15 27 18 17 56 54 35 66 74 6 78 75
24 3 40 35 27 74 5 75 0 28 14 20 17 26 63 51 25 45 79 37 16 2 29 52 15 59 48 58 41 38 11 36 9 62 61 53 8 78 1 60 50 57 67 55 7 23 42 68 19 76 10 43 70 77 49 6 47 46 30 12 73 69 32 44 31 56 72 21 39 66 65 18 71 22 33 34 13 64 4 54
54 58 42 34 65 69 28 20 76 48 11 10 23 32 49 43 53 68 72 78 31 14 57 24 12 35 47 8 13 46 36 70 33 9 55 26 39 5 0 37 22 6 61 3 41 45 77 18 74 66 25 60 19 73 17 29 4 7 64 16 63 59 71 56 1 40 15 67 27 79 51 62 2 75 21 30 50 38 52 44
17 42 24 0 14 26 25 12 9 58 63 70 53 59 46 34 35 54 4 65 2 16 49 38 67 33 7 48 56 11 60 45 31 23 78 29 50 75 27 1 72 71 28 44 6 51 22 37 41 30 19 74 18 68 36 43 55 21 77 69 76 3 66 57 32 73 52 61 47 39 15 62 64 5 13 40 10 79 8 20
35 7 76 68 23 0 29 60 17 50 12 73 44 26 45 13 32 16 62 19 10 63 5 21 78 8 46 52 9 4 61 75 42 65 6 36 56 55 49 72 59 57 31 38 14 48 28 2 53 40 22 70 37 51 64 66 18 24 34 74 69 41 54 11 67 15 27 43 47 30 58 79 77 25 71 20 3 33 39 1
41 23 7 1 11 17 79 73 74 66 61 29 5 56 75 16 6 45 8 42 71 35 20 13 49 31 21 54 43 34 72 14 62 36 22 0 28 4 48 27 52 33 2 59 58 32 53 77 12 65 18 9 55 46 40 57 39 63 24 47 78 37 70 50 51 64 3 19 25 60 69 68 44 38 15 26 30 76 10 67
66 59 48 51 69 31 24 53 22 43 8 49 15 55 16 26 12 78 72 9 70 63 3 36 58 61 39 41 25 27 38 1 67 2 20 75 21 50 32 56 52 77 60 29 76 45 65 33 34 68 28 71 4 62 64 73 74 44 23 37 30 19 14 18 7 5 13 79 46 47 35 0 40 6 10 42 17 54 57 11
47 20 64 27 36 19 58 13 52 45 49 71 69 9 8 38 16 32 28 5 2 26 42 11 12 40 21 55 18 34 74 77 73 63 72 33 60 7 51 61 37 62 31 70 79 29 41 78 66 75 53 57 15 65 48 30 67 76 25 10 44 46 24 68 56 4 39 43 54 3 0 17 1 14 6 22 35 59 23 50
73 14 47 57 34 17 10 67 77 39 41 32 37 36 53 51 8 66 70 54 61 33 44 27 20 74 18 21 7 43 72 46 35 25 79 1 42 23 76 2 78 5 49 62 9 19 31 40 6 12 13 29 22 45 16 4 64 15 28 0 24 50 38 63 3 11 68 58 26 56 52 69 65 60 59 55 48 75 71 30
66 65 59 67 39 77 23 21 26 73 31 16 18 10 24 19 6 51 71 1 4 56 78 61 49 62 58 36 34 40 75 3 7 42 17 11 5 30 44 9 46 64 32 28 8 76 12 70 25 29 68 14 20 79 27 55 45 41 13 38 48 22 69 43 35 57 52 0 72 53 54 47 33 63 50 2 60 37 15 74
54 10 5 57 45 51 24 67 0 2 76 15 79 43 42 69 75 72 59 30 31 47 8 25 77 37 9 48 18 34 22 32 46 60 58 33 52 44 39 61 4 1 41 14 6 35 29 78 36 40 3 73 7 13 19 66 12 38 56 63 23 26 74 64 21 49 70 53 65 71 11 17 28 50 55 68 16 20 62 27
11 61 49 57 19 39 55 52 15 59 32 5 51 63 23 50 18 38 73 25 20 46 29 3 37 10 16 65 24 13 60 58 74 70 26 1 41 7 71 4 42 30 34 72 8 56 77 9 2 47 40 64 17 54 79 35 21 53 33 45 68 6 28 43 14 22 48 66 76 67 69 27 75 62 36 44 12 31 78 0
20 27 11 15 4 1 44 41 0 34 65 33 22 58 12 67 55 42 52 24 17 29 46 14 77 38 6 57 61 45 79 2 75 10 73 76 47 71 40 68 30 74 50 60 59 72 31 35 8 28 78 19 69 37 66 23 53 21 54 70 9 3 32 64 39 63 48 18 36 26 43 51 5 13 56 16 7 49 25 62
62 77 37 43 44 66 25 55 8 18 67 15 29 45 11 9 0 59 79 60 31 61 49 50 27 6 23 52 14 42 74 78 17 57 56 64 76 3 26 10 36 24 72 20 51 75 69 13 38 12 41 7 5 68 73 63 28 48 47 58 30 21 4 46 70 54 22 35 53 33 19 40 1 39 2 65 16 71 32 34
77 34 0 5 51 53 79 3 12 55 61 27 45 43 76 50 33 58 10 65 15 59 31 36 67 48 20 8 1 11 4 19 41 37 35 28 63 71 66 9 24 69 16 22 54 2 44 23 42 17 62 74 57 38 73 32 13 18 14 49 40 46 25 70 47 29 75 6 26 52 7 64 60 68 78 30 39 72 56 21
53 68 60 38 87 14 54 88 60 89 8 12 50 78 92 11 2 4 91 47 18 23 81 29 71 4 93 34 19 57 57 60 74 12 98 88 74 80 48 8 45 30 78 49 73 41 8 97 7 88 22 45 41 57 35 49 23 60 60 58 93 67 76 58 53 52 56 25 70 96 27 62 3 70 2 68 7 64 78 87
83 60 54 58 4 9 34 30 88 67 95 31 39 93 50 73 77 16 64 95 38 53 5 67 96 3 66 24 46 6 56 52 16 32 16 47 72 47 94 61 85 4 75 65 18 100 94 76 26 100 86 17 10 90 72 60 50 59 96 94 4 36 59 35 1 60 78 87 89 79 66 48 98 69 51 94 54 17 74 61
73 75 3 28 29 51 69 69 8 98 50 25 90 41 63 47 67 29 43 5 2 55 81 98 93 94 73 41 63 14 32 65 39 75 38 17 67 60 22 37 2 48 8 92 66 36 25 3 44 5 38 1 33 87 6 71 52 13 35 20 5 52 74 54 97 66 22 50 36 64 53 40 52 29 21 7 89 97 88 80
44 16 51 97 41 25 88 39 51 72 94 100 25 9 84 65 37 38 2 87 47 76 84 82 82 25 47 60 50 75 42 53 73 90 87 21 19 8 4 19 91 9 56 17 60 48 2 88 16 28 100 52 40 24 78 60 37 24 17 15 36 56 63 21 36 1 39 87 81 13 62 51 20 72 73 83 59 68 90 92
27 28 99 5 93 48 44 47 73 62 54 43 36 59 55 99 52 50 32 45 100 19 53 61 24 75 7 25 52 80 64 14 6 17 65 8 3 84 9 44 80 90 82 55 95 6 99 48 10 25 31 36 43 45 88 49 21 88 3 50 99 11 38 67 72 28 83 55 99 46 100 8 37 16 14 12 47 81 62 29
96 8 7 68 69 48 24 95 7 35 99 19 58 86 88 15 4 15 91 53 22 80 5 52 90 21 72 46 51 94 22 63 29 77 32 71 12 54 76 40 58 39 20 62 61 58 99 47 89 14 26 92 76 22 85 77 54 6 85 37 59 96 55 75 13 94 27 13 8 55 20 40 7 26 33 39 7 43 18 75
88 2 45 18 49 59 24 3 18 5 95 18 12 44 16 26 68 93 72 50 99 59 56 38 19 45 97 48 51 18 52 75 22 8 57 98 84 22 90 57 84 23 41 67 23 59 62 32 84 22 97 42 67 4 65 47 49 86 89 51 10 63 10 96 44 65 46 96 45 90 97 3 21 1 9 82 14 73 54 39
11 61 88 87 94 78 76 2 14 86 29 29 49 63 65 16 5 83 81 90 88 39 87 28 73 92 57 61 13 100 79 41 39 3 28 87 71 66 21 10 60 43 100 78 28 76 26 47 30 88 41 37 49 36 79 39 63 31 42 22 41 60 50 17 97 77 59 21 25 82 25 73 37 100 56 17 47 52 51 13
59 53 6 71 38 85 33 33 68 1 61 80 73 40 89 12 41 73 22 56 94 6 88 24 43 1 67 54 68 54 42 58 7 9 42 85 92 87 76 14 98 50 28 38 21 6 6 21 94 6 36 1 12 11 2 79 65 20 97 85 41 97 54 63 54 55 51 57 9 22 41 51 15 24 21 78 94 10 3 67
97 52 1 94 88 83 92 41 82 78 82 41 97 37 86 65 93 54 30 50 30 67 90 74 21 34 39 43 9 26 85 96 9 41 95 100 90 32 66 95 80 75 95 58 31 97 67 11 81 77 64 62 55 100 86 18 25 18 59 2 61 17 11 93 96 19 1 49 23 24 99 17 76 87 97 94 66 18 99 16
36 69 88 31 50 55 92 9 33 68 2 67 97 13 54 38 50 93 71 97 85 81 10 33 40 9 3 45 99 44 91 4 74 14 82 1 19 3 98 30 77 5 65 41 36 75 80 82 75 53 8 61 85 79 58 5 72 12 95 15 20 77 48 60 87 82 63 74 13 30 85 52 43 46 90 71 88 12 14 46
13 73 51 20 16 28 94 31 15 21 57 46 31 64 22 94 81 57 70 93 34 70 39 37 1 13 18 61 72 40 31 28 83 96 80 18 84 48 24 91 28 47 63 87 78 11 2 59 99 71 54 3 65 74 6 16 13 78 17 31 80 20 51 23 1 45 14 44 28 64 90 79 75 43 50 2 68 73 3 23
45 18 13 97 39 7 80 1 97 99 55 74 33 34 89 6 31 24 70 91 51 96 95 78 84 28 33 16 35 5 59 15 51 13 76 14 30 6 59 30 10 64 41 95 71 71 31 59 78 51 93 64 17 80 33 99 40 69 56 95 73 95 40 87 54 7 25 85 6 92 4 39 73 43 83 97 55 80 92 36
1 98 26 92 54 83 21 34 50 21 76 56 99 46 17 85 7 70 54 21 87 89 5 56 28 91 13 13 55 50 6 10 80 9 2 67 11 81 43 31 61 37 21 79 64 70 30 68 68 61 40 75 2 31 3 47 66 45 10 71 96 24 18 67 15 21 36 13 100 39 89 15 29 29 41 36 22 50 96 64
38 35 96 51 81 60 35 2 61 27 60 97 70 46 30 48 74 25 78 53 98 91 21 82 44 88 67 32 88 77 5 59 36 63 13 52 92 72 14 18 95 65 24 90 26 39 55 88 9 42 87 55 43 23 78 95 56 15 73 31 71 80 17 6 91 8 95 52 2 48 26 16 57 2 62 55 90 47 77 83
87 74 67 84 45 24 78 24 43 10 37 23 60 63 62 27 7 42 43 49 4 66 36 76 83 94 66 1 76 19 50 57 84 76 42 82 68 28 38 30 91 33 50 28 37 92 50 7 15 40 7 44 83 31 62 75 5 17 70 39 73 48 45 53 66 59 50 19 57 56 24 64 69 91 3 64 71 37 10 86
61 53 24 50 69 8 90 40 38 92 28 70 86 85 32 84 14 21 31 12 58 91 76 32 11 49 90 54 94 39 62 77 69 81 58 69 45 92 24 93 47 15 16 54 18 34 76 77 35 56 54 89 88 27 23 76 33 10 95 41 22 13 4 66 9 99 83 81 57 41 92 6 92 6 46 22 89 59 81 23
18 91 30 85 91 87 14 2 10 88 49 3 54 10 59 60 9 36 38 93 46 56 72 91 53 38 17 58 15 98 13 56 57 73 72 83 22 11 94 78 73 75 5 99 86 94 37 61 92 83 73 70 5 43 5 42 10 34 35 78 78 60 73 60 17 99 57 32 44 18 91 43 74 68 1 73 88 85 47 19
47 24 38 16 25 84 33 55 64 80 93 50 49 1 65 90 14 65 24 65 13 74 10 56 60 88 4 84 86 60 57 72 87 42 83 98 84 22 66 3 4 17 39 56 73 95 54 57 13 96 80 2 64 42 29 52 70 60 43 22 53 9 60 19 77 51 81 80 60 72 99 17 83 41 61 81 97 26 94 9
68 96 39 24 8 23 35 77 11 24 64 7 93 46 13 26 39 7 41 55 21 33 94 72 73 8 81 76 90 10 82 26 46 93 64 14 33 89 62 29 7 3 52 54 6 63 75 67 37 11 86 38 20 78 3 94 31 37 88 24 44 18 56 88 24 57 47 4 83 93 60 43 84 56 72 9 21 28 15 54
