20 80
72 2 27 5 1 37 52 40 14 4 20 23 71 78 39 28 25 69 38 45 33 58 68 24 7 41 76 31 32 15 3 48 54 30 42 43 50 34 70 22 19 64 46 21 49 56 29 47 62 17 44 6 73 65 8 36 59 11 67 53 9 57 35 51 16 75 10 66 60 12 77 74 79 26 55 63 13 61 0 18
38 15 79 37 1 3 61 16 5 78 14 57 60 59 49 33 10 7 48 50 27 54 9 6 72 18 42 4 56 25 24 19 73 51 22 43 44 32 31 8 65 47 29 26 46 34 64 0 41 69 66 35 68 53 63 77 28 74 75 67 71 20 23 58 55 76 30 2 52 62 70 21 17 39 45 36 11 13 40 12
52 41 76 8 2 77 44 26 64 71 36 37 39 46 38 65 14 49 74 79 3 19 55 40 43 47 42 50 22 72 60 32 18 27 24 23 62 1 6 56 10 11 29 63 67 66 20 78 7 53 73 54 48 69 45 30 75 25 70 0 21 68 61 34 17 13 28 58 4 12 16 5 59 51 35 15 33 31 57 9
67 79 77 6 54 26 13 12 69 8 36 23 74 50 56 62 72 10 14 71 3 70 52 9 35 27 39 44 16 46 75 17 31 33 66 0 60 76 15 51 78 22 1 25 20 45 30 38 43 18 41 11 68 5 7 49 24 73 32 21 42 64 48 47 19 4 55 57 34 61 53 58 37 29 59 40 2 65 63 28
33 42 8 51 40 71 78 52 55 1 57 65 24 50 28 10 32 0 23 30 35 20 17 61 16 41 3 5 43 22 36 4 54 76 11 64 73 59 25 6 72 66 37 69 7 9 14 47 26 63 38 13 70 15 18 31 29 62 21 27 74 60 75 79 77 45 67 2 19 58 68 39 49 34 46 56 44 12 53 48
42 8 0 34 26 47 5 11 64 74 41 19 52 55 6 7 22 54 35 78 75 70 51 77 25 59 38 49 17 48 4 46 50 20 28 21 65 72 14 12 13 37 18 73 57 69 40 10 67 2 63 29 31 9 76 33 68 58 53 16 15 56 36 1 32 3 44 27 79 71 24 62 66 61 45 60 23 39 43 30
8 6 24 49 23 51 5 56 29 52 35 79 73 48 76 14 37 0 44 62 25 40 45 20 41 38 12 10 42 33 68 27 19 66 59 64 39 31 16 21 53 65 46 34 15 1 61 60 71 72 63 75 9 43 55 26 32 13 78 11 2 70 74 69 22 17 58 54 18 57 30 36 67 7 4 47 50 28 77 3
75 64 34 31 11 22 33 9 15 3 19 69 53 5 38 20 47 49 42 68 50 61 8 32 59 58 52 56 37 45 39 28 67 24 78 54 74 41 76 40 1 30 0 70 60 63 12 7 35 29 44 16 17 26 55 36 13 2 6 51 73 23 14 62 79 77 21 66 48 46 71 18 10 65 43 27 4 25 72 57
1 51 8 45 12 0 57 41 49 54 70 44 53 55 11 39 6 47 17 79 18 15 26 3 72 14 24 76 21 59 20 23 2 60 69 63 58 50 32 29 43 30 33 77 27 56 13 40 66 7 74 16 61 75 52 68 37 10 22 71 62 48 31 78 25 4 38 67 64 35 46 73 9 5 28 65 34 42 36 19
36 37 7 65 75 69 14 35 68 18 41 5 9 24 30 27 20 77 38 50 70 45 39 34 60 43 16 51 26 15 0 25 6 67 8 56 11 22 73 12 23 74 28 76 54 61 62 72 3 2 52 32 19 47 53 57 4 78 13 48 58 71 66 64 1 31 44 42 17 29 40 59 21 46 55 49 79 63 33 10
65 76 62 59 35 43 8 72 21 42 48 20 36 66 19 46 39 53 32 2 31 26 51 71 25 37 11 73 77 1 58 60 27 23 57 55 45 63 44 68 24 54 14 64 9 41 13 34 33 10 74 30 16 56 12 52 40 50 18 78 38 5 0 29 17 69 6 79 3 7 15 75 67 28 22 47 4 61 49 70
22 35 40 11 70 67 31 20 7 52 12 39 1 13 53 27 14 28 6 66 69 59 64 56 19 15 79 48 68 18 34 33 42 49 75 37 16 54 72 21 44 65 57 51 78 76 74 8 2 38 50 77 46 9 47 55 36 4 17 58 23 71 5 26 63 60 24 41 3 62 29 0 45 25 10 61 32 43 30 73
37 36 7 78 62 5 69 20 48 35 47 66 31 71 39 24 12 72 74 44 53 40 25 79 42 76 63 26 9 23 43 49 29 46 6 61 34 52 32 10 14 59 16 55 57 54 68 13 45 1 22 11 2 73 15 38 41 0 3 75 19 60 17 28 18 64 4 21 77 33 58 67 8 70 51 56 50 65 30 27
41 43 1 72 63 31 20 69 53 37 45 38 40 51 70 66 2 71 48 23 27 35 24 4 21 65 28 55 75 32 11 16 14 39 17 47 22 58 8 59 13 0 61 19 60 36 25 74 54 62 56 49 57 18 15 73 6 29 30 9 76 12 10 50 68 46 77 79 3 64 5 34 78 42 7 33 44 26 52 67
48 25 36 44 59 72 68 47 38 10 32 53 62 75 71 26 37 30 54 78 29 2 34 27 52 42 33 0 22 21 18 45 6 5 61 7 46 35 65 60 64 74 58 66 41 3 8 23 63 76 15 40 51 70 13 50 69 43 31 77 28 57 1 56 67 4 9 20 14 17 55 73 12 16 24 79 11 49 19 39
68 44 15 51 63 45 34 61 19 71 11 52 29 31 43 59 27 2 9 33 75 55 8 46 78 49 0 12 36 53 35 73 48 30 38 37 50 67 1 66 13 18 70 5 10 17 28 24 20 7 39 14 74 26 3 58 60 6 4 40 72 79 65 54 56 23 64 42 69 32 47 22 41 25 57 16 21 76 62 77
79 36 70 65 4 78 38 33 12 0 21 18 8 57 47 25 76 26 59 43 39 61 15 13 20 32 22 34 45 67 75 49 63 48 1 51 11 55 46 6 7 74 14 41 73 50 72 58 19 16 31 30 9 3 56 44 28 24 17 10 71 66 52 27 37 54 42 77 23 68 62 29 69 40 53 35 2 64 60 5
54 25 17 4 12 39 57 72 2 40 19 68 45 0 62 71 31 41 48 38 43 8 64 24 44 78 51 6 35 49 7 75 47 23 66 63 36 74 5 58 42 70 15 60 55 10 1 20 21 13 37 77 9 59 67 53 52 26 73 34 61 79 69 33 3 16 14 65 30 32 29 22 18 76 50 56 27 11 28 46
74 27 24 5 18 28 52 62 46 19 11 6 2 9 1 72 25 70 48 0 15 39 69 17 12 36 20 22 71 63 57 14 26 29 21 34 43 44 7 47 78 75 30 37 59 76 55 73 10 45 51 54 16 41 64 35 50 56 31 77 42 23 33 67 13 3 79 40 68 4 60 38 49 65 8 53 61 66 58 32
21 50 20 63 0 8 16 74 13 75 29 12 49 53 40 7 9 4 72 57 64 19 14 69 45 31 41 10 25 37 62 60 33 56 36 54 58 5 30 38 35 28 68 24 2 32 52 26 43 27 6 39 46 73 15 23 17 3 18 66 42 71 51 34 70 11 47 77 44 76 67 61 1 65 22 59 78 48 79 55
23 73 2 8 13 57 35 67 97 52 53 48 39 21 92 36 18 24 16 87 48 6 96 38 78 41 72 32 48 18 9 67 58 33 13 72 7 80 62 19 45 57 82 46 6 81 93 13 23 1 1 9 85 18 61 25 39 48 10 41 92 23 75 78 68 94 43 33 94 1 40 42 6 49 84 4 39 23 65 2
17 36 41 33 21 34 55 24 2 90 20 32 74 69 22 42 29 75 58 16 15 12 90 58 59 15 10 17 59 69 33 69 94 93 33 30 45 83 93 1 53 73 53 57 12 46 35 30 29 13 98 27 37 87 19 69 38 74 66 71 26 60 11 30 69 73 22 8 46 6 98 29 55 75 80 43 73 53 90 22
93 63 5 56 92 2 10 94 72 67 82 26 59 25 10 22 14 67 77 23 78 74 85 73 6 7 4 73 69 9 20 36 44 6 84 8 36 24 9 83 97 92 2 73 25 32 33 14 88 98 13 89 33 99 87 4 10 80 1 16 49 85 6 68 47 98 14 64 93 18 70 70 3 30 91 44 79 100 20 30
11 36 8 17 82 83 40 49 65 4 78 100 88 46 17 38 76 54 16 89 88 65 73 96 41 70 85 42 93 37 92 83 21 20 89 6 81 45 24 35 42 25 73 61 36 57 72 48 95 24 56 79 39 44 47 10 14 52 79 11 98 16 92 63 72 87 35 36 2 67 34 81 5 89 22 74 67 42 39 39
66 43 71 69 34 43 41 53 49 30 29 7 38 5 54 86 12 35 42 56 46 96 20 9 45 57 79 51 54 52 77 72 47 94 75 75 96 1 53 27 79 23 97 71 74 26 67 97 50 47 4 96 55 96 63 32 66 94 66 66 61 91 26 6 60 67 62 83 50 69 30 78 30 84 64 71 4 31 61 28
94 84 74 80 54 99 71 62 37 88 72 36 81 52 75 7 75 11 25 43 89 49 46 69 30 39 90 29 45 80 61 39 22 33 42 13 32 35 31 25 9 68 6 3 56 79 89 76 13 7 48 88 72 34 69 91 12 10 60 63 39 40 67 87 27 90 18 84 86 33 47 87 12 59 15 53 62 79 65 57
95 3 2 84 7 40 44 69 97 42 9 85 39 81 16 93 82 36 13 32 9 7 30 19 82 76 71 56 89 77 11 61 95 11 97 89 63 53 63 27 72 19 84 82 52 28 46 91 97 8 41 15 87 21 82 6 27 60 5 65 68 48 19 40 80 44 14 95 51 26 72 40 95 67 48 63 30 49 87 30
17 13 83 41 94 17 6 18 58 93 33 18 23 27 92 79 24 68 91 61 72 58 20 80 1 79 72 73 13 60 41 22 20 67 83 50 96 94 43 72 95 64 62 18 72 86 76 64 23 64 77 47 38 29 57 89 54 43 74 28 79 62 93 41 100 64 6 52 3 48 54 71 24 14 41 51 65 77 14 11
20 94 21 1 57 50 4 8 6 97 22 70 54 26 62 47 96 60 28 64 45 95 43 3 41 95 60 88 98 71 55 64 100 29 26 54 29 99 88 93 67 67 35 50 9 81 66 76 43 98 82 16 11 16 51 82 81 68 1 53 36 2 22 86 17 55 39 5 4 57 94 59 37 69 72 66 16 1 14 59
22 53 3 25 82 3 79 42 9 37 33 31 58 80 73 5 38 81 72 9 93 3 86 82 94 70 62 87 14 77 73 2 49 37 2 27 27 81 87 77 67 29 10 42 8 92 51 40 68 39 59 58 12 96 78 35 67 100 92 86 74 20 97 51 64 84 99 19 49 79 36 98 97 67 63 51 81 72 49 33
53 27 67 54 15 5 23 44 82 42 4 1 30 66 22 51 92 72 13 5 66 29 88 51 89 48 1 13 18 90 80 49 38 56 70 35 45 58 58 2 1 49 79 58 96 65 72 64 25 35 20 89 15 8 78 38 46 56 51 5 92 85 85 25 26 32 45 72 63 25 11 50 59 90 45 83 17 74 59 70
95 14 35 98 69 30 72 72 24 42 37 66 27 10 17 32 43 87 10 51 26 11 53 72 63 47 64 55 46 10 30 92 100 6 65 98 59 54 95 29 68 54 15 50 25 83 65 54 73 31 63 39 47 79 75 25 26 60 28 44 10 86 93 49 24 52 87 31 64 40 13 11 80 62 30 57 60 94 22 41
78 10 64 35 88 45 25 49 83 95 52 19 63 67 52 42 12 99 38 25 75 26 98 9 28 93 40 92 1 70 92 59 9 2 14 61 49 73 69 42 42 61 1 75 42 92 12 57 35 72 10 53 100 55 81 32 27 23 74 79 58 33 93 66 26 11 64 7 39 98 63 82 54 42 46 41 43 55 6 73
92 39 69 36 85 46 40 15 20 86 95 33 35 59 20 76 32 3 30 40 44 50 70 88 14 81 32 4 26 88 93 61 81 28 16 49 90 31 15 36 43 48 69 68 2 15 3 81 52 38 88 43 10 39 95 57 33 58 26 65 29 33 84 83 56 57 54 66 82 66 21 77 48 23 1 98 10 31 63 8
17 95 79 91 57 34 44 78 66 14 25 24 22 94 62 22 68 25 31 67 80 73 100 84 97 29 1 64 57 56 79 2 43 89 74 46 35 82 56 16 4 52 34 62 93 61 70 90 73 53 8 60 16 32 77 20 53 37 45 49 39 56 1 48 7 33 65 95 35 11 26 83 24 29 43 8 6 26 73 28
26 62 60 34 88 32 70 100 19 32 5 2 49 81 73 51 100 35 95 81 67 87 71 87 16 61 55 47 90 75 19 51 26 62 18 80 19 42 62 50 96 76 22 6 67 43 64 51 95 36 82 52 76 44 54 50 62 30 22 37 99 90 14 71 7 37 57 88 71 59 91 91 48 77 29 95 72 18 50 21
15 40 50 90 9 86 86 5 69 60 78 86 3 59 41 100 29 30 58 78 51 38 14 97 42 69 97 67 84 37 1 80 15 27 50 60 41 37 26 93 90 47 23 77 96 9 59 92 61 5 49 27 7 49 18 22 21 50 47 14 29 87 10 70 20 12 19 74 41 39 23 40 77 50 44 6 60 1 28 67
35 30 18 52 2 52 26 40 64 50 78 14 38 28 85 90 56 4 22 26 10 14 9 69 100 11 73 89 69 91 100 38 68 61 60 19 5 28 65 53 54 73 51 6 10 32 24 98 57 60 36 55 75 14 81 85 72 24 28 69 9 14 60 3 97 55 68 33 51 10 52 79 79 54 51 64 5 85 8 30
100 89 67 77 60 9 100 32 8 74 41 88 51 78 57 58 79 3 26 59 84 13 30 30 63 8 15 62 39 100 93 81 32 97 92 28 88 26 45 29 95 23 57 10 85 31 63 80 10 40 50 87 19 70 67 84 21 35 82 30 25 100 77 86 22 64 86 91 27 51 5 66 93 31 17 65 14 31 35 19
24 82 36 39 4 96 78 49 32 65 97 41 71 64 98 38 27 64 4 15 11 43 23 24 26 90 43 25 75 17 32 98 50 33 79 76 36 100 92 63 90 43 68 7 8 24 56 30 54 94 36 28 9 76 25 82 83 32 52 95 31 31 60 36 34 54 29 13 44 21 31 60 17 18 88 54 94 3 87 13
