20 80
50 0 71 58 43 36 63 6 19 49 67 35 74 23 22 69 55 40 26 79 21 18 57 9 65 60 16 52 34 2 47 30 37 3 39 72 51 56 62 53 64 15 4 66 48 70 10 44 68 61 20 42 75 12 45 5 17 78 32 24 29 76 13 25 59 31 38 8 33 7 1 41 14 27 46 28 54 77 11 73
22 55 58 48 39 43 12 63 61 66 78 14 41 27 44 0 30 3 11 16 54 72 57 5 13 10 15 29 60 73 42 77 65 35 50 46 79 7 59 52 26 36 70 40 76 64 1 4 45 28 24 51 71 33 31 34 9 6 68 53 49 25 2 47 38 67 20 37 17 21 75 23 32 8 74 56 19 69 62 18
13 2 74 69 50 67 19 65 9 54 33 62 70 42 25 7 64 18 10 53 71 38 30 57 55 48 63 21 22 36 15 75 11 79 17 45 39 43 27 26 16 23 60 44 58 49 56 3 72 28 66 32 35 6 8 52 12 0 4 68 77 14 31 78 40 51 37 29 41 46 73 47 34 76 5 59 20 1 61 24
63 26 5 55 66 28 52 27 75 58 65 34 12 53 24 29 54 14 62 32 50 71 15 9 6 76 73 79 42 16 13 43 18 8 67 39 35 57 41 49 19 23 77 70 68 33 31 47 22 48 40 30 36 61 25 56 17 2 64 78 60 4 44 37 1 21 7 3 11 46 69 38 45 20 74 0 72 51 59 10
41 63 23 24 61 6 3 73 52 65 4 16 38 33 43 20 26 15 77 72 62 36 29 28 59 31 39 71 12 50 19 40 57 69 35 70 37 79 74 66 32 68 18 47 55 8 30 46 27 0 49 45 56 17 78 14 42 5 34 10 2 48 21 64 7 53 67 51 76 13 58 9 11 75 60 22 44 1 25 54
20 18 77 43 8 23 64 60 42 35 36 55 6 73 21 27 15 66 30 58 44 28 40 61 53 32 71 19 9 5 3 12 54 34 62 29 79 47 49 13 69 31 45 48 52 39 76 2 41 67 68 17 24 57 75 22 26 51 25 65 0 1 70 16 7 50 56 37 63 46 74 10 4 11 78 72 38 59 33 14
60 69 37 63 79 76 64 34 8 43 77 44 6 2 47 70 72 74 59 53 73 62 13 32 9 5 28 35 21 49 48 3 50 18 40 51 45 65 42 30 11 33 31 19 41 46 17 27 68 7 25 75 55 10 26 58 61 56 66 0 24 15 67 39 36 57 1 4 54 78 22 71 14 23 38 29 52 20 16 12
38 65 50 42 52 34 29 15 4 46 28 11 76 21 61 79 33 9 35 20 48 1 73 59 0 68 27 54 30 40 18 24 5 25 47 23 67 51 6 19 13 77 3 62 66 10 71 58 22 72 26 37 32 78 64 69 74 16 39 8 56 75 41 12 49 57 60 7 17 31 45 44 53 63 43 70 55 14 36 2
2 60 69 4 49 47 78 19 26 35 40 0 29 56 77 67 57 50 6 18 31 46 24 27 15 32 44 21 64 9 72 23 74 76 53 17 3 37 7 30 28 63 13 12 10 20 41 36 14 39 62 58 51 11 65 42 68 52 54 43 71 25 70 16 33 59 38 48 75 1 8 55 73 66 5 34 61 79 45 22
67 20 19 54 6 36 32 42 29 21 40 50 65 27 0 52 62 38 37 2 47 39 1 46 70 73 71 3 58 34 48 31 74 10 77 41 11 12 45 76 56 79 28 25 15 43 53 69 8 55 18 5 44 59 57 23 35 51 17 14 33 63 78 30 66 9 72 61 7 4 26 24 64 13 75 68 22 49 16 60
65 66 17 34 9 68 78 64 40 8 79 1 38 16 15 51 0 43 12 7 41 22 24 32 62 29 18 61 5 47 46 25 39 4 30 72 63 27 21 75 35 45 49 13 33 67 69 71 50 10 31 26 44 42 20 37 59 2 74 14 53 23 19 57 28 60 6 58 73 76 70 48 36 77 55 56 52 3 54 11
78 12 43 22 69 66 1 61 51 24 50 32 55 56 68 73 63 40 76 60 5 39 28 41 46 77 47 71 23 9 11 14 20 38 72 75 19 4 7 79 10 59 26 37 6 36 67 8 33 70 54 27 31 48 30 45 42 3 13 64 65 2 49 34 58 25 62 74 17 44 35 57 21 15 53 29 16 52 18 0
51 35 10 57 60 7 49 33 62 32 25 27 69 42 19 30 65 29 1 79 34 45 46 64 24 28 31 22 61 4 6 15 52 3 67 56 5 63 58 68 59 77 55 26 18 37 78 23 75 39 44 73 71 53 66 20 0 2 48 11 40 50 74 13 36 41 43 21 8 38 14 70 12 47 9 54 16 76 72 17
45 20 41 68 8 15 58 26 38 74 78 46 47 4 10 16 40 6 65 66 62 2 32 24 37 75 11 9 22 14 18 28 43 51 67 25 77 55 63 50 36 1 34 69 76 7 27 71 33 35 72 31 21 42 23 59 73 44 17 70 52 3 13 48 56 0 30 79 60 19 61 29 12 39 5 54 64 49 57 53
27 52 1 30 25 20 61 69 59 5 57 38 6 43 65 75 14 11 18 24 68 7 37 15 56 34 23 64 29 51 70 62 32 10 21 9 40 53 73 17 42 45 8 28 36 2 48 58 60 72 13 26 71 0 4 46 12 74 66 77 41 67 49 35 63 33 78 44 55 3 19 31 54 39 76 79 50 47 22 16
60 53 37 26 70 15 66 18 49 30 3 77 22 12 54 21 5 76 23 41 33 79 48 59 50 0 38 40 6 73 64 2 42 45 61 24 62 16 31 47 39 46 34 9 44 69 28 55 51 65 8 74 43 67 17 14 72 1 56 29 32 57 4 75 35 19 25 7 68 78 58 63 71 13 20 52 11 10 27 36
12 72 64 62 7 15 52 47 22 0 23 3 19 20 57 61 24 68 69 14 42 54 31 79 37 49 50 71 74 33 70 51 2 35 21 76 73 48 58 8 44 18 67 34 60 32 4 36 9 66 6 63 78 16 11 27 5 65 1 43 77 26 38 10 40 53 59 56 13 41 45 29 46 25 75 28 39 55 30 17
17 64 49 24 10 2 70 31 1 43 23 62 11 7 27 74 68 38 52 25 13 42 54 72 37 48 18 41 30 20 9 14 75 36 50 66 69 6 73 79 33 19 0 51 15 71 65 47 22 45 26 78 63 55 21 8 46 5 60 29 12 4 16 32 56 61 53 28 35 58 57 76 44 40 34 59 39 77 67 3
21 77 56 72 1 0 22 24 69 49 9 51 50 23 15 10 64 73 34 37 62 46 25 16 42 29 52 71 61 28 59 58 66 8 18 6 79 5 67 2 70 30 12 13 32 60 78 54 31 38 48 43 4 26 53 45 47 68 35 40 57 33 65 39 14 11 7 17 41 44 63 75 74 55 19 27 20 76 3 36
46 11 13 54 2 56 55 12 71 17 47 63 39 53 65 38 50 40 5 10 66 43 7 25 18 15 28 32 78 34 1 64 75 27 37 76 19 61 42 58 26 57 23 67 22 74 0 44 9 16 49 52 30 79 8 73 4 77 60 48 45 41 62 6 36 24 70 33 20 29 72 3 51 68 59 69 31 14 21 35
81 64 69 15 91 90 42 34 8 35 82 7 71 72 77 1 41 47 80 73 42 84 55 88 50 93 64 47 93 96 52 76 70 8 44 80 51 46 54 52 38 95 81 19 26 85 66 1 66 20 49 98 18 52 6 75 44 60 67 52 11 61 56 83 85 13 74 17 7 74 45 46 31 98 62 16 17 71 34 30
94 3 87 58 39 62 8 36 79 83 56 69 37 81 88 27 85 64 55 8 70 54 83 62 20 62 90 11 80 25 99 95 85 12 56 13 49 64 49 6 67 84 58 29 42 58 67 17 97 5 13 3 18 57 16 90 88 62 82 76 12 12 37 41 80 39 68 78 37 90 24 95 17 59 51 45 5 45 30 85
97 94 2 69 3 64 4 76 63 40 87 72 99 37 67 81 91 40 18 53 66 28 52 57 60 30 55 40 92 14 31 13 83 2 61 67 13 52 23 97 91 20 83 23 39 10 70 66 31 10 83 98 47 45 79 48 75 55 43 96 26 36 37 98 95 33 79 25 53 38 78 42 87 56 28 3 76 99 53 62
56 74 78 88 14 88 34 42 5 14 57 69 80 9 1 39 3 36 15 35 68 6 35 49 56 77 6 9 10 27 84 34 49 25 35 2 7 35 34 80 78 77 8 55 7 37 81 61 59 62 53 12 33 93 22 58 89 52 94 14 33 21 23 76 78 30 57 95 92 20 62 27 44 34 17 12 49 32 45 68
51 34 2 41 85 7 16 83 80 9 41 45 6 81 57 23 29 55 5 32 75 38 19 24 81 90 78 18 76 3 84 51 41 61 71 72 9 38 25 99 95 20 30 68 64 34 6 30 28 23 84 53 45 5 45 43 49 26 32 66 40 2 77 82 82 63 68 7 38 66 90 58 28 19 24 9 14 30 99 51
16 40 88 97 53 39 16 59 34 32 54 26 43 74 39 52 26 86 54 46 25 44 57 56 48 85 80 32 71 17 44 40 2 95 15 6 19 38 90 63 16 55 78 12 55 3 76 48 24 27 61 58 70 5 51 60 47 52 79 31 55 90 22 21 38 87 24 33 26 88 9 12 37 21 10 57 69 6 1 21
62 14 100 63 99 55 34 12 72 41 25 64 65 61 73 72 8 16 26 9 25 27 29 62 15 45 79 34 14 7 97 89 17 28 39 54 22 23 70 92 16 51 28 3 12 5 98 69 87 3 77 35 20 68 51 86 55 30 69 71 64 50 71 65 91 78 100 32 83 88 7 75 5 34 10 77 40 94 3 59
18 54 53 19 59 3 30 14 41 18 59 63 84 4 77 89 11 9 56 70 8 7 76 81 63 26 31 97 54 17 80 46 10 18 91 70 33 17 41 59 61 99 35 55 3 8 66 50 80 62 7 20 76 50 20 60 71 34 65 84 88 91 68 61 44 94 32 69 47 37 81 36 44 83 47 23 72 10 13 70
9 58 52 17 10 7 96 67 39 84 37 29 19 72 42 87 97 52 23 10 6 30 29 23 70 75 78 20 54 14 61 32 3 66 2 30 97 25 48 42 70 28 93 84 49 72 40 6 70 98 13 81 100 62 1 67 56 100 76 97 29 46 68 22 38 4 12 83 81 99 27 11 98 59 38 74 31 86 20 11
4 7 20 55 85 3 77 69 84 29 67 32 88 70 69 76 32 49 1 38 47 1 25 68 74 47 63 65 89 26 8 51 13 30 81 49 19 5 97 74 50 44 71 100 51 78 64 56 29 76 48 51 63 5 54 89 39 5 28 55 82 26 4 38 58 86 95 59 74 70 55 59 7 100 83 84 60 63 88 2
40 38 16 97 34 14 89 2 36 80 92 55 58 22 85 52 21 40 94 31 68 78 57 17 71 14 6 44 87 52 45 50 12 95 61 93 62 8 46 1 83 7 29 16 81 26 77 28 36 76 52 66 38 61 50 54 92 25 29 41 43 8 20 85 2 51 50 3 30 27 30 74 45 33 37 48 86 16 58 93
41 21 3 56 27 55 80 41 47 19 10 76 26 70 69 18 8 4 19 62 85 84 27 52 38 77 1 82 93 42 23 38 53 36 8 54 51 3 72 55 69 80 19 90 94 67 23 27 65 28 26 7 16 100 91 9 33 60 87 57 100 3 82 8 52 41 75 29 35 96 75 25 12 81 29 48 67 95 66 74
26 28 86 77 64 11 61 56 39 23 36 19 39 60 97 85 92 81 84 27 2 28 67 79 90 48 73 34 71 67 18 25 54 92 82 53 89 17 40 69 68 97 57 2 9 49 16 61 84 17 95 51 8 18 65 83 57 56 42 73 93 59 63 55 20 58 84 53 28 65 23 15 90 34 20 12 64 88 65 67
72 15 88 41 66 38 69 18 27 39 2 94 92 95 11 99 52 98 8 82 22 63 62 53 91 35 47 43 5 62 80 78 39 47 6 13 28 43 20 55 11 57 34 30 66 13 18 63 13 72 55 21 60 4 27 78 78 28 96 56 78 4 57 99 86 8 54 14 50 33 54 54 50 12 48 65 18 68 52 48
53 56 21 19 1 4 7 99 60 40 8 86 89 82 39 85 30 80 58 25 19 47 33 66 97 7 60 13 52 21 88 25 39 100 20 31 52 87 81 64 53 10 85 51 47 76 6 1 65 99 63 55 81 39 57 51 56 20 38 91 75 73 15 29 15 64 4 26 58 66 7 96 15 43 24 44 75 80 45 80
74 55 78 15 69 96 55 24 70 60 78 88 61 23 70 71 44 19 72 43 51 5 89 43 80 100 25 35 93 74 49 99 65 82 77 58 35 15 79 73 84 4 7 50 100 100 3 92 3 17 37 56 4 94 25 66 41 63 55 5 17 48 78 64 64 49 84 51 50 35 82 62 44 80 11 97 42 6 5 22
66 17 37 73 7 58 45 46 83 92 64 89 4 88 57 90 66 9 86 89 82 24 76 45 76 62 29 38 98 28 39 85 53 7 1 83 2 11 59 48 97 20 38 15 76 37 98 42 13 17 20 68 43 8 52 22 57 4 89 34 58 19 30 54 8 93 55 6 31 89 56 84 29 10 72 18 95 48 34 95
82 97 22 89 77 35 61 55 45 26 97 1 47 82 83 86 56 41 37 89 70 38 21 90 69 93 61 41 3 5 67 85 14 95 67 7 4 94 64 7 21 38 22 74 80 100 49 50 43 71 23 13 67 66 62 50 29 77 28 34 38 11 60 37 66 69 2 42 56 29 96 57 57 50 24 32 8 13 44 40
95 17 7 64 66 2 15 21 71 66 94 82 63 86 2 38 71 61 20 6 19 41 78 3 21 70 48 7 84 14 21 59 89 78 98 17 65 41 94 99 74 98 31 32 9 38 63 17 12 73 67 29 40 55 5 68 54 71 90 89 55 29 46 18 30 66 90 69 69 52 2 67 88 27 83 94 87 76 79 15
28 51 49 13 50 7 58 94 98 90 79 4 5 93 87 90 97 24 23 55 77 35 1 66 17 71 82 50 60 42 24 86 88 15 57 52 22 81 36 79 41 75 67 40 69 77 94 93 31 13 26 37 73 84 40 84 95 22 35 67 22 83 74 29 1 12 60 64 26 71 74 69 4 39 94 13 29 4 89 17
