20 80
15 74 10 18 4 67 60 66 42 68 52 22 55 37 23 25 27 9 70 51 30 64 65 19 79 77 32 54 36 53 2 8 24 46 0 69 61 5 43 7 47 3 34 28 58 29 73 45 16 40 20 75 59 71 49 33 76 12 63 57 78 56 41 11 72 1 48 44 26 31 38 35 50 21 13 17 14 62 6 39
23 5 69 57 78 54 74 6 58 35 53 45 65 9 67 2 8 10 72 75 15 18 11 50 34 38 13 76 52 12 25 26 40 77 43 36 61 7 37 70 1 0 71 4 3 60 19 20 63 68 48 42 32 27 31 29 51 62 17 39 79 46 28 73 33 64 24 66 14 44 49 47 21 22 56 59 41 55 30 16
7 28 12 35 15 3 10 58 66 36 64 41 44 31 32 20 5 18 24 16 69 61 77 47 68 67 48 14 38 9 22 63 17 30 19 76 57 73 59 21 52 11 49 56 33 40 50 13 2 51 78 71 55 25 27 42 39 65 53 4 62 37 23 34 79 0 29 72 26 74 75 8 54 46 6 43 70 60 1 45
27 73 22 17 25 44 66 61 47 10 58 69 23 62 75 33 32 3 8 40 19 67 68 54 14 34 37 71 7 65 57 9 53 1 72 79 43 60 70 13 2 21 59 56 74 20 28 0 39 35 24 46 64 16 11 26 42 36 6 18 55 51 29 49 77 52 76 41 78 4 15 5 31 50 12 48 38 63 30 45
59 16 55 7 64 10 63 68 27 42 0 34 28 53 1 45 22 60 14 41 17 78 56 58 5 9 50 40 29 23 43 26 38 19 77 8 48 72 15 71 49 46 73 11 3 25 24 70 13 2 51 33 54 62 57 66 69 35 18 52 67 76 74 44 31 39 37 32 21 30 36 47 65 12 61 4 6 75 20 79
72 25 62 22 49 15 20 5 28 8 10 38 0 11 16 79 42 19 56 23 69 32 68 3 13 24 75 14 12 43 61 37 78 50 58 47 67 77 66 41 36 55 48 27 30 39 46 73 60 21 65 9 52 45 54 18 34 57 63 59 31 44 71 7 70 4 26 76 1 2 6 35 51 53 29 40 74 33 64 17
77 5 28 54 10 15 20 27 46 79 42 39 51 13 60 69 7 22 21 43 36 47 66 52 55 41 0 8 38 44 2 35 23 19 29 73 24 40 63 45 6 1 65 18 78 4 67 32 75 16 74 17 30 62 70 25 71 12 11 26 76 57 72 34 68 61 14 3 33 59 64 50 49 9 31 53 56 48 37 58
23 56 7 10 35 32 31 50 57 45 13 76 59 79 21 68 65 18 49 28 11 20 27 74 3 12 36 53 63 4 48 64 71 44 62 43 34 25 33 5 9 22 17 47 8 69 73 14 19 54 42 55 0 78 70 72 39 38 30 29 46 26 37 52 15 61 75 77 51 1 60 2 58 24 66 41 16 67 40 6
70 77 23 35 26 75 61 29 20 53 25 74 42 44 34 13 22 45 33 73 0 43 21 64 54 41 68 14 76 8 3 37 78 12 18 65 17 16 9 66 39 27 63 55 2 52 56 32 79 72 47 10 57 69 24 48 58 62 11 59 36 7 71 50 5 6 40 1 15 38 67 46 51 19 49 31 30 4 28 60
10 64 22 39 59 60 6 79 37 38 53 42 4 13 0 3 57 16 7 71 41 9 46 5 63 11 78 70 47 17 12 76 62 8 61 67 56 32 33 27 15 45 75 20 52 31 68 40 66 69 77 24 26 23 28 18 36 73 48 21 72 1 35 55 14 19 65 2 44 54 29 58 51 74 49 34 30 25 50 43
37 63 57 25 2 77 71 41 40 59 65 74 29 7 44 67 28 73 58 30 11 22 24 9 34 21 8 32 70 64 39 17 56 3 60 26 69 35 1 5 16 42 36 43 51 52 13 12 47 46 23 76 4 27 75 38 10 45 50 54 48 72 33 62 49 66 14 53 6 79 0 15 78 61 18 20 19 55 68 31
73 47 38 10 56 77 51 61 20 33 17 27 76 35 43 68 26 41 64 65 54 23 18 62 59 8 79 63 31 46 72 42 50 75 4 74 13 14 78 53 32 39 3 57 19 40 28 11 58 55 71 66 16 12 44 34 6 37 60 1 5 22 36 70 30 7 48 15 9 24 2 25 29 69 45 0 67 21 49 52
16 17 41 64 31 14 63 43 11 58 0 13 22 48 1 45 8 28 23 65 60 38 51 50 57 54 67 70 9 25 56 53 42 20 24 29 12 49 62 55 47 19 79 21 7 78 34 59 39 44 6 61 75 52 18 76 32 26 30 5 66 2 71 69 72 68 46 15 33 35 27 73 4 77 3 37 10 36 40 74
9 69 22 15 41 70 35 30 47 39 40 37 73 0 24 79 16 57 5 25 17 6 32 62 45 59 31 58 61 7 29 20 34 60 43 19 77 28 11 13 72 21 2 74 18 12 55 51 46 4 44 1 50 48 75 65 54 71 26 36 8 49 3 76 14 56 10 33 23 53 38 66 64 42 68 52 78 67 63 27
42 45 77 59 21 5 51 60 35 20 64 33 78 16 13 53 38 41 66 69 29 48 36 61 23 18 72 55 46 40 19 62 11 17 71 65 2 15 14 12 74 27 1 31 4 25 75 6 58 56 32 10 67 63 9 76 30 24 47 7 0 37 44 43 34 50 3 39 79 57 54 49 68 28 26 8 22 52 70 73
77 76 30 68 48 72 11 23 44 2 17 29 65 7 5 51 56 20 22 9 61 25 71 78 19 43 58 31 34 47 79 32 15 59 57 75 4 53 18 70 52 10 12 21 45 50 63 27 49 46 67 16 26 64 6 38 60 28 41 39 1 14 0 42 36 37 54 69 40 62 73 35 24 66 55 8 3 33 74 13
36 44 29 16 72 4 6 71 75 39 58 33 66 76 15 79 13 65 69 63 68 60 73 43 52 30 67 37 26 62 55 78 34 42 47 7 53 22 21 70 25 40 38 11 23 56 0 31 51 77 27 18 45 41 17 64 8 57 2 74 1 14 24 50 3 19 46 32 5 12 28 10 49 48 59 35 54 61 20 9
28 49 22 0 57 41 58 17 66 53 33 65 38 71 20 31 75 19 50 6 26 39 35 24 77 70 5 60 16 12 42 68 15 72 23 64 13 7 43 1 40 56 37 48 18 2 36 21 27 30 61 63 8 67 10 14 73 44 79 51 4 59 69 78 74 55 62 3 76 32 52 45 54 34 11 47 25 29 46 9
11 73 20 74 60 77 13 0 51 58 53 30 50 14 56 9 3 61 18 23 37 71 44 40 17 10 64 1 4 39 34 54 33 55 16 49 48 57 2 31 12 46 63 29 79 19 41 62 27 78 43 70 65 38 28 25 8 67 76 45 66 22 52 72 36 69 75 21 7 24 32 42 6 59 15 47 35 26 68 5
29 57 41 54 45 75 65 28 3 59 16 9 67 51 21 22 70 26 13 73 77 46 33 66 2 74 47 48 12 20 38 72 7 44 78 43 69 0 63 55 10 27 31 5 25 40 64 62 32 11 35 49 37 39 17 24 76 1 15 52 53 34 71 18 50 68 8 58 60 56 19 36 4 79 14 42 6 61 30 23
91 90 41 34 89 88 57 2 54 13 76 97 88 6 39 98 71 37 89 13 46 32 64 70 50 99 38 49 84 1 35 77 27 40 51 13 50 16 54 99 89 91 49 78 64 68 74 35 96 16 55 55 1 74 4 85 49 33 25 24 63 91 3 24 65 39 53 55 51 85 77 73 30 18 89 57 58 81 21 87
31 82 88 82 76 34 34 95 14 60 89 23 34 4 76 29 77 49 26 96 84 27 36 38 56 40 90 78 38 17 49 16 58 47 52 91 68 85 40 95 100 77 25 73 22 83 78 36 76 29 81 67 53 30 31 22 24 8 98 100 48 16 25 84 43 84 22 6 52 13 75 46 21 1 19 22 23 31 16 33
50 10 41 24 19 44 40 67 19 96 60 14 70 2 26 41 28 6 78 55 81 23 30 50 50 46 15 44 66 41 54 14 96 52 37 53 79 55 40 50 59 50 10 26 90 89 13 65 52 69 38 50 48 47 66 67 69 92 33 53 34 4 56 68 79 68 6 71 17 13 27 35 10 10 61 16 89 88 76 5
67 92 33 84 57 29 66 41 59 91 41 69 67 89 26 25 50 81 11 62 68 91 54 75 31 50 49 4 35 34 56 63 62 57 65 27 20 55 31 31 82 66 80 21 35 62 72 21 14 60 89 48 39 30 61 82 79 68 53 61 32 5 95 15 39 87 34 66 15 21 73 85 50 94 76 58 52 10 57 7
42 58 19 72 92 92 59 1 9 16 88 38 89 10 85 45 96 18 16 38 8 68 20 21 36 5 21 83 67 62 57 29 33 40 46 49 18 5 42 6 32 59 29 11 95 45 36 81 51 37 14 33 31 96 100 60 42 96 3 3 12 72 55 21 88 29 39 51 56 88 35 50 88 37 30 16 88 18 61 26
30 69 6 74 69 65 7 44 99 42 60 32 57 89 62 86 51 7 2 77 64 82 54 3 65 1 92 10 71 9 71 93 56 7 36 83 17 91 78 24 30 81 66 49 68 55 72 7 83 39 63 52 95 10 12 16 70 12 1 91 57 29 19 62 57 69 60 93 7 30 53 10 89 70 63 98 71 90 62 90
71 15 89 22 23 30 37 34 82 74 61 49 5 67 19 71 28 64 18 60 28 23 13 43 27 43 90 30 23 89 96 72 37 59 10 15 35 36 44 36 65 100 8 26 93 60 65 65 64 29 55 38 91 77 94 71 23 18 98 58 37 13 100 62 57 38 14 71 14 87 4 29 65 79 46 23 62 30 11 39
13 34 84 95 76 83 85 6 49 53 91 12 75 56 3 99 4 6 71 61 67 36 55 90 29 33 89 11 38 1 100 73 38 56 62 13 1 35 66 70 34 11 72 26 34 22 85 4 5 35 1 80 91 27 24 93 82 66 45 54 94 62 21 55 1 13 84 90 67 54 78 85 79 13 69 20 97 12 95 89
17 12 16 6 55 38 48 16 79 42 24 48 13 91 19 48 58 33 92 33 66 69 93 80 18 22 49 37 59 10 50 79 47 40 60 97 54 92 77 29 10 64 63 26 80 23 4 43 22 11 49 31 80 4 97 9 52 72 93 49 71 45 98 82 48 27 65 67 86 43 18 13 58 93 69 76 45 65 1 37
73 3 74 70 98 90 6 30 68 66 43 100 88 77 22 52 73 57 5 85 67 23 7 66 100 94 57 78 67 71 56 80 61 41 16 43 65 100 35 71 50 18 47 46 94 82 21 74 13 72 59 74 19 51 35 32 44 81 73 79 62 64 43 22 32 62 35 40 67 92 9 94 39 41 33 95 3 89 53 76
36 17 70 41 59 18 45 3 37 22 61 99 53 86 14 34 55 82 51 38 64 67 81 18 21 46 61 78 30 42 6 58 96 81 67 43 81 79 95 72 27 58 48 100 83 72 10 6 43 98 69 70 78 7 22 27 7 74 21 95 80 15 44 37 58 37 51 50 50 91 9 2 68 96 18 26 62 67 94 13
46 67 85 100 98 61 44 56 72 33 42 67 13 100 94 39 16 19 71 34 31 44 95 6 8 15 96 63 56 41 31 92 29 97 2 23 29 15 74 92 83 45 5 67 16 37 68 90 73 49 54 9 80 34 23 90 16 30 16 58 66 1 31 35 94 38 73 21 26 36 46 93 22 96 50 87 12 36 14 24
15 9 5 55 86 2 77 73 83 20 68 41 62 3 45 59 36 91 11 74 6 47 25 4 70 74 86 95 6 7 22 71 28 39 41 15 54 53 59 48 7 72 71 90 53 15 38 78 87 28 20 30 31 17 58 52 14 96 15 15 86 2 54 20 83 52 7 26 12 9 44 36 11 76 46 32 97 72 18 2
50 92 13 20 62 53 94 98 19 47 87 78 9 42 68 51 42 83 34 76 32 54 37 85 86 51 51 5 60 31 21 39 19 71 83 33 40 27 70 78 85 63 92 96 91 72 84 71 41 75 45 81 21 15 82 91 41 93 95 53 90 57 45 29 68 86 28 28 41 32 98 16 37 85 98 28 75 3 46 56
42 8 11 97 54 57 37 53 65 81 40 100 49 7 12 7 97 1 15 81 100 87 19 32 99 90 2 87 24 58 22 15 67 88 76 65 56 65 96 57 55 41 15 63 74 91 18 100 2 44 39 27 76 87 80 50 81 19 60 86 42 38 26 44 45 33 75 4 84 97 79 16 7 87 68 61 95 13 82 53
80 31 86 64 95 70 98 82 17 94 7 62 33 19 31 81 38 26 8 79 54 17 98 41 100 76 78 68 22 14 16 77 22 67 2 87 100 22 80 72 7 5 71 49 83 100 26 80 22 26 54 24 24 19 57 56 81 98 60 43 35 42 97 96 90 33 59 99 21 75 21 27 40 92 22 34 47 43 51 73
29 6 18 99 95 94 73 66 27 23 75 75 21 56 31 4 18 62 38 67 75 10 22 2 26 65 66 56 56 50 63 40 29 62 28 23 26 11 28 49 5 58 12 69 95 70 30 73 98 16 88 38 97 21 76 60 10 4 17 49 96 38 98 97 96 55 41 55 32 41 43 23 66 49 65 28 26 16 29 55
24 23 52 4 98 33 20 69 40 6 41 97 19 18 71 36 63 82 94 95 47 80 5 8 59 40 21 55 69 33 92 20 15 100 70 66 55 41 47 88 65 20 85 60 61 60 2 56 38 93 66 69 31 22 70 5 63 62 48 34 21 51 49 37 13 72 79 38 23 19 81 79 31 15 77 35 87 81 87 45
47 16 2 88 63 67 75 68 30 57 70 30 95 96 96 11 6 42 15 30 37 86 44 93 31 91 17 86 56 91 60 16 35 47 64 56 78 59 36 47 6 43 76 58 17 30 37 70 35 65 69 73 61 93 58 50 39 25 89 57 94 29 64 66 94 80 29 99 69 24 33 46 99 5 70 42 2 36 75 92
75 7 77 38 94 81 14 76 2 61 47 56 36 60 96 69 84 66 98 31 84 77 92 37 20 74 99 24 93 17 68 36 35 94 88 9 71 29 36 94 90 90 66 93 17 91 53 22 14 59 37 36 11 32 35 9 100 65 80 63 33 92 61 80 95 29 15 56 52 58 58 93 5 46 84 47 85 66 89 44
