20 80
34 41 78 38 73 40 39 50 79 16 3 64 17 67 58 29 10 14 77 33 37 60 13 35 51 44 6 54 12 24 71 22 46 0 49 74 11 47 2 66 55 68 62 25 52 42 53 26 5 4 32 43 30 70 65 9 48 57 18 59 7 69 15 20 76 36 61 56 31 75 28 23 8 45 63 72 21 27 1 19
21 57 73 49 40 76 29 43 63 55 20 53 68 24 41 5 44 48 4 35 52 31 71 28 33 15 54 74 66 64 8 22 17 2 70 11 18 10 61 9 23 60 58 46 51 42 50 47 32 14 38 72 56 1 16 30 65 78 45 69 6 34 26 13 75 67 19 37 0 39 36 62 25 3 59 77 7 79 12 27
76 72 75 79 48 68 55 39 64 77 58 22 31 74 23 30 6 59 42 13 24 14 29 33 3 71 54 27 7 41 45 57 73 56 36 46 51 25 37 4 2 78 16 9 43 17 19 50 62 49 65 12 10 35 8 1 0 47 18 63 70 66 20 32 53 67 28 44 69 52 38 21 34 40 61 26 11 15 60 5
51 59 77 21 10 31 37 47 12 26 1 50 49 60 8 57 45 11 72 22 70 39 0 76 7 4 32 5 30 35 55 6 18 14 38 71 68 65 19 23 16 40 29 75 48 33 63 24 41 46 67 28 52 27 74 17 34 42 3 56 25 9 61 66 79 53 20 36 54 58 64 78 2 62 43 15 13 73 69 44
51 5 41 32 4 14 16 18 21 69 63 70 61 33 36 54 17 72 34 42 44 45 75 23 7 59 50 64 8 55 58 13 3 79 26 30 38 31 28 37 25 53 57 12 47 22 48 40 65 6 2 43 67 68 71 1 20 60 15 49 35 52 9 76 62 73 27 29 0 46 10 74 11 77 78 39 24 19 56 66
13 75 26 23 47 66 21 61 8 19 48 18 73 44 58 17 11 78 64 65 37 43 30 55 69 2 40 59 12 67 63 6 41 77 71 72 79 54 42 4 16 29 24 35 53 60 1 15 62 49 7 68 70 33 76 34 45 25 56 51 36 10 38 46 27 22 31 5 39 0 50 3 14 28 74 57 20 9 52 32
25 30 71 58 21 40 34 77 68 52 9 15 55 48 8 64 1 14 26 16 2 61 54 76 37 65 4 66 50 27 72 7 53 35 47 28 36 51 17 67 49 62 12 0 29 10 22 59 44 78 23 46 3 32 73 63 38 56 11 33 70 45 24 18 20 5 43 31 6 79 42 19 39 75 60 13 41 57 74 69
56 38 37 19 1 39 30 61 25 54 53 28 22 9 73 8 16 13 72 18 15 11 79 51 68 27 17 59 50 31 14 77 49 44 24 70 52 36 23 66 41 26 63 6 29 4 2 12 5 55 71 7 67 42 3 57 43 47 0 35 65 60 40 64 34 20 48 58 76 75 10 21 62 69 33 46 74 78 45 32
26 67 72 60 2 22 79 36 34 46 47 68 58 78 59 14 43 45 66 48 39 54 32 70 65 62 1 12 0 55 38 50 44 7 37 56 30 28 5 49 61 24 16 31 17 42 73 51 77 35 3 71 8 9 53 63 27 20 4 52 74 64 21 69 11 33 76 25 6 15 13 75 57 10 41 19 23 29 18 40
14 61 25 66 39 52 1 32 44 11 23 75 60 18 46 62 7 70 0 24 29 4 36 53 59 31 6 33 55 48 37 21 22 63 35 78 57 5 64 9 20 69 49 45 41 3 10 8 58 16 72 19 77 13 56 12 15 51 27 50 17 28 79 73 54 71 38 47 40 34 76 65 2 68 43 30 42 67 26 74
7 48 26 2 73 56 33 22 19 59 72 1 58 51 24 30 35 38 44 21 31 4 32 18 64 53 42 37 23 3 77 43 13 14 45 40 16 0 71 10 57 67 20 39 17 74 34 68 8 41 49 69 9 54 5 36 65 52 46 79 12 70 15 47 50 27 55 6 63 61 62 75 29 78 60 28 11 76 25 66
59 14 42 0 1 78 9 67 50 66 28 79 7 45 44 38 73 21 17 37 60 48 26 12 71 62 31 43 10 5 33 39 23 68 3 30 75 40 13 63 54 64 56 57 32 36 25 69 47 77 29 11 8 15 70 46 22 72 52 74 2 58 19 61 35 6 20 51 49 55 18 27 16 4 41 76 34 53 65 24
64 57 11 42 48 58 45 28 17 6 50 44 18 23 79 7 52 63 53 59 27 72 54 8 13 43 38 25 51 34 19 66 10 32 26 4 71 68 33 73 9 76 14 47 62 36 2 49 16 40 35 60 61 41 75 56 74 1 70 5 15 46 78 24 30 31 29 20 22 12 3 21 39 55 0 65 67 77 37 69
74 2 8 71 29 72 37 43 69 36 58 35 61 47 42 26 13 52 31 62 68 79 57 21 73 30 39 45 67 6 7 63 60 0 64 5 38 3 50 17 25 75 54 32 11 15 55 77 24 56 78 53 10 51 20 28 65 59 4 12 9 44 23 76 16 1 27 34 70 19 66 48 49 33 14 18 40 22 41 46
62 24 25 17 38 3 59 75 18 22 68 58 66 31 37 15 29 77 47 56 5 73 74 7 21 26 46 10 48 79 16 72 34 69 78 28 42 54 44 23 51 36 53 19 2 57 63 64 52 32 45 13 61 6 43 27 41 76 35 71 49 4 55 50 11 33 12 8 9 39 1 40 30 65 67 0 14 20 60 70
61 60 46 19 3 70 10 16 57 56 24 22 26 65 51 23 69 1 77 76 47 13 29 58 64 52 7 15 45 28 35 49 17 44 25 8 5 55 78 59 27 75 20 0 42 18 38 66 50 37 9 30 39 41 72 21 2 4 34 63 12 67 53 40 11 6 54 74 73 33 71 36 48 62 68 32 79 31 43 14
71 12 38 45 60 77 9 73 29 56 40 53 42 37 8 15 4 14 47 5 76 54 36 70 78 43 46 30 20 67 39 17 55 1 62 23 48 69 19 63 79 49 65 6 16 21 2 50 13 0 52 44 34 27 41 61 66 10 28 7 25 57 33 74 31 3 68 59 58 24 35 75 72 22 64 18 11 51 26 32
76 18 56 33 50 79 47 55 74 17 53 46 16 13 66 40 67 70 12 9 23 71 37 68 36 48 44 63 0 73 78 10 32 2 19 11 54 22 4 25 28 30 77 15 69 3 57 31 38 49 7 62 60 27 41 34 21 20 43 61 42 45 65 51 6 39 8 29 5 58 14 52 72 59 26 24 1 75 35 64
29 16 50 38 31 65 75 41 47 54 6 79 19 5 24 49 77 35 22 70 71 63 57 8 27 12 68 1 43 48 25 52 51 76 9 59 55 30 11 46 32 10 58 73 18 33 23 69 40 67 0 15 4 74 26 78 56 66 34 62 61 64 72 37 45 14 2 36 3 28 53 21 39 44 17 20 60 42 13 7
76 45 35 59 4 24 2 47 70 41 5 62 43 27 71 44 23 15 42 17 68 34 1 18 49 66 28 12 65 38 73 19 29 20 32 54 21 53 60 40 9 36 8 26 0 64 56 77 37 33 7 31 75 39 69 16 50 14 74 3 10 11 55 58 30 48 52 79 78 13 72 6 51 57 63 61 67 22 25 46
43 80 37 63 50 31 29 58 58 8 92 15 89 58 70 18 92 16 63 92 1 53 6 20 48 62 98 82 16 1 94 93 93 74 49 97 66 24 82 68 24 1 5 7 54 71 82 22 99 42 30 31 100 54 39 2 76 49 32 24 41 77 55 86 36 12 15 94 2 33 39 38 76 79 77 57 36 66 78 96
32 67 70 13 23 59 1 61 86 60 74 63 97 69 34 67 56 20 70 36 82 61 38 98 45 15 78 99 66 35 80 42 12 15 93 8 73 54 22 90 19 68 50 53 74 6 36 72 18 58 66 45 25 81 20 47 75 21 62 51 79 63 21 91 12 33 91 83 2 5 10 10 83 27 20 53 54 26 48 87
88 45 56 32 20 100 54 96 49 30 31 23 1 100 35 64 29 62 93 81 24 87 85 53 15 72 28 51 3 45 62 78 18 31 84 21 47 98 71 20 50 19 71 17 31 48 26 98 64 83 5 79 89 20 90 66 74 85 26 51 50 70 69 38 80 18 29 3 65 5 4 26 62 61 46 20 86 58 47 38
61 85 19 36 17 76 72 57 5 77 83 27 6 79 31 96 7 32 61 78 93 94 55 50 51 10 30 19 59 86 98 83 29 75 68 42 34 29 91 1 100 85 36 60 71 53 56 56 71 93 54 44 81 16 14 92 46 3 88 60 51 58 86 95 40 69 68 94 56 23 88 92 25 22 9 21 76 62 62 46
10 38 51 78 93 18 74 79 35 11 66 97 54 19 2 72 24 2 80 5 2 88 34 73 39 81 34 95 26 77 94 78 8 4 72 36 35 63 80 79 77 9 4 31 15 66 43 74 89 19 87 19 18 78 33 38 15 97 29 18 70 75 86 53 30 47 43 55 68 50 3 84 1 28 34 76 98 19 90 6
59 10 92 44 33 28 97 62 60 20 21 1 44 76 26 35 57 64 86 74 56 1 22 3 47 3 93 48 74 75 53 86 13 82 77 93 76 34 60 4 57 30 13 26 95 52 34 16 72 60 23 95 94 33 27 92 45 78 17 93 6 58 80 2 13 26 25 75 40 64 82 30 39 99 23 16 26 90 9 31
71 21 89 13 36 14 21 93 6 9 43 9 37 55 57 67 16 80 23 31 97 42 5 4 9 88 96 80 49 42 95 81 83 72 14 19 28 11 45 16 90 45 70 40 42 89 100 58 14 10 82 87 28 41 67 98 89 76 11 7 20 50 67 30 74 86 90 18 26 17 76 97 12 7 58 96 66 95 10 6
46 91 93 99 64 12 57 8 67 57 58 37 77 67 84 10 39 64 4 92 29 73 81 76 39 89 83 33 76 89 64 18 33 41 34 68 1 28 81 5 1 63 87 55 65 25 23 72 34 46 33 64 29 67 44 48 71 8 17 100 47 9 65 7 93 80 12 83 14 39 87 97 12 15 80 93 79 73 83 17
49 62 43 45 97 20 37 28 59 79 76 50 70 45 7 96 17 40 58 66 76 99 55 46 14 88 45 95 10 35 14 23 1 79 47 69 78 11 3 36 4 42 10 46 73 18 90 44 59 78 17 77 62 18 59 90 32 63 79 11 62 75 81 41 64 71 74 74 51 81 89 54 35 79 21 40 23 20 97 16
32 14 76 80 38 21 2 30 83 12 99 79 30 53 16 46 38 90 81 99 69 95 51 61 73 25 61 82 3 24 36 39 67 46 46 65 50 77 62 9 82 2 18 29 19 60 90 22 3 60 5 94 54 79 13 50 13 2 81 44 63 92 12 88 25 82 48 73 84 27 41 5 9 46 36 93 74 86 48 3
97 4 38 95 57 5 76 30 67 80 4 90 66 39 73 64 7 80 59 80 6 51 16 72 40 75 87 97 80 20 25 57 16 13 68 73 16 10 48 50 88 99 50 81 11 11 90 29 50 50 76 21 85 68 80 22 84 53 69 30 100 58 79 52 58 42 76 30 34 98 36 21 93 6 39 45 15 20 39 30
62 5 25 83 30 29 50 50 5 58 56 98 64 67 93 71 49 98 66 20 89 19 39 27 55 6 41 51 92 100 36 11 31 15 23 35 77 23 93 56 64 66 48 39 9 19 89 2 43 71 9 61 17 60 85 32 13 48 75 70 40 39 10 56 58 77 77 85 70 84 58 32 100 72 4 75 8 86 87 68
94 18 74 43 59 12 16 17 6 24 52 93 4 83 44 41 27 73 2 58 79 28 20 9 41 27 85 47 8 53 58 79 74 38 70 23 62 93 99 32 76 17 83 38 35 8 93 79 48 45 10 92 44 1 68 90 40 27 88 80 70 58 49 89 76 38 16 28 8 23 7 71 67 3 33 90 1 78 37 14
6 67 20 7 60 13 99 91 16 6 50 46 83 69 48 33 20 9 40 43 46 22 51 4 10 82 78 15 15 14 85 71 93 62 3 97 35 46 5 24 48 58 50 15 15 70 97 78 18 6 80 66 51 55 30 46 33 22 65 6 56 40 58 86 83 60 81 20 4 15 20 47 40 9 77 59 21 10 70 30
64 45 95 67 95 39 24 22 76 96 90 14 48 64 70 99 48 26 14 68 34 38 81 19 48 55 63 34 7 13 79 47 28 52 30 34 82 72 24 53 71 17 38 44 57 58 81 73 29 73 97 16 28 21 29 90 51 30 78 69 1 65 28 4 57 8 95 80 68 46 65 8 27 16 1 8 40 25 76 51
45 84 14 96 39 64 88 86 26 82 33 22 54 61 45 18 34 4 5 84 93 32 49 22 13 24 95 51 12 78 66 22 80 52 63 20 82 23 17 44 10 85 18 56 97 88 49 15 82 49 18 85 32 85 39 12 61 44 76 85 53 64 48 38 84 100 35 59 78 8 20 36 7 80 72 23 38 53 87 12
64 27 60 77 26 60 29 47 61 68 19 5 80 45 53 88 75 83 42 88 93 74 89 89 70 31 94 23 74 45 71 93 14 7 81 2 94 65 85 66 20 53 74 66 89 22 1 33 83 7 72 82 53 26 10 92 12 61 21 44 21 17 59 24 99 20 57 43 28 47 99 49 88 47 57 83 75 69 93 47
90 95 91 47 32 56 33 97 10 29 46 26 70 60 37 13 74 46 10 1 35 7 27 15 6 43 70 86 67 40 20 86 93 46 69 82 28 26 51 70 23 5 64 3 17 68 38 83 65 27 88 20 94 17 46 29 14 82 71 70 72 51 33 5 21 41 17 95 81 2 38 42 36 42 32 19 33 48 11 57
44 9 78 30 60 7 15 57 61 78 2 20 100 18 88 90 34 74 19 96 5 60 42 18 37 57 88 12 69 29 10 47 44 91 15 23 69 68 88 68 75 60 43 51 97 31 78 31 17 36 72 68 85 16 81 24 43 63 5 43 13 52 69 33 23 53 6 12 9 44 6 68 46 14 2 68 36 92 53 63
57 22 61 68 44 69 12 27 66 88 90 70 74 84 96 13 92 76 26 10 85 38 17 60 14 71 91 66 38 67 30 62 15 100 98 33 61 10 48 52 90 76 89 86 89 86 20 19 53 90 69 44 83 89 44 60 18 45 77 61 9 77 73 32 15 63 10 92 84 32 79 46 55 19 51 30 54 54 79 65
