20 80
54 73 31 51 69 37 33 0 68 67 39 79 56 27 41 34 20 60 8 36 19 49 22 58 77 13 45 66 59 12 55 63 75 10 18 72 48 32 25 71 28 70 24 52 57 47 16 5 26 61 65 35 78 2 17 40 43 53 44 9 11 50 1 21 7 30 3 64 46 15 4 76 62 14 29 38 6 42 23 74
33 17 11 13 66 36 5 60 14 20 71 62 24 38 16 68 61 50 3 27 0 52 41 21 47 79 46 58 37 73 9 49 4 7 44 65 12 74 63 72 76 69 30 22 35 56 77 40 18 1 59 53 29 43 45 19 26 8 25 70 2 15 67 23 75 28 54 10 34 55 6 57 78 51 48 31 64 32 39 42
32 30 1 33 15 68 62 76 9 70 18 28 21 16 13 79 64 2 71 73 48 14 26 74 12 31 7 25 69 66 54 43 29 36 42 27 40 0 51 34 60 17 61 24 20 78 57 38 37 77 53 50 63 4 67 46 47 22 72 45 56 23 59 52 49 8 55 10 11 41 35 75 19 65 3 58 39 5 6 44
12 39 32 7 53 31 71 19 42 20 73 33 15 48 78 60 8 22 9 45 66 36 51 23 52 10 68 0 34 79 38 4 49 30 56 46 6 65 17 76 62 37 35 2 64 26 11 27 74 55 72 25 44 58 18 67 54 59 61 3 57 70 28 5 63 40 29 50 75 21 69 14 47 41 13 16 1 24 77 43
58 53 59 12 65 52 69 20 37 35 61 50 54 64 11 33 7 17 21 47 43 8 31 42 55 63 29 13 6 71 23 76 51 24 39 56 60 34 3 28 32 44 75 77 5 25 16 72 2 15 18 4 41 26 49 57 66 36 27 22 73 62 48 79 74 38 40 0 78 30 68 14 9 19 45 10 1 46 70 67
37 36 79 61 60 44 33 59 72 18 69 5 6 53 38 71 20 75 50 78 47 45 46 67 12 19 4 51 77 64 41 25 63 48 54 1 58 7 66 28 32 8 74 68 42 23 14 57 39 21 65 62 15 73 30 10 16 17 26 52 76 31 70 43 35 0 24 49 9 2 27 13 55 22 56 34 29 3 11 40
41 46 15 30 76 11 43 60 25 0 34 31 63 77 75 35 66 53 37 55 18 45 26 58 72 59 51 4 67 50 68 33 32 47 48 28 12 56 36 71 17 27 44 57 42 78 19 65 2 61 62 5 73 49 29 52 21 3 70 9 54 64 10 14 20 7 1 69 22 8 6 23 79 13 40 74 38 39 24 16
48 12 78 32 7 30 55 36 43 41 64 1 33 10 4 19 59 42 2 28 5 27 53 35 14 45 68 9 34 56 58 29 8 3 73 39 63 40 11 18 16 75 24 25 20 72 37 22 15 17 60 70 54 44 50 66 49 13 38 6 51 69 71 74 47 46 62 67 0 23 61 52 77 76 21 65 79 26 57 31
24 25 12 44 0 56 29 26 33 8 64 59 13 4 54 10 53 32 27 41 36 63 65 69 50 48 43 14 34 77 58 46 9 75 42 71 37 28 62 61 66 15 31 11 18 23 49 17 2 68 20 55 5 60 51 52 57 73 35 30 19 79 7 16 70 21 1 38 76 3 74 39 72 78 6 67 45 22 47 40
61 2 36 52 32 22 33 64 15 26 54 66 72 3 65 19 39 79 42 51 8 41 21 49 44 29 70 13 17 76 0 59 57 73 27 35 4 69 5 23 31 25 47 48 6 67 43 16 11 7 56 58 12 62 77 24 10 75 78 46 18 14 28 68 50 1 71 63 30 9 45 53 20 37 34 60 55 74 38 40
40 32 68 24 6 1 21 15 35 69 4 42 45 59 60 56 9 37 73 20 72 67 27 39 70 51 34 58 36 53 79 64 74 29 12 13 71 44 19 52 5 22 11 14 66 61 17 25 3 18 62 23 26 50 65 7 55 41 76 38 2 75 78 8 43 49 47 10 0 57 63 54 30 28 33 46 77 31 16 48
24 32 48 46 50 22 51 6 5 40 78 66 4 77 69 57 12 29 67 11 74 33 58 28 41 59 13 54 3 72 25 9 0 21 70 27 39 55 7 15 17 8 1 79 73 56 61 26 75 71 62 65 43 44 35 60 30 76 14 37 16 19 68 63 53 64 36 20 10 34 49 31 42 2 18 45 23 38 52 47
27 39 28 35 63 72 38 31 49 30 2 59 0 53 45 56 37 12 33 42 55 34 50 4 36 15 40 10 32 11 25 43 77 61 9 67 70 68 8 78 46 66 64 75 24 79 62 65 73 71 51 5 60 26 47 41 44 18 69 74 16 17 20 13 57 19 48 6 58 23 22 7 76 14 3 21 29 54 1 52
68 58 51 47 55 61 59 7 53 54 1 17 23 78 9 5 57 49 75 71 52 39 3 31 42 13 62 14 63 28 26 72 0 20 50 48 19 65 22 74 35 32 16 2 44 37 56 46 27 67 76 10 30 8 36 43 29 6 15 4 60 69 77 70 34 12 33 21 11 64 45 38 41 18 40 24 25 73 79 66
22 34 19 40 8 58 49 65 45 75 0 3 63 66 9 31 30 25 43 2 44 11 32 52 24 53 78 15 20 47 33 41 1 42 12 5 64 76 56 73 60 14 26 62 37 29 61 27 74 38 36 16 39 70 55 79 28 67 17 13 21 4 69 35 57 77 59 6 72 48 71 18 54 7 46 68 50 23 10 51
61 31 7 66 19 4 21 49 22 14 13 52 67 57 72 78 74 47 43 41 6 68 39 15 73 29 0 33 45 2 58 50 12 42 53 8 20 56 59 79 23 37 32 28 71 77 18 1 60 40 64 51 62 38 17 16 26 30 25 27 11 24 34 65 3 63 70 75 69 54 9 44 35 48 55 46 36 5 10 76
61 60 32 45 27 29 34 37 53 72 78 77 55 75 10 66 69 58 56 76 24 38 51 7 50 48 12 44 8 70 57 33 62 40 67 74 1 14 18 71 54 20 11 30 65 59 19 46 36 4 16 68 3 0 15 21 64 17 23 52 9 6 42 31 2 73 39 79 43 41 35 5 49 25 63 26 22 28 13 47
21 36 47 40 38 55 71 12 64 6 3 29 79 15 8 5 56 16 75 63 30 77 28 57 11 35 49 25 69 32 48 4 54 65 67 26 59 46 31 78 33 14 66 34 27 19 68 7 23 9 10 61 74 17 51 60 50 42 72 22 1 20 43 24 53 44 18 2 73 37 76 52 62 0 13 41 70 45 58 39
50 75 64 56 26 79 49 48 25 76 70 32 23 31 59 14 37 35 13 57 24 63 8 11 61 65 36 12 77 73 18 20 43 62 69 34 28 3 71 9 67 19 15 47 68 72 58 66 40 51 27 55 2 33 52 46 53 17 42 0 30 38 6 1 45 78 60 7 44 39 22 54 29 41 16 21 74 10 5 4
6 71 48 58 75 60 10 33 14 32 16 47 62 61 9 52 67 17 43 22 25 35 68 45 65 63 70 38 8 66 0 54 77 78 26 37 40 30 28 49 42 74 19 7 36 73 1 59 24 12 13 57 2 56 53 3 34 55 76 64 44 79 46 11 18 41 50 31 27 4 69 51 23 20 5 29 72 21 15 39
52 68 25 4 83 83 88 37 24 97 72 81 83 73 59 72 8 81 26 10 16 2 38 46 75 13 2 46 38 51 12 78 74 25 48 95 30 83 62 97 24 19 81 66 50 44 68 99 43 89 73 46 72 7 12 4 87 62 69 63 41 100 49 31 87 13 39 2 97 93 79 5 1 33 11 96 15 63 73 34
8 98 71 45 11 46 6 39 27 75 6 89 45 78 83 51 26 100 48 6 35 11 45 11 80 73 53 69 64 32 41 73 56 57 83 20 79 58 99 20 31 46 44 93 58 23 49 2 67 65 10 19 6 76 63 11 45 30 51 44 99 23 12 78 80 5 74 1 100 8 44 56 68 52 32 72 58 33 85 66
71 51 32 79 2 53 21 11 53 90 73 72 3 71 63 50 15 88 41 89 84 17 55 76 42 44 6 21 7 92 52 28 8 21 56 31 98 100 12 17 30 64 58 30 47 21 83 60 58 31 88 3 98 52 34 43 28 12 28 2 56 12 72 83 23 33 69 49 2 95 80 16 9 9 86 18 29 62 5 85
95 43 71 99 65 31 75 12 61 50 7 3 31 74 78 76 9 55 58 59 97 54 36 65 24 12 33 94 100 4 36 14 19 37 48 89 96 72 28 9 31 48 6 46 29 28 55 38 42 17 35 80 16 51 57 71 34 37 86 9 44 58 17 71 12 53 11 57 22 10 63 10 12 44 76 96 97 26 52 39
25 18 84 9 89 81 67 45 73 5 99 6 75 84 16 95 75 59 48 48 9 47 96 34 17 100 77 21 52 14 24 78 59 46 29 19 7 98 71 37 29 47 27 84 75 43 34 34 50 98 85 47 11 3 69 17 33 71 79 43 45 35 90 11 77 21 44 10 14 28 71 62 52 61 48 53 51 24 26 94
37 88 8 75 35 24 31 95 49 65 96 6 79 96 2 86 28 38 89 51 77 48 62 8 31 7 40 56 95 3 13 10 18 70 42 74 1 45 70 38 73 46 3 8 48 68 79 84 16 15 37 30 21 35 57 13 1 13 39 44 84 32 64 94 42 71 75 86 45 81 24 69 6 85 71 48 4 49 15 48
41 38 25 35 66 40 89 67 86 43 9 56 15 92 58 51 94 57 73 6 57 95 40 90 1 15 67 84 39 18 40 76 39 79 99 71 34 5 14 90 23 59 42 5 30 22 97 90 73 97 63 72 21 69 60 13 55 92 14 32 58 100 2 69 23 48 57 54 42 30 99 71 68 43 90 20 43 71 96 52
38 59 35 3 84 94 61 89 23 26 18 54 86 61 43 26 31 62 57 64 57 21 55 29 93 65 67 64 51 74 13 60 27 64 19 86 65 60 24 10 92 72 37 61 6 83 53 30 100 99 77 6 19 51 23 12 66 36 7 18 70 89 8 22 76 28 96 100 84 55 98 12 66 41 71 68 88 38 30 92
7 38 31 56 19 63 65 72 14 97 79 19 31 57 81 8 65 1 97 90 23 54 39 59 1 57 39 45 81 2 48 91 72 3 99 85 73 2 83 36 63 48 34 25 67 5 44 51 47 66 85 77 1 74 14 28 100 68 57 22 49 80 30 86 94 5 21 31 8 68 87 66 20 90 1 83 17 8 96 44
98 39 31 19 99 58 90 8 52 54 69 63 57 27 45 88 89 5 79 3 60 61 28 100 93 8 66 30 73 3 8 99 73 38 42 2 79 44 12 77 93 76 76 58 64 46 24 92 2 74 18 80 73 40 49 88 49 84 63 55 79 96 40 90 65 7 25 54 80 35 72 53 3 3 83 70 68 18 3 39
44 6 92 73 15 82 45 61 18 86 37 47 63 65 6 19 47 49 12 11 78 21 12 56 25 73 47 10 51 8 58 63 74 89 3 64 12 27 15 71 60 91 100 51 8 15 4 26 33 29 73 23 61 78 56 63 48 77 76 58 9 44 24 37 99 54 41 75 20 82 2 26 74 79 5 76 67 90 68 78
35 9 49 2 42 98 19 83 70 1 12 68 53 81 53 12 57 92 37 53 12 68 50 77 6 53 2 97 89 12 39 60 47 10 16 92 6 34 25 93 21 81 61 31 73 3 100 46 87 90 71 2 71 53 71 27 88 95 71 8 50 28 76 34 57 34 95 10 61 17 85 47 64 13 31 42 6 36 4 100
47 31 61 12 90 20 23 36 10 7 33 68 51 17 63 98 63 91 45 19 72 63 68 95 96 100 82 53 24 1 97 24 75 17 99 5 73 23 8 49 98 5 34 94 44 79 19 3 39 93 14 48 72 2 91 59 29 19 95 95 92 87 68 21 24 11 17 74 25 59 42 52 35 32 48 2 13 46 89 2
26 36 40 57 64 91 9 78 58 50 20 57 60 97 66 66 93 35 50 25 90 47 30 67 37 86 42 14 55 23 70 97 49 4 89 93 28 58 75 100 69 16 47 11 77 35 42 57 56 24 37 95 66 85 21 28 68 2 77 6 72 77 25 92 61 63 80 22 57 27 32 90 32 24 67 94 15 72 55 21
5 33 45 33 98 83 23 65 83 79 47 9 5 51 20 12 96 50 59 20 34 91 89 76 86 57 26 69 92 27 72 87 46 14 49 64 41 84 60 2 100 87 79 70 89 65 78 23 36 46 1 73 29 13 60 37 60 40 7 43 2 22 75 91 11 58 59 73 46 9 9 30 11 16 51 100 22 76 15 59
40 13 62 54 49 70 38 32 34 58 62 41 23 20 80 24 90 42 81 82 40 83 66 10 75 37 94 41 67 89 53 85 25 99 82 86 68 30 67 11 42 99 24 1 19 46 85 66 59 81 70 27 92 20 1 18 90 17 89 71 64 33 45 74 87 21 90 78 57 28 48 10 2 43 69 49 56 83 12 41
35 4 72 83 51 64 21 41 76 30 91 18 76 8 52 20 9 34 12 61 48 74 67 70 27 100 20 8 5 17 100 60 13 20 36 40 6 36 53 54 13 48 97 32 85 31 15 70 74 68 78 87 32 8 90 23 11 21 52 35 19 100 87 24 32 56 14 61 9 31 76 96 21 41 32 39 83 49 87 17
10 44 58 69 91 25 18 98 18 44 11 62 38 64 59 5 93 11 22 52 12 9 72 56 25 20 25 85 80 66 64 18 88 34 46 74 33 16 11 94 13 53 14 20 9 38 42 89 59 60 45 89 92 37 31 100 79 15 3 12 29 71 29 45 46 68 44 38 20 80 89 88 20 22 14 31 1 96 41 54
9 83 87 89 83 64 38 42 3 55 68 54 92 82 32 2 74 7 73 50 52 56 20 70 57 58 91 37 91 100 72 78 71 49 61 63 73 24 44 96 63 71 72 13 53 64 56 44 66 11 100 28 41 38 54 4 17 27 58 35 65 60 35 41 54 19 76 89 71 58 48 22 8 52 69 97 88 41 89 30
54 69 33 28 36 51 70 80 41 4 68 28 11 35 95 2 92 63 49 40 25 48 44 79 31 53 76 74 95 66 64 23 63 99 62 56 71 68 26 5 98 39 27 17 3 20 46 18 98 19 39 94 98 48 82 89 19 90 46 31 99 68 29 63 86 30 22 40 51 8 93 59 42 34 75 4 61 42 32 15
