20 80
28 22 65 60 21 67 17 52 15 78 36 6 26 8 68 3 59 70 23 77 71 61 5 64 46 53 48 63 47 14 79 45 76 51 20 2 50 34 62 16 39 54 66 32 25 72 75 43 69 24 29 0 35 40 42 9 4 7 18 57 38 27 41 44 55 31 19 1 37 49 56 10 58 30 33 73 74 12 13 11
67 64 58 44 39 57 25 49 53 27 47 38 63 21 79 52 12 8 1 7 32 59 70 30 5 18 48 23 24 43 33 66 19 41 68 42 40 46 20 51 62 36 6 11 76 55 9 4 14 50 45 65 37 3 77 60 61 54 56 15 29 78 26 34 22 0 10 2 75 35 28 72 74 13 31 17 16 71 73 69
36 16 22 51 39 21 30 20 54 35 65 4 44 50 45 57 8 24 31 69 9 58 79 40 56 64 68 32 1 52 2 10 27 38 34 42 7 41 5 55 25 74 12 76 71 59 70 18 11 17 48 62 43 33 19 23 53 15 37 13 66 46 49 0 78 77 60 75 28 3 73 72 6 14 29 63 47 61 26 67
41 11 16 25 44 34 28 70 38 60 57 30 39 68 10 29 32 52 75 79 27 21 7 58 72 17 6 61 37 35 71 24 4 51 76 0 50 77 22 46 26 2 54 78 59 12 49 63 62 53 19 67 9 33 8 55 3 23 73 15 14 31 74 47 36 64 43 20 45 5 69 65 66 48 42 56 13 40 1 18
53 44 45 4 3 55 65 37 59 27 52 20 38 25 22 42 29 39 67 54 11 68 74 34 24 78 33 0 35 1 18 41 14 10 19 9 21 71 12 16 66 40 69 36 8 31 56 73 57 32 76 23 60 62 72 46 26 2 28 63 5 49 50 48 13 64 17 51 7 58 75 79 47 6 70 30 15 43 77 61
12 47 75 31 34 74 63 18 52 37 60 42 20 7 57 54 78 36 4 43 23 35 1 11 65 0 55 48 21 71 33 68 8 14 9 76 13 64 2 5 41 17 56 25 51 73 22 40 19 3 30 66 59 29 38 45 58 28 49 61 10 46 62 26 6 15 27 67 69 79 16 44 72 53 77 39 24 70 50 32
10 13 76 41 77 46 56 74 67 66 49 50 42 38 40 52 72 75 17 20 63 43 65 70 16 8 18 68 12 14 57 31 44 23 54 21 30 73 62 60 3 35 48 22 19 45 58 47 5 4 15 34 64 53 51 32 6 11 79 61 26 39 36 24 9 1 59 25 29 71 0 69 27 2 37 55 33 28 7 78
18 5 43 2 56 50 79 3 53 63 65 72 48 44 4 1 10 30 6 17 9 41 7 20 71 23 37 70 24 59 64 46 77 55 69 49 35 0 45 60 67 66 54 15 8 47 31 78 22 42 32 51 34 25 26 13 21 61 11 36 29 14 39 62 58 33 57 40 76 68 73 16 19 28 27 74 75 12 52 38
2 15 7 54 24 48 60 37 50 19 56 74 21 45 42 77 47 75 8 35 16 32 57 18 1 38 55 41 33 14 70 31 76 34 28 10 52 59 65 63 72 40 58 29 73 64 68 62 11 46 12 71 4 5 6 69 51 23 53 66 79 39 22 25 44 61 27 67 0 9 78 26 13 43 20 3 30 49 17 36
17 58 68 66 2 55 52 43 4 71 60 18 11 39 16 40 50 34 28 56 35 1 6 36 53 42 22 38 51 70 21 47 76 45 69 67 7 12 64 9 77 57 46 49 61 8 33 10 3 62 54 14 75 65 59 41 5 24 26 73 63 79 29 31 0 32 20 78 15 74 13 30 72 48 44 25 37 23 27 19
28 39 26 15 43 48 79 69 19 2 55 30 27 32 60 45 77 54 64 29 23 9 76 51 8 5 34 37 20 0 66 59 12 7 35 65 38 47 71 36 22 67 68 72 50 53 18 70 42 58 73 4 75 56 1 61 49 16 21 10 11 52 31 6 46 63 57 3 24 44 17 74 78 41 33 25 14 40 13 62
57 3 12 79 64 35 42 49 11 69 53 45 68 70 71 74 15 24 59 73 55 17 22 4 16 19 63 8 6 60 36 18 67 31 54 58 21 41 50 40 38 25 66 1 72 43 32 10 5 0 39 75 78 29 65 37 13 7 2 51 44 9 46 62 76 47 14 26 34 30 52 61 28 20 56 48 23 27 33 77
16 40 22 1 64 6 57 21 68 2 4 5 50 23 17 10 60 31 43 77 8 34 35 7 27 29 66 36 26 25 20 14 61 33 11 47 9 37 56 28 67 18 74 54 46 44 53 72 45 59 63 49 19 30 3 51 24 41 69 39 78 79 52 65 55 75 76 13 0 32 58 71 48 12 15 73 70 42 38 62
25 56 44 17 67 49 73 9 75 79 77 8 13 10 5 12 46 52 36 24 33 58 21 54 70 61 45 41 68 19 23 69 57 40 32 62 2 43 7 26 30 42 48 37 59 74 63 28 72 31 18 71 66 39 53 16 60 27 50 4 51 22 0 14 35 1 65 29 78 76 11 38 55 6 20 64 47 34 15 3
28 9 61 12 75 41 54 36 11 17 33 16 26 64 70 60 1 62 71 57 5 29 50 32 4 53 48 30 58 0 34 35 72 55 74 49 59 14 13 3 79 38 21 66 19 45 18 8 67 22 69 44 65 52 25 27 10 68 43 73 7 39 47 23 42 40 6 78 20 24 77 46 31 37 63 51 76 2 15 56
51 62 27 24 37 42 40 34 14 58 71 56 8 22 69 49 7 54 41 21 12 59 17 74 28 50 18 2 73 31 16 70 43 63 66 72 1 23 46 45 15 9 38 57 65 5 64 44 20 25 10 33 76 77 26 79 61 4 48 29 6 36 60 11 32 30 55 52 35 13 39 47 68 0 78 19 67 3 53 75
35 15 23 2 12 25 68 63 29 48 67 57 38 30 34 27 58 76 54 64 71 18 74 26 17 53 55 42 4 37 52 75 36 13 44 59 20 22 24 66 19 33 3 61 79 21 0 77 47 1 60 70 31 11 73 40 56 32 5 49 8 45 51 65 43 62 41 39 46 72 50 78 69 6 14 9 28 10 7 16
13 37 75 28 2 25 67 7 10 53 17 76 79 45 54 68 52 36 46 0 39 60 65 31 48 44 27 56 11 50 47 58 49 32 59 26 70 43 33 38 62 9 66 78 6 8 64 61 29 3 5 23 74 20 14 77 12 57 15 51 21 19 1 69 63 18 34 30 35 71 22 24 42 40 72 55 16 4 41 73
57 35 61 16 2 63 51 20 28 37 73 1 12 72 30 26 52 54 14 79 23 5 62 44 8 9 39 11 7 67 42 3 60 76 74 45 25 55 48 33 27 43 68 0 46 40 47 58 15 21 34 66 4 22 13 64 10 65 17 53 31 19 29 78 36 32 38 69 77 6 41 24 49 18 50 56 59 71 75 70
23 78 18 13 21 53 48 10 36 64 71 31 77 8 50 20 49 16 54 74 45 22 28 59 41 1 75 12 43 6 42 70 72 24 15 73 3 14 37 33 17 34 40 39 26 9 35 67 25 4 38 0 51 19 2 66 61 79 65 11 5 62 76 30 29 32 63 7 47 57 44 60 46 55 56 68 52 58 27 69
62 90 86 16 89 47 13 99 33 32 58 58 41 67 70 63 33 83 53 20 84 24 73 70 78 91 99 6 5 57 20 43 54 51 79 100 23 79 73 77 33 66 1 92 83 49 66 31 92 38 56 75 24 23 78 98 22 80 92 30 81 20 75 8 98 67 51 87 58 95 81 84 84 15 30 91 37 43 95 60
32 40 98 65 19 38 80 55 30 81 35 37 41 11 77 29 91 46 92 54 86 8 84 86 34 13 91 12 96 49 99 94 54 100 11 9 46 29 94 12 53 62 34 60 11 12 42 90 97 80 91 37 62 12 86 91 31 47 70 7 27 49 40 69 42 4 78 17 2 14 60 1 79 88 84 6 8 43 52 50
32 58 38 29 88 14 60 31 23 90 97 85 6 72 35 62 13 96 85 92 86 100 30 88 95 47 43 2 47 81 95 80 96 74 17 53 40 22 50 12 82 96 33 29 14 7 60 29 15 64 71 16 7 70 42 30 36 86 47 91 76 52 52 60 7 26 7 71 91 58 1 25 82 65 95 42 56 25 52 74
71 31 40 27 81 10 23 10 18 51 63 5 87 83 8 15 77 48 89 21 33 88 61 45 34 68 15 8 33 100 50 46 95 16 92 20 65 35 19 59 52 93 32 95 37 67 9 75 20 4 97 46 75 67 46 57 11 49 16 62 17 48 24 72 86 91 60 98 53 67 46 62 93 33 5 21 33 83 26 80
99 55 2 38 59 4 71 45 5 74 94 51 95 75 85 86 54 39 100 35 76 87 23 49 31 57 23 62 65 41 70 62 93 33 9 30 26 93 72 38 73 82 53 3 29 97 17 31 37 55 5 15 17 20 13 100 44 1 11 5 8 3 75 56 54 35 34 44 31 74 95 27 38 15 85 56 34 86 66 1
99 82 54 61 66 60 13 23 62 44 52 27 32 94 60 60 87 78 43 50 74 38 28 94 54 1 24 52 48 76 67 97 37 51 67 61 66 90 28 20 73 74 55 61 88 52 23 77 39 6 15 44 8 81 64 3 27 77 57 59 84 56 53 72 93 15 73 91 71 80 36 35 14 73 63 77 88 50 82 34
65 47 14 15 5 30 71 5 60 41 78 7 13 16 59 42 32 16 46 85 63 99 74 3 63 33 78 65 64 23 22 24 63 19 82 17 62 63 7 15 17 32 45 17 32 19 9 53 67 60 58 96 88 43 62 6 68 50 51 38 56 50 23 1 57 95 57 95 55 84 1 1 90 26 52 93 35 92 62 55
63 59 21 59 4 71 97 10 99 73 8 17 25 36 93 84 62 74 94 63 44 42 8 73 15 93 27 99 59 65 88 21 83 45 71 52 14 50 21 55 61 25 48 90 52 74 45 55 14 39 27 99 14 3 94 77 1 9 44 35 60 79 38 76 5 38 84 98 24 74 11 58 54 53 13 80 11 33 21 8
44 21 19 87 8 12 87 32 10 31 74 71 35 61 36 14 42 34 12 3 91 60 35 90 83 55 16 85 79 2 3 50 54 93 80 3 35 50 2 7 51 83 21 74 63 13 2 9 7 98 3 37 48 55 77 2 89 7 8 89 26 40 68 27 31 6 34 86 89 56 54 8 79 86 51 73 41 24 38 17
95 60 60 43 7 10 6 75 84 27 60 36 37 70 68 75 6 2 10 92 38 51 80 75 8 77 30 11 11 26 40 15 1 61 82 1 87 18 21 35 81 100 87 86 28 16 4 33 69 85 66 82 12 68 92 17 71 54 35 70 29 78 96 74 2 14 98 84 20 9 38 98 24 18 100 19 23 49 16 31
51 23 69 55 54 45 76 79 78 33 21 90 12 10 20 74 51 81 20 44 28 39 43 16 99 76 36 47 45 40 42 29 75 79 47 42 1 35 48 72 44 73 66 13 32 97 75 92 37 43 72 93 20 40 47 100 56 95 63 25 43 37 98 50 64 64 97 20 68 52 39 49 66 92 49 86 76 69 74 29
72 87 10 35 23 62 50 71 57 31 99 80 28 78 85 81 31 60 34 56 36 95 29 65 98 80 2 23 81 24 94 92 64 47 81 99 44 78 28 19 85 54 90 65 43 99 14 48 53 72 97 46 83 82 27 61 77 45 69 55 49 11 39 30 47 71 22 47 64 94 28 50 57 30 15 44 18 47 32 1
34 5 66 41 94 82 8 59 18 87 39 60 7 70 63 89 96 94 69 28 28 87 6 61 10 26 37 57 83 55 96 98 23 11 28 63 11 47 19 53 12 28 5 66 84 1 59 8 43 36 77 37 83 43 63 42 94 82 78 39 69 96 36 53 54 88 37 42 76 24 89 80 13 63 93 95 100 12 80 86
77 14 50 3 41 1 19 51 85 71 29 53 100 92 20 10 45 2 8 42 72 32 52 71 91 89 43 60 5 55 95 2 47 80 74 27 31 7 26 23 92 58 94 92 23 53 16 1 72 2 19 5 40 41 84 8 70 79 42 63 44 93 14 29 58 51 58 7 76 47 57 23 72 11 79 22 48 98 7 66
80 6 29 97 77 26 97 97 91 88 95 53 88 52 98 39 88 26 19 14 64 36 91 49 73 65 70 88 12 52 88 63 26 85 32 81 77 8 29 48 76 54 25 81 92 70 68 46 31 43 45 66 95 4 20 19 60 10 54 75 45 49 45 66 24 90 52 87 61 38 40 4 54 61 43 20 26 10 59 30
89 8 84 95 34 77 86 98 70 19 79 50 57 24 59 99 92 85 6 46 69 37 76 20 66 42 43 15 71 79 55 94 34 65 95 47 95 6 69 87 3 9 54 30 78 55 75 81 6 86 3 38 12 46 53 44 80 53 87 45 17 29 19 20 54 13 61 18 31 95 29 90 94 36 64 5 49 64 67 63
70 72 92 33 73 54 89 21 48 79 9 59 12 20 50 87 55 61 74 60 36 93 65 43 22 70 93 76 33 60 82 16 32 13 14 81 91 72 67 37 21 11 66 61 39 1 61 96 10 74 75 6 68 62 77 83 5 94 66 82 75 18 77 72 44 16 48 47 26 70 97 41 85 78 27 81 82 86 18 69
57 36 96 10 67 89 5 76 99 13 86 13 8 70 18 94 63 5 56 92 100 98 30 49 80 93 9 51 10 25 28 16 61 10 92 93 17 84 97 36 64 25 14 61 96 86 50 23 67 27 65 81 77 4 66 69 61 11 89 69 82 38 80 61 34 38 30 32 68 92 14 39 39 31 89 46 92 23 63 13
3 100 80 1 62 62 98 96 69 38 91 35 34 99 94 21 33 49 90 7 52 70 81 55 47 51 3 42 9 72 55 60 59 66 82 50 36 98 27 73 50 12 40 23 62 8 86 2 91 42 90 31 88 73 72 20 57 85 30 86 76 3 19 62 25 52 32 63 13 6 3 41 43 82 41 67 93 40 17 40
60 86 1 59 22 44 91 83 61 42 32 5 8 59 100 58 32 58 94 1 94 66 24 55 71 56 5 59 90 52 67 61 13 75 8 49 97 86 10 98 85 51 69 78 46 83 90 44 90 14 42 89 11 17 81 25 32 87 86 84 86 62 78 60 87 35 65 36 8 62 33 7 2 65 23 53 83 11 10 10
