20 80
68 74 11 34 23 64 57 51 69 50 67 75 59 4 61 0 39 47 32 77 49 54 42 6 37 19 27 1 38 17 8 65 46 48 29 76 44 35 10 25 36 13 7 5 72 40 9 66 28 73 60 41 18 14 78 26 3 79 21 16 55 43 71 12 24 31 30 70 52 53 63 62 45 2 22 20 58 15 56 33
72 56 14 30 9 36 47 40 18 4 38 21 68 10 49 1 26 17 7 6 13 15 66 11 78 8 5 71 27 79 69 59 34 75 35 54 74 63 19 3 76 62 52 50 58 33 57 43 65 24 16 32 46 41 23 22 45 70 39 53 2 60 29 28 64 77 61 12 44 51 31 25 73 55 20 0 48 42 67 37
51 24 29 33 13 41 46 28 45 15 43 27 7 35 30 47 75 73 16 39 54 6 53 22 68 61 1 14 76 58 63 10 66 8 31 42 55 57 34 2 4 0 59 25 62 23 64 49 69 21 60 9 71 18 65 36 77 70 5 12 74 11 3 17 26 78 79 20 32 44 37 48 40 67 72 19 56 52 38 50
65 67 5 35 68 48 0 33 76 63 55 72 49 6 58 44 29 26 27 12 75 60 14 32 18 61 59 34 45 15 52 39 57 23 4 73 16 62 24 22 54 41 70 71 1 40 19 43 13 50 28 79 42 46 20 51 10 9 66 47 17 77 53 56 64 74 3 2 78 38 7 69 25 8 36 31 11 37 21 30
76 10 17 7 19 71 78 4 21 49 14 53 39 48 58 3 25 57 68 69 79 65 30 66 15 20 28 74 36 0 73 55 72 70 47 38 41 40 56 8 77 13 2 43 16 29 24 35 32 11 6 50 42 51 54 34 37 64 59 46 12 61 67 18 45 26 9 31 75 1 63 52 60 62 23 5 27 44 22 33
25 49 64 74 39 12 22 41 72 17 8 58 53 40 75 0 13 33 5 47 10 20 21 27 59 65 16 30 3 26 32 77 69 45 35 57 4 60 63 15 46 29 67 76 1 37 9 62 31 55 19 56 71 34 2 6 28 73 51 61 70 23 68 11 36 42 66 7 52 38 24 54 18 44 78 79 50 14 48 43
48 1 30 64 18 74 27 41 28 43 31 45 44 22 32 62 17 55 16 75 3 42 73 53 66 24 10 38 72 9 23 76 2 6 58 15 0 78 35 14 51 71 39 57 25 40 70 61 20 29 50 7 65 19 54 68 49 67 12 34 63 11 8 46 77 37 79 5 60 59 36 56 47 13 26 52 21 4 69 33
41 59 23 37 43 34 30 56 53 48 60 20 7 74 14 68 13 3 17 45 0 16 50 78 9 61 73 71 52 46 42 47 76 18 63 40 28 15 69 54 39 29 72 57 32 36 24 11 19 25 26 2 44 77 66 65 31 75 5 8 27 21 58 62 79 12 38 67 22 55 64 6 35 70 51 1 4 33 49 10
14 34 2 10 26 69 42 33 61 56 62 37 9 11 24 55 25 58 44 78 27 32 57 68 41 75 28 60 67 74 77 16 70 66 0 36 64 13 8 29 49 5 35 76 73 23 65 6 17 63 1 15 47 71 20 40 45 53 12 31 19 52 18 51 38 54 7 46 30 48 79 21 3 4 72 22 39 59 50 43
54 39 78 59 37 46 65 38 52 25 27 26 67 51 58 0 79 10 53 55 5 24 70 48 57 11 44 8 30 34 19 68 33 62 2 13 29 69 4 61 35 7 14 41 17 47 73 9 23 12 42 72 71 75 66 21 45 16 18 36 60 56 20 6 77 31 28 40 1 76 64 43 49 15 3 74 22 32 50 63
31 9 70 14 12 50 7 17 74 52 55 16 26 38 67 34 43 29 27 1 36 47 30 65 19 13 3 42 23 58 18 5 63 0 51 61 41 32 25 11 10 54 44 2 60 66 22 68 59 71 62 39 37 72 40 35 45 76 53 77 24 75 8 15 49 4 57 6 33 46 28 21 64 73 78 20 56 48 69 79
61 51 7 57 23 20 36 34 69 15 52 44 70 26 22 11 75 76 38 72 49 50 19 29 40 30 59 13 25 46 18 60 28 14 48 32 66 78 5 56 8 73 1 62 68 54 24 58 4 42 27 10 33 9 2 16 3 6 67 79 63 47 21 31 53 12 39 71 17 37 35 45 65 41 77 74 64 43 55 0
9 25 38 77 15 39 2 61 17 62 78 24 57 52 0 76 46 41 49 55 63 37 35 13 47 21 34 23 26 36 66 19 44 64 27 45 7 54 73 56 18 31 79 75 29 10 3 32 28 5 40 12 70 33 74 53 16 60 48 71 42 69 4 11 6 72 59 65 1 68 14 30 8 43 22 50 51 58 20 67
66 4 39 18 62 47 22 40 53 69 79 16 74 61 57 15 38 36 65 73 44 49 43 75 29 6 51 11 13 46 78 77 41 17 42 20 8 35 0 45 48 5 26 2 24 1 76 9 56 31 54 58 12 55 32 27 28 68 25 37 34 71 50 21 33 10 64 63 7 19 70 23 52 72 30 14 3 67 59 60
74 66 61 46 29 11 7 70 55 35 51 47 26 14 13 19 62 17 44 24 76 10 21 32 37 1 59 23 15 71 75 2 68 27 53 43 34 38 67 5 30 25 49 69 63 42 79 16 39 52 54 22 57 60 18 20 28 73 45 58 41 3 6 40 36 8 72 12 48 50 31 78 0 56 9 77 33 4 65 64
15 62 58 71 43 37 35 24 65 40 50 13 51 70 54 76 45 1 3 21 26 18 46 73 64 9 2 60 38 31 17 20 7 49 61 59 53 77 29 14 8 55 10 22 67 41 79 72 57 0 52 78 5 56 48 44 68 28 63 34 69 27 16 30 75 4 11 74 32 6 47 66 19 42 36 12 25 23 33 39
36 54 5 77 44 34 75 46 66 39 60 51 14 33 10 30 19 13 12 42 17 8 59 21 38 53 65 35 3 27 56 68 40 25 61 16 48 57 41 71 70 20 52 24 31 55 64 29 74 62 26 15 47 28 32 37 67 9 76 63 6 43 22 45 72 79 23 1 4 78 69 49 7 2 50 0 18 11 58 73
20 75 51 8 57 1 58 39 74 53 30 5 14 9 21 70 31 27 18 48 50 11 69 26 64 59 62 35 36 41 10 28 66 71 6 47 79 42 16 78 2 46 3 52 23 68 22 38 73 17 33 25 40 13 0 65 72 45 49 63 60 67 54 34 4 12 43 55 29 76 61 24 37 77 32 56 15 7 44 19
25 43 58 9 56 72 59 51 30 7 14 41 8 64 47 6 27 78 77 33 1 5 39 70 2 69 75 55 37 23 52 76 73 63 35 36 21 40 32 13 48 79 68 50 66 62 26 54 4 67 16 53 49 71 45 10 38 28 46 17 74 24 31 34 20 22 42 61 12 60 44 0 29 3 19 11 18 15 65 57
33 58 47 7 14 8 25 42 15 69 60 55 19 77 54 38 31 18 22 4 2 30 20 35 61 70 48 12 76 36 41 75 57 39 67 74 71 49 0 51 21 64 6 62 16 53 1 9 5 43 10 78 46 63 29 13 72 65 52 23 3 44 45 40 11 26 28 32 56 17 79 68 37 34 73 59 27 24 66 50
73 94 54 17 15 61 52 80 47 12 25 28 87 81 61 98 43 89 49 57 90 59 6 7 11 36 58 4 8 70 71 77 2 72 10 72 91 30 90 75 40 70 42 76 2 11 65 91 53 74 49 26 45 59 79 13 21 74 100 94 15 79 30 98 87 20 83 95 80 13 62 94 14 50 43 87 31 77 92 86
44 82 42 90 27 62 54 92 74 13 15 88 1 76 33 88 29 30 46 30 37 33 34 64 79 39 27 97 18 95 74 41 56 61 66 97 87 23 13 88 13 56 34 64 52 67 58 95 67 35 7 2 88 44 36 33 38 27 80 38 15 79 6 77 20 30 31 71 17 27 67 40 64 38 8 89 84 27 53 59
40 20 35 32 79 66 33 55 9 56 68 9 98 58 92 8 75 41 87 62 56 82 25 58 7 19 86 16 28 5 86 72 7 60 30 32 36 58 43 27 26 20 70 42 43 34 54 19 81 40 28 40 89 63 44 2 80 14 88 13 77 37 53 79 63 21 61 52 49 64 31 71 63 79 71 12 7 86 29 67
99 75 72 34 50 7 99 13 12 55 8 93 82 72 28 62 43 50 13 40 40 60 96 92 78 11 9 58 28 89 1 100 79 72 38 80 65 63 49 91 95 92 2 86 53 48 3 63 26 18 93 91 39 50 6 47 88 95 39 2 63 55 92 35 8 98 76 70 48 39 6 23 59 22 35 57 51 54 42 4
1 62 29 51 46 83 60 54 60 2 92 61 55 20 87 86 69 2 65 6 56 89 76 57 19 19 57 40 60 62 57 53 74 54 82 31 43 34 39 67 26 81 16 58 20 79 26 95 11 23 10 84 55 95 7 88 37 27 60 80 44 85 59 36 45 39 57 94 26 42 81 58 73 50 74 98 81 6 96 44
30 40 3 54 39 40 41 56 43 53 35 28 22 95 5 35 42 50 9 100 65 15 49 6 34 10 14 20 89 74 72 90 16 85 76 79 63 87 15 74 19 46 3 52 55 96 16 82 40 1 63 95 78 73 78 14 46 84 15 75 90 68 45 86 6 8 89 93 82 43 100 87 60 34 73 20 21 32 51 62
60 33 75 97 56 73 53 43 18 73 89 78 39 50 50 59 65 17 40 64 18 4 9 86 96 89 2 88 63 5 37 75 60 27 3 55 21 25 83 56 94 27 76 26 72 75 3 13 46 1 16 97 71 80 16 60 44 58 81 99 15 72 84 76 23 62 98 54 73 22 63 11 48 49 55 65 30 77 71 7
59 70 86 71 95 83 1 77 22 1 18 14 56 32 93 69 86 71 97 61 53 3 28 30 75 67 14 64 17 6 85 40 40 90 95 4 15 85 47 15 19 37 80 54 53 88 98 19 7 64 25 46 59 58 3 81 17 49 50 61 24 65 52 66 65 87 81 91 51 51 51 28 29 7 98 92 14 99 18 45
100 41 53 24 38 99 77 67 79 54 66 79 52 5 13 86 56 93 76 36 75 96 66 89 24 13 4 72 67 66 29 1 33 30 98 6 94 57 54 90 73 26 3 93 92 26 52 7 66 81 10 99 54 72 19 30 69 83 45 26 82 47 62 57 69 43 10 92 24 65 7 25 57 36 55 95 42 88 13 63
7 81 42 67 60 25 12 4 77 84 51 46 7 80 13 88 31 17 95 6 93 97 60 24 54 22 82 82 29 21 99 2 73 63 1 12 10 61 72 46 66 94 11 46 14 64 28 72 36 28 24 63 50 26 53 6 12 10 30 47 75 3 92 100 98 53 19 79 40 31 1 46 99 75 58 80 70 67 53 63
67 20 69 55 36 25 33 29 76 85 93 18 60 38 6 47 53 43 80 42 97 62 13 97 54 3 20 71 95 67 85 66 74 61 31 63 69 93 33 2 62 75 78 35 53 49 6 8 64 80 81 10 58 72 98 21 48 80 5 89 10 67 11 54 36 24 23 64 47 83 86 24 1 38 54 68 86 26 35 17
9 70 85 43 76 41 40 38 36 24 18 96 37 43 75 23 26 83 35 77 97 69 21 36 61 57 39 90 99 65 53 26 97 88 68 78 25 55 39 28 81 64 99 56 27 61 59 31 90 4 21 6 62 47 55 52 57 78 52 49 33 16 71 40 64 55 88 35 64 72 73 16 8 41 77 44 5 94 66 80
33 13 41 11 2 59 22 22 3 23 13 30 16 12 8 70 88 46 81 55 34 85 3 66 63 51 23 3 1 98 2 49 91 85 43 56 34 82 50 26 73 26 27 29 33 38 4 68 48 72 15 29 78 85 20 30 27 81 5 41 47 24 94 90 65 87 14 73 23 74 86 88 100 46 85 68 13 96 6 98
5 98 78 27 73 93 63 2 23 18 19 53 44 89 81 43 10 39 93 84 41 89 99 87 17 63 30 60 21 95 92 52 89 7 77 30 20 52 89 22 52 17 87 88 31 58 43 41 13 10 27 7 5 30 72 94 29 1 25 10 28 43 17 54 39 80 95 88 76 48 22 44 56 15 49 95 40 64 85 45
1 34 78 10 1 48 66 38 89 61 6 14 61 63 74 36 7 98 74 66 90 49 73 18 69 18 62 83 36 84 41 30 38 56 3 42 50 6 3 40 85 62 18 63 50 17 74 90 3 25 72 85 50 14 45 52 8 30 70 47 96 2 7 9 41 18 42 45 58 56 19 76 55 12 47 39 77 44 54 39
42 10 71 52 56 89 70 7 85 5 98 25 69 54 78 78 79 54 3 30 47 98 82 96 91 13 48 81 94 63 25 55 70 34 99 66 85 73 31 24 94 41 88 74 13 42 82 62 71 75 71 2 67 46 1 80 77 2 58 60 97 80 94 43 30 15 46 12 75 62 48 51 16 40 80 76 86 44 10 19
20 88 38 78 75 61 3 24 54 84 44 2 74 58 41 86 86 33 97 21 23 43 62 7 82 62 73 34 1 73 20 94 74 74 39 40 97 13 42 39 32 2 92 3 49 16 3 26 45 60 9 25 5 5 63 62 3 100 98 61 7 1 99 80 3 57 54 23 95 95 1 64 51 20 94 57 78 40 37 90
73 85 71 93 38 75 74 66 54 66 15 38 44 75 60 67 67 87 49 11 93 80 38 10 97 89 31 7 13 19 28 4 89 28 78 15 27 21 54 28 92 70 76 10 35 2 74 18 37 36 96 68 99 42 82 25 80 50 42 3 62 25 80 84 14 67 15 53 92 1 27 77 35 2 98 11 72 60 9 77
34 78 84 44 11 13 4 91 1 6 87 92 46 90 68 27 89 35 60 24 48 14 18 11 11 17 59 64 71 2 18 91 33 38 25 77 95 5 67 76 19 17 65 21 35 60 25 54 71 66 11 99 71 79 81 13 79 48 77 24 13 79 30 55 40 2 10 80 62 55 84 27 78 69 41 75 11 41 20 17
31 22 18 21 51 83 1 50 100 24 54 22 14 74 13 89 77 58 37 52 83 8 20 23 81 66 22 100 33 38 70 40 55 92 38 3 64 42 72 1 25 5 34 20 59 32 75 2 37 73 94 13 52 29 62 25 67 76 19 94 19 34 35 28 37 27 66 78 72 84 9 74 60 65 62 8 33 100 34 41
