20 80
18 26 29 25 70 6 71 54 23 57 55 32 76 35 2 79 68 27 33 47 62 74 65 4 24 19 78 13 73 31 1 0 8 38 15 45 5 21 51 67 12 75 37 17 63 11 52 64 56 77 41 34 50 22 46 40 14 58 60 59 36 72 30 66 42 69 61 28 53 3 9 49 7 43 20 10 16 39 44 48
22 2 41 55 16 45 64 24 5 49 76 37 60 17 11 27 28 0 9 6 71 56 3 78 48 31 23 70 47 21 36 1 25 13 34 18 68 15 4 66 73 54 8 29 30 74 62 26 57 46 19 52 77 7 38 50 35 59 53 65 39 58 79 75 67 10 20 51 43 14 61 63 12 33 44 69 72 40 42 32
5 37 41 65 49 45 56 14 34 59 46 29 23 6 77 54 13 39 71 57 69 4 3 36 31 28 78 33 74 7 21 38 43 20 12 64 27 10 47 15 19 58 63 79 66 9 30 52 70 51 68 53 2 35 75 42 73 24 60 22 67 50 72 8 62 44 16 0 32 18 55 40 48 61 76 11 1 25 17 26
22 65 40 48 41 3 9 52 56 5 2 70 62 75 69 10 44 58 43 66 64 51 11 6 23 37 4 33 74 72 28 1 63 24 77 79 45 60 46 54 61 47 30 14 78 59 32 25 57 18 73 68 76 35 19 42 8 0 49 55 29 16 17 15 13 34 36 39 20 31 38 7 26 27 12 50 21 71 67 53
55 31 56 20 9 75 50 0 33 30 10 78 23 7 25 71 68 38 42 40 11 15 8 41 52 47 28 53 12 77 16 49 70 67 60 27 45 73 62 63 37 64 76 35 36 39 5 29 1 79 34 32 65 2 74 66 54 19 14 44 69 26 61 72 18 6 24 21 4 3 13 51 43 48 59 22 46 58 57 17
66 40 34 68 35 46 41 23 28 3 24 56 16 67 64 18 30 51 78 74 48 54 76 8 12 65 38 53 49 47 77 29 33 9 52 7 13 5 20 37 10 0 26 4 59 61 22 44 60 39 58 42 21 43 36 25 1 6 50 31 71 32 55 19 73 15 17 75 79 45 27 72 69 11 70 2 14 57 62 63
30 7 42 58 60 12 2 61 67 0 17 74 69 39 31 63 52 27 72 79 25 46 23 32 34 76 3 73 40 44 20 4 45 48 5 9 29 70 14 19 75 59 53 64 35 1 41 22 71 18 6 57 15 55 8 16 24 66 11 51 38 10 28 62 78 47 43 56 49 77 33 68 37 54 13 26 50 36 65 21
17 4 74 53 23 51 24 59 41 40 1 39 57 47 34 75 68 21 43 26 8 7 67 0 19 28 35 9 31 62 73 70 30 15 58 52 14 50 10 72 48 69 63 45 60 37 46 65 77 56 42 55 25 54 22 78 11 29 79 16 36 13 38 33 20 27 12 49 61 5 44 2 18 64 66 32 71 6 3 76
77 2 32 68 30 48 22 13 39 51 38 66 15 9 24 0 45 4 35 23 10 64 25 74 5 16 55 41 28 43 65 58 63 29 75 76 1 79 40 21 69 18 70 54 73 7 56 46 67 71 42 20 31 62 26 17 14 8 3 52 34 12 11 6 50 78 59 49 36 27 60 37 47 61 33 57 53 19 44 72
63 19 24 6 33 72 43 35 42 56 2 59 13 27 69 66 11 7 77 22 61 14 68 71 20 75 65 67 21 41 38 53 46 18 25 44 16 28 62 37 8 74 55 48 47 70 15 40 79 60 3 12 4 10 39 57 1 50 9 29 58 76 54 31 23 5 51 64 0 32 73 26 36 52 30 34 45 49 78 17
79 56 54 23 15 35 70 63 30 60 61 36 57 51 25 3 31 27 5 64 18 65 12 66 74 59 8 46 38 58 42 37 22 33 73 41 24 71 32 48 43 67 49 14 2 21 1 10 40 47 16 39 55 4 45 11 17 53 62 78 19 6 75 69 68 72 76 9 34 13 52 77 28 50 0 20 44 26 29 7
5 19 0 62 78 34 48 49 33 63 47 77 36 72 12 4 52 71 44 37 32 46 16 56 40 30 26 18 10 70 11 53 67 7 22 54 15 35 58 68 9 76 66 2 65 13 6 29 14 75 8 3 59 74 42 28 43 45 31 17 55 25 51 27 23 50 73 21 24 79 20 64 1 39 69 61 60 41 38 57
4 75 65 32 67 59 55 12 51 60 77 25 28 74 19 5 17 6 79 39 31 49 15 43 71 2 29 73 69 10 52 7 48 33 76 11 21 16 46 45 22 53 37 63 68 66 30 61 1 72 56 18 41 50 70 42 38 62 26 57 78 8 0 40 54 3 27 36 35 23 44 24 64 13 34 14 47 58 9 20
4 26 5 53 72 6 49 31 55 29 13 35 61 36 69 52 67 51 64 62 46 44 23 60 16 2 74 22 43 76 79 39 45 73 3 59 1 78 11 12 47 77 40 14 50 18 42 0 75 66 17 54 15 20 10 38 48 8 24 63 41 30 34 25 71 32 7 58 27 21 57 56 33 37 9 70 65 68 28 19
4 9 53 78 23 11 26 36 5 66 72 28 1 71 55 51 16 77 33 60 14 69 61 68 67 43 7 31 48 18 12 65 54 20 47 79 73 6 17 19 0 30 75 49 57 15 8 42 22 27 39 50 76 21 40 34 56 41 24 3 13 32 52 29 38 45 10 25 64 2 46 44 62 37 74 58 63 70 59 35
78 69 79 15 3 6 23 55 38 33 20 61 77 12 42 74 27 64 24 60 5 47 21 48 8 75 11 1 49 63 51 52 43 53 72 13 18 73 31 9 66 10 16 62 44 59 25 76 46 39 17 22 28 32 68 4 57 41 67 29 58 40 7 37 2 30 36 34 50 54 70 0 19 71 35 14 56 26 65 45
75 25 77 15 12 21 70 40 23 26 48 34 35 45 4 31 67 62 52 5 69 49 58 30 71 74 13 66 53 51 56 46 72 19 61 8 17 55 29 54 73 1 28 63 16 76 27 33 22 37 38 32 24 11 60 7 41 3 9 14 42 64 20 68 44 43 36 47 6 39 78 2 65 59 18 79 0 10 50 57
18 46 35 71 24 32 52 57 29 41 66 1 73 0 2 6 48 30 9 77 67 25 31 61 3 16 27 72 8 59 42 69 38 34 78 13 62 55 68 33 45 22 28 65 17 47 23 50 76 74 12 10 70 58 4 37 49 43 39 40 64 26 44 5 53 21 19 56 54 63 79 60 14 11 75 7 20 15 51 36
66 60 68 5 63 15 74 43 20 35 34 56 38 70 8 18 75 24 78 3 39 46 21 6 1 59 54 55 69 77 79 4 40 13 28 47 16 29 23 72 31 37 58 76 73 45 22 44 7 42 41 53 30 65 52 10 67 11 19 27 71 50 36 61 14 32 33 26 57 9 0 25 62 49 51 2 64 12 48 17
52 20 11 67 3 53 69 9 37 51 14 29 59 13 0 72 16 35 24 17 43 41 40 65 31 4 74 18 66 42 68 6 56 28 63 73 44 26 49 70 54 23 2 10 39 19 27 77 36 58 57 78 38 60 71 61 47 45 30 34 48 12 75 22 8 25 76 62 32 5 46 79 64 1 7 55 50 21 33 15
36 85 30 64 45 72 89 81 93 83 1 4 86 1 34 47 79 90 15 29 47 60 11 98 70 9 16 34 81 100 26 9 91 36 1 68 73 28 67 40 20 1 92 35 52 60 18 9 22 55 95 65 10 45 61 79 22 66 78 32 28 95 18 7 97 96 84 58 45 19 97 11 6 83 51 99 55 97 63 42
88 36 1 93 8 83 74 82 3 10 10 78 45 91 63 61 32 14 43 59 7 63 61 22 28 76 93 47 96 41 66 19 40 97 5 48 57 13 78 34 9 64 68 91 76 11 47 60 78 10 87 3 37 73 72 34 4 15 89 17 81 40 23 79 20 75 10 86 68 77 89 18 34 33 27 75 1 21 7 99
9 34 61 75 68 98 71 100 74 30 71 88 38 67 44 32 12 34 50 7 44 85 31 11 67 42 71 78 38 94 15 37 46 88 3 28 91 7 14 93 79 98 2 32 70 63 47 13 99 88 38 24 66 64 50 60 8 61 53 9 93 1 63 87 86 34 50 73 93 82 45 32 46 10 37 56 38 40 94 77
64 64 57 5 3 45 8 14 83 95 95 81 19 83 22 29 85 40 68 47 79 93 36 11 20 89 42 81 92 31 92 69 68 67 20 58 33 87 31 28 22 51 100 3 74 86 47 1 22 93 70 41 36 45 50 79 78 61 99 77 25 22 51 61 26 58 67 65 72 6 41 97 75 55 80 64 44 50 42 7
49 66 41 34 62 15 76 76 5 80 88 69 78 40 15 29 59 6 3 79 83 27 98 25 67 11 32 90 87 64 36 45 73 86 65 89 29 47 91 8 50 59 76 91 74 84 22 2 80 44 74 21 66 99 46 72 75 55 24 84 9 44 77 82 92 57 44 54 89 86 51 72 56 100 3 36 87 98 86 92
45 4 31 95 14 67 46 91 2 60 27 9 36 79 50 96 7 54 46 49 58 20 5 18 34 74 75 30 42 70 20 48 89 97 21 6 97 74 65 45 42 62 17 99 40 66 4 19 13 36 30 3 79 54 35 17 66 81 55 76 7 5 38 68 84 20 20 18 17 88 9 9 96 85 44 16 55 6 2 7
69 47 3 42 59 25 38 25 55 31 68 99 43 20 69 12 56 45 69 15 71 27 52 70 11 5 71 13 43 57 75 56 87 2 33 19 76 70 79 21 75 22 98 70 79 8 64 33 62 8 16 27 57 7 82 43 96 76 56 51 54 60 81 91 11 29 32 3 49 11 63 88 13 2 4 83 62 73 57 68
79 45 87 21 56 40 27 95 21 2 77 75 71 30 92 88 2 48 64 58 15 30 18 44 12 86 20 58 35 16 89 99 41 88 71 2 93 16 11 95 79 83 32 74 69 77 70 84 73 47 82 38 19 45 31 22 16 5 51 32 21 65 72 15 73 2 26 72 7 73 18 99 66 15 8 37 19 5 11 99
4 7 58 28 26 72 18 8 39 51 8 88 77 87 68 27 43 90 56 29 14 60 56 40 21 74 54 80 94 79 44 90 20 61 5 84 1 15 18 75 15 4 98 28 87 1 37 78 90 68 2 41 43 58 25 47 53 42 37 92 90 38 55 62 16 80 55 19 2 43 24 30 32 49 21 32 16 9 99 94
70 2 29 28 67 70 85 95 46 76 17 8 30 13 40 76 3 80 9 26 71 84 14 78 34 27 45 95 46 12 66 1 45 43 88 31 28 87 87 33 50 56 85 5 35 24 26 53 25 41 35 38 77 16 20 67 35 48 52 39 48 3 65 60 37 49 65 98 86 36 58 91 1 47 61 21 92 75 32 96
61 38 7 16 78 81 79 22 100 58 89 21 15 6 97 78 6 26 35 88 31 14 70 23 78 14 69 38 48 29 17 14 58 15 23 79 34 18 48 67 2 45 82 34 73 97 12 4 12 45 59 61 91 10 62 64 67 44 68 30 68 86 83 32 39 16 8 41 90 24 93 40 42 16 73 64 83 69 38 14
70 37 26 76 40 1 70 89 34 75 59 37 90 21 85 33 7 4 36 82 36 96 4 93 39 92 63 7 1 18 23 62 74 96 74 99 33 89 20 7 86 43 80 38 8 84 73 57 32 1 60 86 6 30 37 47 97 30 9 31 3 99 31 80 84 38 35 31 18 43 54 77 47 16 15 28 78 96 33 29
33 6 74 38 15 70 47 56 75 86 8 43 36 5 54 6 24 91 60 64 46 65 53 37 53 72 95 74 85 58 35 53 72 63 80 61 61 83 12 73 83 96 84 27 26 66 80 58 56 32 44 39 4 62 81 64 60 90 21 85 93 77 40 71 23 100 4 15 58 8 3 72 54 43 30 97 50 90 43 67
3 80 53 32 29 55 32 19 37 78 1 63 94 84 42 81 57 63 17 73 59 3 14 5 35 92 94 16 62 57 93 62 70 95 63 13 52 73 57 15 85 93 28 43 2 68 1 9 20 57 3 8 68 59 38 34 4 39 4 40 49 42 75 4 94 5 36 6 80 55 33 43 50 39 68 49 28 50 92 35
2 64 45 48 52 63 16 5 44 8 44 57 11 47 26 62 7 56 54 42 79 13 27 27 23 5 6 32 41 25 31 76 74 74 17 96 67 6 65 1 48 77 67 41 34 26 31 28 29 69 44 86 95 95 17 70 92 77 44 81 46 58 85 63 89 72 33 75 1 28 84 83 65 95 58 1 69 8 83 30
68 86 77 54 72 29 62 7 21 14 83 72 32 91 16 13 19 33 25 83 61 19 24 12 65 79 9 75 53 3 31 65 100 1 22 30 98 27 81 67 89 91 63 18 64 22 90 21 36 53 10 91 22 99 37 23 90 41 28 44 77 39 4 22 24 92 7 65 12 85 34 80 97 60 48 97 59 99 35 65
91 46 42 54 17 32 65 25 51 95 61 63 43 25 48 85 7 51 22 66 24 9 58 35 64 50 4 78 20 23 10 43 16 53 9 10 81 86 60 88 42 12 31 93 60 66 65 37 64 34 51 61 78 3 46 100 20 95 64 26 57 80 4 59 69 11 11 78 68 82 98 47 91 15 25 87 46 8 56 22
2 28 89 90 25 95 35 11 21 92 55 52 1 45 97 31 58 93 53 35 57 16 91 71 1 9 61 14 34 49 65 21 29 54 12 75 84 54 61 11 98 65 86 24 25 18 73 100 69 77 64 72 22 92 11 41 24 54 96 23 37 72 4 65 56 91 48 10 27 55 23 26 15 48 93 42 47 48 99 92
50 81 27 62 99 78 94 24 92 30 77 87 70 61 10 35 35 59 81 22 51 17 59 12 10 19 35 94 46 49 52 97 39 11 38 43 23 68 74 69 86 82 93 26 90 8 5 47 39 47 26 18 10 84 30 83 49 60 14 96 20 52 83 64 21 64 94 37 28 96 74 61 11 91 46 32 84 91 19 23
72 66 41 85 30 39 73 80 90 32 93 53 47 39 14 46 16 26 8 34 42 17 71 40 85 14 39 73 68 6 46 29 51 71 54 32 28 44 41 66 88 86 19 13 59 57 68 67 97 66 27 38 83 88 11 18 8 8 4 96 26 51 68 73 49 100 41 9 35 47 56 58 78 43 50 37 26 56 44 72
