20 80
31 62 70 11 73 58 68 41 51 3 45 35 16 6 55 54 19 36 23 52 72 77 1 22 12 76 47 64 63 20 42 59 13 38 65 37 21 74 34 2 27 79 39 43 18 0 66 17 44 67 32 48 5 14 28 60 57 33 30 75 69 56 49 29 15 7 46 10 24 8 78 4 61 71 25 53 50 26 40 9
43 53 79 20 26 24 36 62 68 77 17 54 44 40 63 76 42 27 11 0 7 5 78 48 23 22 66 50 52 49 61 13 12 10 71 55 4 75 9 56 73 18 69 3 46 67 57 38 39 59 21 35 30 33 19 74 65 6 1 2 47 72 16 29 32 41 28 37 70 51 25 14 64 34 8 60 58 31 45 15
12 51 63 69 38 68 50 66 18 70 59 21 36 62 64 46 32 35 37 65 10 31 29 60 43 76 41 7 14 20 9 22 67 56 1 78 0 49 25 16 13 24 3 53 19 2 74 39 52 11 79 58 61 30 71 44 27 23 26 8 6 5 55 57 54 42 48 33 15 72 34 17 28 45 4 40 77 47 75 73
25 9 45 63 0 67 40 60 27 6 31 51 59 22 35 5 72 13 54 75 26 10 14 48 79 52 38 4 50 68 61 23 3 66 71 77 34 39 1 24 69 70 64 58 30 55 7 57 73 76 65 16 8 19 56 62 49 17 12 42 53 44 47 18 36 46 41 37 78 74 15 29 20 21 2 11 33 32 28 43
14 18 54 47 45 23 46 12 73 17 34 16 33 55 37 78 40 39 69 31 75 77 68 1 79 27 49 61 7 72 32 38 22 70 57 74 71 13 65 42 0 10 35 43 15 62 36 76 28 24 58 56 63 29 6 5 30 41 21 48 4 3 66 11 50 51 20 52 2 8 9 25 60 44 53 64 26 59 19 67
37 48 65 7 67 78 62 77 24 60 47 0 70 64 34 14 74 17 38 15 75 56 52 1 42 10 27 5 41 32 43 36 3 57 50 40 31 76 21 28 61 51 69 55 53 18 11 25 71 33 54 44 4 79 73 23 72 6 9 59 45 46 16 68 29 66 58 12 35 22 49 26 8 63 13 2 30 39 19 20
71 54 28 1 38 53 33 16 46 18 67 79 11 31 68 36 74 15 29 70 73 51 17 26 66 69 19 45 4 0 12 58 13 35 3 6 78 43 30 44 20 27 75 72 56 55 39 65 10 57 64 34 77 9 42 76 37 5 7 21 49 59 52 8 47 32 23 40 63 2 22 41 50 24 25 60 14 62 61 48
43 0 19 61 56 68 67 16 42 66 77 72 3 5 33 55 12 35 71 51 57 8 59 32 9 53 58 15 47 1 45 34 36 22 23 40 38 69 7 4 18 11 62 28 37 70 39 21 64 41 29 50 6 20 13 27 24 75 14 79 30 2 26 48 10 44 31 78 63 25 17 60 74 54 49 52 76 73 46 65
68 19 79 11 64 21 66 46 60 31 6 7 58 70 18 65 78 77 9 30 52 42 32 20 47 76 5 14 63 38 26 1 74 71 73 39 43 45 15 48 59 2 51 57 49 24 56 3 61 33 72 50 41 37 28 67 44 25 53 54 35 4 75 27 69 10 8 12 22 17 29 34 23 0 36 16 40 13 55 62
18 43 14 66 71 8 50 58 63 56 16 15 26 74 65 10 60 38 41 77 75 44 13 42 31 70 6 3 34 61 1 11 5 53 67 17 68 19 49 9 54 47 69 46 39 30 72 4 78 51 45 28 33 76 48 40 62 0 79 52 27 32 22 24 20 36 59 64 73 57 55 23 29 12 35 2 21 7 37 25
31 42 37 13 35 29 65 40 19 67 20 63 1 39 79 10 76 18 74 62 71 22 56 24 38 27 59 49 25 15 48 9 77 70 6 51 21 55 32 68 60 8 75 17 2 52 45 78 57 0 47 3 66 64 30 46 61 50 28 4 72 12 11 54 43 14 36 5 34 44 33 53 69 7 58 23 41 16 73 26
11 75 68 13 15 19 1 79 44 62 41 23 32 14 22 0 72 47 73 18 12 38 57 63 51 59 77 67 4 58 6 61 25 42 29 28 53 66 24 36 21 16 33 10 54 39 3 71 50 60 8 55 69 37 46 74 70 45 40 20 49 7 34 65 43 35 64 17 52 5 2 26 76 9 48 56 31 27 30 78
46 3 9 35 55 28 20 21 0 74 52 47 59 48 26 11 7 2 70 14 31 58 65 24 44 51 66 4 32 10 37 61 23 78 30 54 16 50 13 68 29 60 19 22 36 57 25 33 18 15 8 6 63 5 73 64 43 56 12 17 1 34 69 75 41 53 27 42 67 71 79 77 72 39 49 45 38 62 40 76
28 54 55 49 70 79 27 74 31 29 3 10 42 20 26 37 72 16 24 51 58 9 75 76 8 40 77 53 4 41 34 18 50 1 46 59 2 7 65 33 39 30 19 73 78 60 52 45 64 6 68 69 15 66 67 57 62 22 21 14 48 38 71 12 0 35 61 36 11 56 63 43 44 47 17 13 5 32 25 23
23 66 42 15 68 63 54 7 8 28 30 6 65 24 40 55 9 38 46 76 22 34 18 33 37 26 73 29 69 16 35 48 59 60 56 64 14 31 45 21 32 58 1 39 36 47 78 17 20 53 70 57 74 71 61 43 27 12 52 62 13 4 44 49 72 51 0 25 77 19 67 75 10 5 79 3 2 41 11 50
60 79 15 44 42 1 45 57 11 65 0 10 73 25 20 61 37 41 53 29 49 48 75 68 36 46 9 21 70 12 14 58 5 33 16 78 43 13 27 4 59 2 34 23 26 64 69 62 40 39 71 47 7 8 30 56 24 52 77 63 67 32 38 54 74 50 22 35 17 31 18 6 3 51 66 55 28 76 72 19
20 59 18 16 68 62 54 9 65 25 79 57 23 74 67 26 45 22 24 58 21 63 43 12 73 72 32 2 13 38 42 28 51 47 60 69 6 0 34 41 29 78 75 61 30 56 4 17 66 71 48 44 8 11 36 27 55 39 15 46 52 33 50 64 7 49 35 3 40 14 5 76 53 31 77 1 37 19 70 10
34 71 76 7 67 9 73 23 20 3 55 42 66 22 5 10 63 74 53 14 31 77 32 17 2 11 70 24 46 30 38 52 16 58 29 33 13 78 56 8 41 27 57 35 60 44 15 18 62 61 28 72 26 64 65 36 69 43 68 25 39 49 6 40 79 59 1 45 0 50 4 48 75 54 37 51 21 47 19 12
71 18 53 35 73 0 60 78 37 75 13 62 77 38 5 11 7 10 50 1 34 24 41 66 36 76 58 61 57 19 49 33 4 69 52 40 14 79 63 2 56 8 15 28 67 30 31 26 17 64 74 46 25 32 44 48 16 65 47 21 22 45 27 70 59 23 12 3 20 42 29 9 54 6 43 55 72 68 39 51
50 61 35 70 13 47 52 48 14 6 75 74 37 55 54 34 67 2 79 59 64 12 27 56 18 15 69 33 31 45 10 11 57 26 58 72 32 41 60 42 43 17 51 24 62 9 1 7 39 40 68 77 71 25 65 21 63 19 73 66 22 76 29 46 16 8 20 5 0 3 49 78 38 36 53 28 4 30 44 23
63 11 80 79 95 9 1 21 53 2 7 11 72 25 13 78 93 44 17 41 47 53 89 15 86 91 100 33 29 33 36 67 54 90 10 78 44 83 90 94 69 20 99 56 85 79 38 44 97 31 7 24 70 37 26 27 12 32 2 79 59 36 28 94 20 52 74 23 78 61 43 78 64 39 17 64 96 84 92 5
57 90 62 64 43 16 50 80 93 43 19 53 24 93 82 82 71 39 73 12 38 18 50 94 37 60 96 51 35 66 33 86 55 85 97 57 2 29 33 29 59 51 64 84 31 45 56 11 32 10 12 88 36 35 72 30 60 61 72 51 76 9 44 36 60 43 37 3 7 22 97 99 81 78 97 67 46 99 88 72
100 26 99 26 95 1 44 100 69 97 59 92 97 73 74 97 7 34 94 83 43 13 62 59 26 18 54 44 56 17 88 35 95 61 38 51 52 12 72 37 83 84 94 14 77 84 61 30 67 43 83 13 46 48 36 63 51 46 63 21 5 55 58 59 70 32 22 88 70 22 84 15 50 84 20 93 20 62 47 25
27 46 50 25 88 67 5 20 59 70 81 16 100 41 80 9 40 97 72 4 13 37 97 60 8 47 34 53 81 4 42 23 7 29 3 75 86 87 48 45 32 23 54 73 90 18 12 94 30 80 38 26 58 6 51 60 87 51 85 78 11 95 2 93 75 69 33 11 82 98 37 91 49 57 80 64 55 5 89 46
47 4 71 55 90 38 5 6 36 16 33 5 92 40 94 64 3 83 58 83 26 44 37 41 100 49 36 41 76 95 64 7 12 4 7 88 4 96 83 56 58 6 48 83 11 15 5 83 32 14 76 9 23 13 43 69 91 24 48 37 59 5 48 10 61 18 81 51 53 10 7 51 79 90 5 99 38 91 60 93
91 51 84 100 79 54 54 81 41 63 21 58 25 99 20 12 90 81 8 66 28 28 29 80 57 50 17 67 18 90 71 82 46 92 24 41 36 23 15 88 5 73 9 23 22 28 16 72 65 9 36 26 58 75 50 18 44 73 4 14 70 32 6 72 74 39 100 76 48 67 76 72 87 6 6 95 36 82 28 21
13 99 89 82 68 34 86 22 85 10 37 38 4 79 55 81 93 86 62 18 84 5 7 37 75 62 80 12 81 63 5 33 78 31 16 19 45 18 69 3 58 60 93 33 58 76 34 67 6 1 19 97 28 65 20 92 43 85 20 54 84 95 10 10 89 2 69 17 36 31 95 51 53 70 17 55 34 55 32 92
29 59 14 16 81 86 15 60 88 41 90 64 34 25 99 2 64 73 81 24 54 52 87 18 70 44 17 53 41 28 59 23 6 93 3 34 68 11 95 11 100 21 53 32 59 47 59 81 26 7 5 91 49 40 56 79 22 38 98 97 78 11 63 49 65 49 79 50 86 82 20 16 11 92 55 94 100 81 3 11
46 98 93 23 82 17 85 57 29 85 41 6 57 87 35 48 95 88 42 5 94 70 61 15 94 48 1 45 68 16 96 65 42 52 96 17 90 100 75 32 26 1 73 19 11 73 43 97 1 4 15 12 45 90 65 44 23 76 87 66 87 51 96 94 63 85 88 16 85 3 92 26 56 95 16 77 96 57 13 78
33 64 88 26 58 13 60 56 55 6 48 42 100 32 99 38 57 22 30 56 9 30 25 27 11 60 55 71 87 3 7 64 71 13 90 5 6 17 94 15 37 23 16 65 12 63 64 38 46 100 23 64 13 7 80 18 73 62 91 76 32 1 90 98 54 42 39 5 97 60 86 9 57 14 86 4 9 86 100 59
61 100 12 53 19 31 67 80 58 80 63 24 28 50 28 80 38 49 45 65 99 96 50 85 35 30 98 55 45 86 2 60 45 1 70 92 2 86 16 19 73 49 15 23 90 41 62 2 55 22 21 78 13 78 6 21 17 7 37 78 37 87 11 62 61 72 70 69 32 21 31 91 56 90 85 86 61 93 15 12
19 45 68 96 84 73 4 37 59 52 42 25 26 86 56 88 59 12 16 68 33 69 4 69 50 58 14 10 100 43 84 85 67 59 56 13 93 38 1 12 62 26 87 84 99 82 36 60 37 94 7 11 86 71 39 85 40 29 89 14 88 83 8 58 9 69 73 5 53 5 83 29 33 15 53 76 69 64 65 28
2 7 93 92 18 29 39 92 19 88 94 25 61 16 92 50 35 89 78 94 77 11 87 99 86 97 86 59 47 89 40 27 54 80 58 75 57 100 96 31 65 31 60 71 62 98 41 45 45 74 99 92 7 58 68 62 33 36 42 56 52 67 75 65 14 59 90 72 89 7 17 93 86 1 78 51 52 42 18 80
54 48 16 32 83 29 98 25 55 60 22 76 9 25 50 30 84 27 31 100 40 84 75 23 99 67 51 81 22 51 80 3 83 34 59 95 53 61 69 25 27 77 13 67 82 43 47 21 28 74 19 13 80 77 41 80 41 79 54 44 87 66 67 6 11 96 32 15 94 94 56 12 95 76 40 22 2 67 45 86
74 38 31 18 34 62 82 53 46 19 52 42 35 34 54 61 29 12 63 62 27 19 50 15 6 44 20 95 66 6 28 25 16 9 2 43 40 15 35 65 70 81 22 45 27 9 58 72 53 91 8 12 10 98 95 34 35 71 70 87 93 54 99 74 25 25 70 43 90 100 78 95 78 57 23 9 25 87 52 72
98 99 78 2 42 9 24 83 12 35 65 96 54 42 46 25 5 27 2 91 1 13 22 20 92 28 99 8 85 53 91 44 61 83 94 46 88 42 55 49 23 21 75 77 79 63 72 3 19 39 84 44 34 63 69 16 7 40 92 73 18 48 85 2 46 45 32 26 36 97 92 1 59 44 30 46 98 19 49 83
37 56 68 10 53 91 41 5 9 78 43 29 87 56 18 54 24 76 35 44 43 71 57 85 44 70 67 16 64 28 56 27 50 49 27 70 57 60 35 1 43 8 97 74 25 26 35 89 98 11 66 40 95 24 59 52 63 52 58 61 15 36 78 19 97 17 9 72 12 27 69 52 3 62 56 55 24 74 73 27
63 6 17 41 79 29 62 14 6 99 27 13 99 8 32 12 8 97 99 15 16 6 5 48 63 29 5 23 82 86 77 8 1 26 18 30 5 14 78 98 13 97 67 9 19 40 68 83 92 49 42 84 49 13 36 25 10 13 30 41 81 70 30 97 93 78 44 90 35 73 100 42 15 84 82 46 18 17 85 96
44 23 11 82 10 50 54 16 96 17 73 76 4 6 18 78 19 42 67 72 80 20 9 33 83 45 15 96 82 60 17 66 81 31 38 88 92 74 64 83 67 39 49 26 80 49 1 18 51 42 80 46 62 5 55 40 69 85 64 11 1 98 85 20 17 36 11 80 97 60 66 61 1 15 60 86 91 67 42 96
95 74 39 50 52 29 91 4 41 100 99 96 90 57 54 40 20 28 65 88 74 90 91 22 29 50 90 31 14 84 41 10 62 98 41 75 84 51 81 46 95 35 65 30 26 72 25 73 18 18 4 32 37 32 90 84 83 9 2 70 41 2 71 3 31 71 22 34 75 28 29 60 96 54 20 23 40 1 76 86
