20 80
2 15 8 19 51 36 16 1 42 44 7 24 68 40 0 30 66 32 76 47 59 13 18 38 14 77 10 17 50 69 61 11 37 3 39 31 57 71 25 6 55 75 22 34 26 79 78 65 60 4 28 23 73 9 64 48 27 45 41 70 33 52 49 53 29 43 12 67 74 46 58 62 35 21 72 54 63 20 5 56
29 27 16 70 11 56 58 59 49 8 47 17 31 12 36 69 25 44 23 14 60 64 22 39 43 35 24 32 67 37 72 76 6 65 66 63 26 40 52 20 78 79 7 53 57 15 41 54 77 0 3 42 5 19 18 68 1 34 13 9 75 51 74 33 48 55 71 4 28 46 61 73 62 45 10 50 30 38 2 21
32 4 69 55 78 54 11 66 34 51 48 76 3 16 45 73 28 15 2 57 61 14 63 70 8 77 40 79 39 13 60 0 56 50 37 19 21 5 62 35 53 31 49 52 24 58 1 9 33 26 36 72 65 10 27 38 42 67 20 46 6 71 7 74 41 47 29 59 22 23 43 12 25 30 17 64 18 68 44 75
74 55 60 27 62 14 76 45 20 65 19 44 68 32 21 6 40 77 73 33 54 67 58 7 23 3 22 10 57 63 18 1 42 24 47 48 13 69 70 15 4 75 66 16 28 37 30 11 79 56 12 36 8 9 34 51 72 53 26 50 31 38 59 41 29 43 25 39 2 52 64 0 17 71 61 5 49 35 46 78
20 23 7 37 63 61 53 24 34 10 50 31 45 22 58 18 6 65 46 56 72 77 47 26 43 57 30 33 9 66 0 41 59 54 55 70 60 40 28 12 51 64 8 19 74 11 68 2 62 14 27 73 3 39 21 1 38 29 32 76 75 17 44 4 35 49 69 16 71 13 25 48 15 5 36 52 78 42 67 79
22 60 0 50 14 25 54 70 32 36 76 63 58 64 21 44 77 13 33 29 73 1 6 10 40 31 3 34 4 16 52 27 49 8 67 72 12 23 39 46 75 9 41 53 55 56 69 2 42 74 48 45 37 20 7 68 30 24 59 78 18 28 71 79 11 51 19 57 5 43 26 35 62 61 38 15 65 17 66 47
20 16 33 3 67 31 44 47 29 52 60 46 17 26 77 69 55 73 76 40 36 48 37 18 15 79 2 49 21 43 57 1 13 39 66 75 45 19 35 32 70 50 6 58 59 42 23 51 4 78 68 22 25 7 61 11 71 27 62 34 54 9 65 12 74 5 10 41 24 63 28 14 38 72 64 56 0 30 8 53
19 61 60 33 71 46 32 2 64 43 24 45 5 79 0 14 28 54 76 21 68 72 39 41 17 30 65 59 66 36 77 1 57 12 16 56 23 58 18 75 20 34 27 55 62 3 15 67 11 50 53 69 25 48 49 13 10 6 37 73 38 22 31 7 78 44 8 42 40 9 29 51 74 63 26 70 47 4 52 35
73 18 8 47 78 24 67 38 16 1 72 34 13 26 57 46 50 23 45 36 74 65 2 66 75 22 20 49 27 11 79 25 39 77 42 3 64 7 60 35 40 53 63 71 5 61 55 62 69 32 48 43 0 76 37 10 17 30 12 14 31 6 70 56 19 59 4 52 28 41 58 54 15 29 21 9 44 68 33 51
37 77 30 67 21 73 68 58 63 72 36 70 22 55 47 59 27 46 17 25 66 43 9 50 24 69 41 57 18 76 23 39 13 56 54 74 4 6 78 32 3 19 34 44 61 71 38 7 65 26 20 49 5 8 62 79 10 60 33 12 42 15 28 64 29 16 45 48 1 52 31 14 75 11 2 51 0 40 35 53
26 58 59 31 20 63 64 45 77 1 14 50 23 15 73 48 28 19 57 10 3 27 0 8 56 75 2 7 18 13 4 35 78 11 54 60 42 53 21 67 65 79 49 37 25 36 72 5 55 52 41 51 30 17 76 47 43 34 24 44 40 66 32 22 62 29 74 70 46 16 33 61 69 38 39 9 68 6 71 12
70 21 22 52 45 11 18 77 28 71 76 47 33 38 48 60 13 78 72 63 12 58 61 53 68 25 31 57 39 27 1 62 15 2 9 51 75 43 74 41 66 54 29 30 24 3 20 79 36 19 55 16 59 35 32 49 6 37 50 0 7 56 64 26 42 8 65 17 14 34 5 69 23 10 67 46 73 4 40 44
31 21 20 27 62 52 34 61 54 35 29 11 77 45 15 32 64 46 65 19 63 25 28 72 38 6 13 40 59 0 79 68 2 12 16 43 58 36 51 33 3 71 74 75 23 60 4 18 7 78 14 5 9 41 26 57 50 53 8 1 69 49 17 22 48 37 67 30 10 56 24 55 70 42 76 39 73 47 66 44
36 67 77 73 13 6 31 70 52 63 45 14 64 2 59 24 23 44 39 68 50 57 15 65 78 55 69 40 3 38 61 74 26 54 47 71 66 75 22 53 42 11 12 32 20 60 48 16 41 19 9 43 5 62 51 37 0 21 10 4 56 58 27 7 35 29 33 1 25 17 28 79 30 46 18 49 72 34 76 8
38 70 41 2 8 10 44 61 33 47 11 77 64 14 43 58 30 49 73 29 78 15 60 57 53 42 39 22 72 69 16 7 50 17 3 24 0 76 67 31 68 13 26 37 52 36 5 63 56 19 21 59 74 9 35 79 55 65 12 1 51 45 27 28 34 23 32 62 25 71 6 66 40 4 75 48 18 54 46 20
64 30 39 37 0 1 55 77 72 58 28 66 69 6 62 70 42 73 40 46 7 23 47 68 8 43 41 5 49 31 21 53 79 33 15 71 56 36 3 17 13 25 16 57 32 51 44 22 20 14 12 34 76 52 26 4 74 11 65 38 67 63 45 75 29 9 10 54 61 27 35 24 59 18 2 48 19 50 78 60
42 0 4 40 28 44 5 22 59 60 64 47 56 6 27 77 35 69 58 38 31 55 15 53 52 78 57 54 2 7 18 43 14 13 1 9 62 75 10 11 26 76 39 51 61 74 66 16 50 41 36 68 70 30 63 72 29 65 79 49 17 48 71 73 3 67 37 12 20 33 45 46 23 34 8 21 24 32 25 19
18 38 12 36 78 1 39 74 62 23 44 50 53 4 49 30 68 61 6 3 21 45 70 33 5 65 8 73 75 19 13 32 41 28 52 60 76 59 77 54 72 22 43 67 20 25 2 24 9 17 64 47 0 27 69 15 63 35 79 48 58 37 56 55 29 26 51 40 34 11 16 10 57 66 42 14 46 71 7 31
76 61 29 49 56 45 1 63 10 36 12 28 64 14 51 78 43 71 22 55 52 40 39 25 26 50 47 16 66 54 8 58 9 65 73 75 5 72 48 60 35 34 17 32 42 59 70 31 44 62 6 18 7 23 20 53 27 0 33 4 3 74 37 68 2 21 30 13 67 19 46 15 24 77 79 41 38 11 57 69
1 36 3 39 33 37 38 53 73 62 72 66 69 30 8 6 64 21 25 10 46 16 31 4 51 59 43 58 55 35 29 41 78 44 57 76 27 22 2 65 60 5 24 19 77 45 28 18 70 79 74 68 71 54 42 52 20 9 15 75 56 32 47 12 17 34 11 26 67 48 23 14 0 50 40 13 49 63 7 61
92 68 13 64 68 75 13 47 20 98 61 19 1 7 53 18 44 82 16 95 72 29 6 84 35 27 100 91 34 9 98 34 40 11 2 4 55 88 77 29 19 42 24 90 97 22 32 3 47 75 34 91 82 67 31 46 66 2 20 85 40 33 93 90 23 21 64 79 96 34 24 92 70 35 41 24 39 50 15 49
52 28 29 25 97 46 50 22 73 62 6 93 18 93 15 30 81 7 89 75 18 8 97 43 46 52 93 90 61 82 38 71 88 32 57 77 17 43 74 84 56 44 63 86 13 36 61 46 89 12 79 91 11 98 78 88 2 84 94 70 88 82 92 58 4 95 52 29 66 48 99 29 29 67 75 10 71 11 35 7
18 75 91 41 91 74 52 50 9 96 74 57 90 74 2 49 45 61 81 60 24 94 96 50 3 55 97 39 41 41 90 37 58 94 57 29 34 77 49 73 51 54 20 65 25 99 97 60 1 81 98 91 31 74 82 66 2 39 15 98 10 13 2 95 47 15 48 71 89 5 29 35 52 96 18 15 19 94 66 74
91 45 86 55 99 56 76 22 77 31 26 7 86 20 41 73 82 26 80 21 13 74 34 5 55 8 95 51 70 3 94 28 75 32 23 92 36 84 23 29 64 12 42 49 80 32 72 69 39 52 68 62 69 48 96 80 99 23 99 47 8 95 72 4 66 90 42 73 1 94 16 99 73 72 36 95 50 15 54 61
36 38 65 75 33 97 73 99 49 13 10 14 76 85 45 90 71 8 26 35 47 10 31 71 54 94 39 47 93 63 93 7 28 90 71 55 38 87 26 57 25 97 87 95 17 11 59 22 38 91 26 100 23 30 63 3 35 85 9 70 22 84 73 36 21 36 79 98 35 91 81 62 66 42 22 70 55 27 4 95
26 42 14 35 37 34 61 19 90 83 10 87 44 20 16 8 37 93 61 61 64 78 37 8 43 39 5 31 41 64 53 14 52 29 1 4 44 63 44 86 92 56 51 68 28 7 91 38 85 9 49 77 19 33 13 89 36 88 11 97 93 38 52 77 10 15 68 6 46 89 92 47 28 95 27 18 83 71 37 68
57 26 34 63 12 21 26 50 99 91 86 7 79 23 94 24 91 21 37 40 25 16 23 44 12 24 21 80 29 49 35 39 76 35 1 48 70 38 40 97 56 46 42 36 63 60 86 73 64 36 75 65 30 36 62 71 68 43 25 66 15 37 91 77 60 64 82 33 100 55 67 17 25 28 47 72 38 81 90 50
1 67 52 64 81 93 3 30 64 96 28 45 19 76 42 36 80 42 7 42 79 76 83 55 78 58 76 13 6 59 75 24 40 32 32 33 74 6 66 43 14 79 77 2 98 41 6 25 8 14 70 17 77 4 71 41 86 25 7 27 49 80 22 28 16 37 93 12 14 13 80 42 1 84 49 41 16 54 3 92
75 76 29 55 43 19 1 80 69 87 36 75 37 100 87 61 77 45 44 87 48 35 14 69 40 88 86 51 81 11 44 74 82 100 10 98 70 35 20 50 19 29 60 55 24 68 30 34 69 55 3 6 86 64 47 91 44 79 78 85 100 70 42 18 66 65 4 74 40 36 61 65 51 23 92 2 59 4 97 10
81 97 75 93 15 42 35 93 65 46 75 40 81 61 63 85 5 11 74 53 95 3 50 67 53 86 54 85 86 100 71 52 72 71 52 1 51 70 11 78 31 96 20 85 48 8 96 72 45 35 78 54 74 100 4 74 54 78 100 97 83 100 39 4 87 55 29 13 51 77 45 96 5 42 34 30 7 49 69 16
2 81 55 26 48 11 57 8 9 76 15 34 65 44 14 93 97 1 59 87 3 19 86 42 94 53 82 79 79 58 97 62 71 46 61 17 67 72 20 26 10 91 46 85 35 54 96 78 20 68 42 86 39 74 19 39 15 30 89 11 90 63 90 67 27 96 44 20 99 27 15 21 45 26 65 43 18 1 46 79
88 61 83 94 36 3 65 47 91 71 90 2 11 57 76 49 48 66 30 24 43 50 79 47 20 99 100 85 95 1 66 68 21 54 95 14 82 1 11 79 1 97 69 88 2 58 21 19 98 42 47 55 39 30 13 40 25 83 64 64 49 59 27 53 2 94 73 72 91 84 12 51 99 44 61 74 92 29 53 48
96 32 68 62 7 77 71 17 30 8 97 96 41 30 32 3 22 52 28 19 39 68 98 3 46 39 47 16 17 51 10 28 46 33 85 67 97 42 79 22 87 87 64 58 45 54 29 15 52 57 34 5 72 88 75 48 71 40 8 67 13 19 75 62 66 56 56 49 30 1 86 86 86 98 46 76 43 66 88 73
46 56 16 72 96 64 19 17 94 47 93 76 61 16 55 96 29 90 12 68 93 32 6 6 8 26 55 82 46 23 99 76 62 22 57 72 28 21 66 87 78 34 86 24 20 21 34 76 36 66 61 15 51 55 41 91 58 61 23 50 32 13 71 35 53 60 52 81 11 3 56 9 30 21 83 98 50 86 6 24
47 99 22 60 85 72 12 13 85 98 59 63 75 75 19 74 46 38 17 72 72 80 21 26 98 72 29 69 96 3 61 92 72 34 33 69 89 62 79 86 15 34 22 98 63 68 16 10 47 6 70 36 8 49 93 91 9 7 82 54 57 3 69 53 71 63 89 1 87 91 38 74 7 79 90 1 17 86 41 41
65 91 71 44 70 22 39 90 26 65 21 64 53 85 66 15 100 37 38 26 87 58 97 27 16 15 5 45 32 82 22 46 2 90 59 27 67 22 78 89 73 87 38 32 82 88 85 99 58 87 82 61 84 100 8 28 25 49 73 37 1 69 78 30 33 98 65 93 7 97 31 24 46 70 18 86 29 72 17 19
68 12 88 58 90 23 43 3 42 7 31 4 98 84 29 38 14 92 13 21 15 91 44 60 42 5 61 2 44 85 66 46 19 88 13 24 97 10 69 39 80 96 71 29 58 40 63 65 48 24 3 57 28 10 67 38 77 4 97 92 69 71 49 97 42 37 47 38 61 82 4 73 47 91 87 17 43 35 87 21
26 62 55 62 93 23 15 78 59 7 94 39 59 91 32 19 35 10 22 48 1 30 55 13 33 12 63 56 95 53 18 33 80 17 33 39 48 23 91 86 50 75 80 67 95 52 84 77 66 48 38 45 80 23 4 8 38 33 11 10 64 80 24 3 69 44 40 86 18 7 33 50 15 43 24 19 42 37 28 100
30 78 2 69 30 47 83 76 13 71 93 43 93 66 87 30 82 85 4 52 33 99 55 16 57 84 93 56 28 36 22 6 35 22 53 20 69 23 52 81 100 12 64 76 30 47 94 41 41 73 73 100 74 34 57 4 26 22 60 98 35 73 30 92 57 75 23 72 58 80 5 28 39 72 70 88 18 9 44 28
34 46 16 53 64 22 10 56 4 16 7 16 13 43 83 70 71 39 27 64 21 59 83 41 51 50 54 46 75 85 99 11 17 2 36 45 64 6 69 4 61 4 93 39 9 38 93 17 53 44 99 31 18 25 54 63 54 31 84 2 37 5 20 30 39 98 57 40 52 84 85 29 48 91 52 74 63 35 1 56
