20 80
13 17 2 3 75 9 65 35 27 22 12 57 59 56 16 78 44 10 43 25 37 53 24 29 1 4 19 54 76 49 14 63 33 73 62 67 55 32 41 11 20 47 64 71 72 45 74 70 34 31 66 18 28 61 79 26 21 36 0 42 30 38 6 39 5 58 46 69 52 51 50 7 15 40 8 77 48 60 68 23
5 25 60 48 40 41 53 29 58 28 6 37 4 33 34 77 3 76 68 50 59 16 20 39 35 61 67 49 1 11 43 13 70 27 21 2 78 0 74 38 15 23 79 51 7 62 65 46 9 45 66 24 32 56 44 12 14 19 73 55 8 47 72 17 57 64 10 22 71 69 36 31 54 75 42 18 26 52 63 30
48 55 45 19 75 62 39 5 58 61 63 59 28 24 2 46 47 33 20 3 53 76 13 71 77 1 27 0 51 11 40 14 57 38 72 10 78 66 64 4 74 49 25 34 73 52 16 23 67 60 37 68 18 70 54 65 32 41 6 31 8 35 44 21 79 15 42 9 17 36 50 43 69 12 29 26 56 7 22 30
36 78 79 2 45 27 14 19 30 37 63 66 22 34 58 62 7 48 5 21 20 16 38 56 49 28 76 72 33 35 24 65 47 70 59 32 11 12 29 25 10 44 43 8 60 40 0 73 17 42 46 6 52 61 1 4 26 3 67 77 9 13 69 50 18 15 23 39 55 31 53 68 64 51 41 74 71 54 75 57
35 23 49 29 52 57 20 3 28 45 59 47 40 15 25 10 63 62 30 74 33 65 7 66 9 67 12 42 43 16 41 32 1 69 48 44 70 6 24 5 26 4 27 73 53 37 51 34 76 14 31 18 72 36 39 61 0 19 13 78 71 50 64 11 8 21 22 46 2 55 75 38 58 60 54 17 56 79 77 68
64 54 0 34 41 38 30 53 11 15 61 18 19 4 70 14 45 40 33 22 5 36 17 57 23 55 44 43 25 56 79 67 9 32 49 59 6 69 12 37 66 72 52 76 20 48 71 24 60 51 35 10 65 13 2 26 28 21 73 3 50 47 7 78 74 77 1 63 62 75 46 8 16 58 27 39 42 68 31 29
36 41 11 45 8 66 47 72 23 60 55 39 49 50 75 3 6 29 54 14 62 63 64 77 2 4 7 22 46 27 51 25 5 61 12 21 71 79 74 53 65 35 42 34 57 44 30 9 19 68 76 78 43 59 1 0 52 10 24 16 32 20 58 15 67 26 28 40 37 70 31 13 17 48 56 73 38 18 69 33
53 3 1 44 41 9 27 47 19 61 46 37 60 18 71 33 79 14 26 0 77 2 13 24 62 64 57 32 48 34 22 16 29 40 8 68 23 54 15 67 36 69 17 35 12 31 73 45 74 63 43 66 49 72 28 25 30 5 59 39 50 52 38 20 6 4 76 78 55 58 7 75 21 56 42 51 65 70 10 11
45 63 2 64 78 13 35 27 71 6 20 75 48 62 44 34 29 43 41 50 61 54 9 21 59 53 10 60 51 57 1 30 73 31 14 33 49 69 18 23 47 36 72 55 12 4 22 39 28 16 25 38 74 15 11 0 46 52 56 76 26 68 19 70 8 66 17 24 77 37 7 58 79 67 3 65 40 5 42 32
77 31 58 51 28 29 0 70 35 34 67 3 64 76 14 41 69 74 45 11 42 1 66 23 4 2 33 8 36 55 21 61 79 40 49 56 62 54 68 7 73 19 46 57 30 44 47 18 5 6 43 9 10 71 15 38 60 39 59 75 25 24 50 63 72 17 16 12 32 13 52 27 26 37 53 48 78 22 65 20
58 15 75 51 52 26 27 8 67 62 14 10 28 17 72 19 18 3 61 68 48 9 30 37 20 44 49 55 6 16 41 71 73 43 23 11 53 22 77 59 47 56 39 31 36 21 2 69 63 38 29 74 66 60 1 79 5 4 65 76 46 25 34 12 78 0 42 50 57 32 45 24 7 35 54 64 13 40 70 33
43 69 52 15 6 47 42 40 3 62 19 36 65 66 70 72 59 26 75 50 57 25 46 74 35 49 61 76 12 5 71 60 31 58 79 53 67 55 30 10 68 22 17 0 37 18 24 28 27 13 7 14 78 8 4 54 9 1 39 33 38 63 32 45 29 41 56 44 20 73 77 21 48 2 34 11 51 16 64 23
35 31 28 36 3 48 63 69 71 68 9 32 72 43 7 45 33 6 26 54 25 47 19 62 22 67 11 59 64 44 15 73 41 56 34 5 21 1 27 79 66 52 13 23 30 70 38 53 8 57 12 17 24 60 55 78 49 18 42 20 40 37 14 2 16 65 51 61 29 77 75 10 76 4 50 74 46 39 58 0
76 56 11 1 77 55 34 52 7 38 36 3 75 6 23 45 79 66 26 51 4 61 21 67 54 47 59 43 19 78 39 49 46 31 53 74 5 24 48 62 32 73 41 40 70 57 68 42 35 13 20 10 15 2 71 25 29 9 58 28 69 18 44 16 17 33 64 50 27 22 12 8 72 63 30 60 0 37 65 14
18 43 30 33 2 61 41 76 65 10 79 15 72 59 1 31 19 50 9 28 48 25 55 42 73 22 27 78 71 77 26 12 11 3 6 13 5 56 14 75 69 51 63 58 74 21 4 0 17 16 37 40 7 39 53 45 64 62 54 57 60 44 35 46 23 68 52 34 24 8 36 38 47 67 20 32 29 49 70 66
29 45 1 15 70 78 65 77 49 14 10 60 75 8 79 57 31 34 13 69 5 74 0 41 44 54 40 25 7 47 24 67 26 73 58 33 6 71 16 68 20 64 32 4 38 37 39 27 51 18 3 9 53 21 2 11 30 72 66 63 76 48 42 23 61 46 52 35 56 43 17 22 12 55 62 36 19 59 50 28
13 68 35 31 14 49 60 8 5 76 79 73 65 50 1 75 56 52 11 51 63 40 70 4 43 9 22 66 20 62 3 46 10 26 32 27 55 36 0 37 59 12 18 54 53 16 28 67 58 21 47 48 29 19 15 74 77 78 25 64 61 17 30 57 72 24 45 34 39 6 42 2 69 44 71 7 33 38 23 41
25 40 45 30 68 75 76 1 31 73 70 54 51 63 59 16 34 64 66 43 18 32 72 42 44 37 61 39 17 26 9 24 19 12 67 2 3 23 14 69 28 11 77 7 0 33 65 10 50 49 13 62 22 57 6 60 21 52 36 79 74 56 58 27 29 78 4 35 20 15 8 38 5 53 55 41 46 71 47 48
30 69 65 26 19 42 74 38 2 51 12 13 22 4 72 73 67 79 58 62 0 47 24 6 75 48 3 9 7 25 70 45 77 57 18 29 76 28 39 37 33 56 8 43 14 35 53 63 41 31 27 21 20 59 52 64 60 54 1 50 34 15 40 68 71 49 46 44 36 5 61 16 66 32 11 55 17 23 10 78
50 58 72 45 17 11 51 37 55 4 60 78 54 30 44 5 3 32 77 25 28 1 12 38 64 75 68 69 56 36 7 57 14 9 71 18 70 2 0 52 74 22 24 53 66 40 31 43 41 13 23 62 76 34 48 39 65 8 42 33 67 79 26 6 21 20 46 10 19 29 15 47 59 73 16 35 61 63 27 49
55 99 73 38 84 52 29 81 56 56 3 41 54 75 87 81 23 67 42 95 62 83 58 45 73 75 77 98 99 58 90 80 17 99 46 91 80 16 12 82 98 86 66 23 74 4 94 74 96 42 21 74 15 52 29 7 15 80 39 26 28 46 12 73 30 85 91 52 18 79 65 7 10 97 38 35 21 84 8 36
18 20 53 32 33 86 52 29 23 22 2 23 81 80 27 11 26 68 31 37 38 2 47 35 81 70 11 65 35 69 17 9 15 11 9 9 30 75 86 80 61 70 54 1 99 62 64 39 74 28 45 6 19 85 96 95 57 8 93 19 26 10 89 75 11 96 3 51 17 31 66 16 6 12 35 3 59 64 30 31
51 55 68 47 96 61 40 36 82 91 57 22 100 62 74 93 48 59 16 82 99 36 53 72 89 54 23 21 82 32 88 36 92 59 83 60 17 64 79 19 65 90 8 16 49 82 72 77 96 3 24 9 34 73 91 67 13 46 37 40 11 54 78 58 18 90 20 5 29 7 61 97 76 95 81 73 91 21 28 68
17 4 26 2 16 15 96 80 26 76 13 71 95 90 24 42 3 2 100 16 66 64 41 92 98 13 10 78 41 1 51 42 43 67 11 7 69 78 30 3 39 95 27 86 32 45 82 2 70 64 52 88 56 82 8 64 94 56 24 9 37 25 25 17 42 97 9 77 27 57 50 79 5 53 13 43 4 8 62 5
42 11 78 78 39 94 65 2 1 55 61 89 32 96 56 23 79 99 30 92 28 14 46 87 6 15 52 38 37 14 43 16 71 66 42 59 78 19 37 40 34 86 31 51 13 67 72 2 42 100 49 18 31 37 72 81 58 67 73 53 86 10 74 27 36 25 43 26 97 28 85 1 21 55 46 83 49 47 19 7
29 100 86 93 35 17 96 87 84 99 12 34 34 86 79 18 85 42 55 33 99 65 23 29 86 71 20 60 60 38 2 41 61 1 81 69 28 38 41 5 3 16 73 8 85 89 97 26 33 27 94 33 34 44 96 14 49 20 57 39 55 59 76 95 79 46 37 84 56 74 99 37 1 61 41 75 12 94 97 66
90 53 1 2 10 47 12 69 85 76 68 22 10 39 60 27 81 59 78 92 8 33 13 46 72 70 71 3 77 54 21 37 48 90 92 30 39 51 78 77 59 30 27 46 43 76 89 47 20 87 78 98 2 61 44 95 18 57 21 63 57 50 45 62 64 94 93 65 42 87 55 17 31 9 62 18 94 15 93 16
91 98 93 26 26 47 85 49 13 44 19 21 90 69 25 33 36 12 6 50 68 18 66 45 13 33 33 91 23 7 64 30 14 53 41 16 53 23 95 43 44 11 20 63 22 65 38 3 71 3 30 97 91 83 88 97 86 31 20 29 95 23 36 42 39 13 84 85 76 9 30 3 16 28 69 70 75 100 13 95
5 32 4 72 4 14 77 50 12 8 67 94 14 51 67 35 12 79 21 56 57 47 54 49 4 84 22 7 28 22 84 16 72 65 4 4 11 68 78 78 27 35 52 92 19 61 13 58 67 56 37 59 16 66 68 59 4 68 95 38 47 73 36 59 15 52 44 57 23 82 40 13 69 85 46 38 38 79 100 61
8 23 74 92 11 85 88 67 56 99 82 7 97 52 33 34 34 10 84 97 39 43 59 47 50 3 64 89 62 19 80 73 9 98 43 95 22 94 46 71 82 16 91 63 59 43 95 97 97 92 68 94 9 87 64 80 8 48 43 67 10 99 2 58 24 63 63 72 93 17 12 45 97 78 85 74 57 8 82 29
16 30 58 54 54 64 90 54 75 27 79 50 13 72 81 3 70 91 6 96 86 30 73 35 39 90 15 75 8 23 4 33 31 44 95 31 73 33 11 89 26 42 51 61 6 12 24 64 13 35 5 45 51 74 96 14 33 6 18 97 45 66 24 91 26 58 7 15 53 58 86 32 11 25 38 59 92 5 29 18
20 96 88 3 98 73 36 26 49 78 13 32 28 57 78 75 67 37 23 40 91 2 82 27 65 7 62 8 25 9 85 90 26 40 38 55 17 89 15 13 51 7 1 41 48 58 38 10 4 70 20 44 77 99 37 27 31 44 78 4 30 29 32 42 31 50 90 63 31 72 71 5 1 61 38 78 46 66 31 4
67 17 65 12 89 96 42 69 68 87 80 85 12 16 5 37 3 22 96 93 24 15 28 74 31 21 83 5 5 14 32 69 43 60 75 33 44 59 26 28 29 11 59 15 75 86 32 82 99 67 57 33 59 10 48 98 41 9 8 16 89 22 45 66 78 51 65 76 91 16 78 11 24 32 32 95 32 65 43 5
24 85 7 45 78 73 62 32 52 8 32 34 56 23 36 38 58 51 43 86 16 39 23 47 36 98 64 51 88 64 57 18 47 50 88 39 19 95 58 79 69 61 17 24 46 6 50 22 96 28 58 91 63 42 50 10 76 13 87 43 54 28 74 39 24 90 56 70 90 5 86 53 81 24 83 13 53 34 63 69
78 4 17 70 31 46 85 96 19 71 72 91 62 64 97 5 49 19 100 28 70 11 77 15 13 36 7 7 13 62 58 40 35 14 6 88 100 76 20 64 96 59 89 10 17 20 22 39 21 87 2 14 54 85 14 25 49 53 1 37 83 74 47 60 95 6 73 25 27 88 28 6 16 12 77 51 67 73 98 52
62 27 99 50 66 51 55 19 21 23 89 21 91 3 71 28 60 66 62 23 50 75 81 41 33 33 35 95 83 37 21 51 98 90 24 38 7 31 49 74 87 27 55 50 20 51 9 30 48 80 90 88 98 75 83 93 24 77 41 98 14 49 7 74 57 5 86 22 36 87 31 96 62 21 57 17 87 78 28 31
37 65 64 28 55 57 28 10 38 53 19 44 76 33 57 2 69 83 93 36 34 51 38 8 61 45 7 31 42 61 92 46 46 21 41 24 65 15 66 39 93 13 59 37 92 98 30 65 92 24 57 96 98 97 62 86 11 72 91 43 69 3 19 71 50 32 81 28 49 9 6 26 14 15 16 2 69 26 68 45
3 69 42 25 19 17 11 100 81 70 76 97 6 69 90 4 26 34 80 73 39 77 25 69 53 98 41 26 20 42 80 88 51 8 12 41 24 28 10 48 1 48 60 21 2 3 49 75 9 87 3 41 43 97 38 66 58 91 45 19 31 70 58 53 11 22 20 16 98 49 62 55 43 81 40 72 1 36 80 22
94 87 47 20 77 7 26 64 55 55 84 74 87 52 33 48 92 93 23 39 97 2 85 85 73 1 17 68 17 86 36 63 24 6 11 79 17 94 54 46 83 75 78 51 82 73 43 27 93 99 64 77 27 53 60 27 22 85 81 76 35 35 99 24 50 27 18 73 89 13 97 7 93 40 65 9 97 38 89 13
91 85 87 1 82 58 79 87 59 15 17 14 35 72 30 73 79 15 25 31 2 92 83 78 36 14 35 49 64 78 93 27 33 24 66 21 89 30 96 62 32 63 12 71 83 42 73 68 95 17 38 53 70 93 51 67 91 61 1 18 38 9 64 43 97 52 56 51 99 49 95 11 59 70 29 90 84 64 80 10
