20 80
77 60 58 57 10 64 35 48 37 34 24 22 30 44 71 70 68 4 13 6 65 75 29 76 8 51 74 15 40 28 33 54 39 2 18 47 52 5 62 7 45 32 20 16 55 50 63 36 17 56 21 53 1 67 9 41 78 3 42 23 26 14 43 66 46 27 72 19 25 38 61 79 69 0 49 31 73 12 59 11
10 4 3 65 28 40 5 26 75 72 62 33 21 73 69 38 35 20 16 9 78 11 68 12 19 64 45 76 29 74 2 24 57 47 55 54 8 6 39 67 79 48 31 17 37 13 34 44 14 41 46 51 36 30 42 32 61 1 22 58 23 56 66 52 50 25 71 70 53 27 15 77 43 49 7 63 0 18 59 60
28 34 9 50 49 61 67 47 75 39 1 31 7 23 13 51 11 17 58 40 33 19 27 59 21 4 15 55 72 48 29 46 45 38 43 26 6 44 52 57 53 54 42 5 74 71 62 18 12 66 36 41 79 37 73 60 25 3 0 8 10 68 30 20 78 64 14 24 65 56 22 77 63 2 76 32 70 35 16 69
68 15 32 62 40 77 45 22 30 74 5 70 25 7 63 66 4 67 3 11 16 29 18 78 58 46 35 72 73 47 44 38 9 12 26 61 21 79 52 1 76 49 24 13 51 8 53 43 55 42 34 0 56 71 27 28 41 23 20 39 57 65 33 31 75 37 48 17 60 2 10 54 6 14 59 64 69 19 36 50
59 19 14 8 55 75 36 2 0 25 9 12 66 69 18 63 52 65 60 54 77 48 62 5 31 56 11 42 21 72 37 44 26 16 46 28 53 17 64 51 74 27 68 35 33 24 22 7 38 34 40 20 78 67 39 73 3 13 23 58 4 76 70 50 61 29 43 10 45 79 41 57 30 71 15 1 32 47 49 6
13 61 50 79 64 68 43 10 65 15 14 2 18 34 74 23 4 35 46 52 26 11 9 75 37 48 1 36 78 40 17 66 60 59 25 0 57 69 8 30 24 7 70 27 3 49 12 39 44 21 67 38 45 63 47 58 28 22 33 56 32 71 41 51 31 19 62 20 55 76 73 77 6 29 72 54 53 16 5 42
8 49 5 74 75 36 2 53 4 28 24 25 40 50 26 31 21 9 51 44 77 63 0 13 29 62 42 71 38 59 70 69 10 15 37 60 56 48 11 12 19 30 76 41 3 45 7 61 57 73 78 52 46 23 55 79 39 17 65 68 47 27 64 67 1 35 33 32 54 14 18 34 20 16 43 66 72 6 22 58
20 40 57 15 8 71 41 51 34 67 54 63 64 75 65 48 53 42 1 35 49 59 44 68 28 21 36 74 13 78 43 19 77 38 17 23 31 46 18 22 14 26 39 72 76 12 55 3 66 58 62 60 11 5 45 73 9 2 61 56 7 27 6 50 10 52 4 29 70 37 30 79 69 24 33 0 32 47 25 16
56 14 18 22 0 11 13 44 3 42 76 31 23 45 4 64 17 40 30 27 37 1 66 65 69 9 12 25 48 57 60 62 21 77 59 51 63 7 41 50 46 8 28 73 68 55 16 79 74 71 19 15 52 6 75 58 33 35 78 54 20 36 26 32 67 49 10 47 29 43 24 39 2 5 38 72 61 70 34 53
46 44 54 52 25 57 60 40 2 28 19 58 12 61 38 53 29 3 31 13 41 34 35 39 48 6 64 68 7 42 27 74 30 78 0 51 79 9 20 73 72 14 56 4 16 5 32 18 17 11 24 10 33 36 47 76 70 63 37 49 69 26 23 65 59 77 55 71 1 21 8 75 22 62 43 66 67 45 15 50
15 20 44 62 35 5 52 60 41 33 51 11 21 19 3 79 65 61 70 18 42 72 26 32 76 25 58 53 55 56 36 9 24 39 4 57 17 0 48 73 12 6 38 7 13 69 63 49 27 78 1 37 45 16 23 29 31 54 40 74 64 67 28 75 46 30 43 34 59 50 2 22 10 71 14 66 77 68 8 47
13 43 51 8 32 65 28 20 73 64 33 6 12 53 24 58 38 14 48 60 25 42 74 35 62 67 49 16 11 4 57 40 61 72 30 41 5 39 10 18 59 3 70 45 36 78 7 75 22 27 79 23 0 34 77 66 15 29 63 56 19 37 44 68 76 52 31 47 71 26 2 55 46 69 17 50 1 21 54 9
58 78 53 24 48 77 7 16 79 13 21 30 55 6 2 75 46 63 10 14 9 37 22 54 59 51 70 23 40 3 47 4 15 12 73 19 67 5 31 61 20 29 27 69 25 33 76 65 26 60 35 45 64 17 74 66 28 0 71 8 44 50 56 57 72 49 52 18 32 36 34 11 41 39 43 38 42 1 68 62
3 79 24 69 50 19 26 53 40 31 13 49 7 48 12 46 65 64 36 61 63 55 52 35 23 44 38 42 28 9 77 56 14 72 57 58 25 20 74 45 2 15 67 73 76 30 6 71 21 51 0 37 39 75 27 4 1 11 5 29 34 18 17 16 8 66 78 68 41 43 22 70 10 54 59 62 32 33 47 60
11 23 65 4 20 36 70 44 13 58 2 48 43 64 66 54 47 55 8 74 24 39 7 60 37 30 35 33 29 17 26 19 28 38 71 6 5 76 15 41 73 57 63 53 12 27 31 21 32 69 49 10 78 25 61 46 62 75 79 68 67 56 14 18 42 9 51 40 52 72 0 45 34 22 1 77 59 3 16 50
61 59 36 35 6 11 38 48 41 9 33 71 47 51 19 60 8 3 46 68 50 64 49 69 66 44 28 4 30 34 43 12 57 1 20 54 2 40 63 65 72 76 70 55 21 0 22 25 29 39 77 23 52 62 74 7 31 13 10 32 15 16 75 18 5 53 67 24 14 26 78 58 45 79 17 37 42 27 73 56
45 57 55 7 0 71 36 52 9 40 60 64 61 44 29 22 10 34 76 27 77 63 12 54 49 13 41 32 11 51 67 35 46 78 3 23 59 17 16 72 1 48 47 21 70 25 73 2 28 65 37 79 6 62 66 15 19 14 43 24 53 68 74 56 26 8 20 75 58 5 42 39 31 4 50 38 30 18 33 69
44 69 59 73 52 20 14 45 4 12 63 34 35 37 55 24 43 66 40 19 46 26 68 9 76 0 13 22 70 75 3 31 50 7 39 74 48 51 16 58 62 18 11 33 29 38 2 67 30 23 27 79 42 56 8 1 61 41 6 77 36 64 65 49 47 57 78 54 60 53 17 10 72 21 25 5 32 15 71 28
48 41 46 33 5 52 11 25 1 58 39 72 29 61 3 54 26 2 35 53 70 6 13 57 49 75 76 36 55 7 12 17 9 51 50 19 0 77 40 78 64 68 34 43 56 74 44 71 37 18 79 66 16 32 38 23 63 62 42 22 73 20 47 65 24 8 14 69 59 10 21 31 45 4 15 30 27 28 67 60
66 71 59 74 69 5 1 49 76 21 20 7 55 68 45 47 43 48 46 23 9 30 64 11 72 32 6 16 56 54 37 14 61 27 44 60 0 73 12 18 75 28 67 41 36 79 33 63 39 51 24 57 22 29 65 50 8 38 58 31 42 40 17 15 13 34 4 35 77 25 78 19 70 62 52 10 26 2 3 53
70 43 19 56 63 21 51 26 17 47 36 24 32 60 66 22 80 19 36 67 67 22 14 71 68 1 95 41 34 28 75 36 30 81 17 22 15 89 4 13 73 48 13 63 27 26 56 78 62 42 18 4 51 92 38 36 27 68 35 48 2 42 73 78 63 32 28 43 82 93 83 54 56 38 74 23 46 6 43 24
20 46 6 95 18 32 93 64 91 43 80 64 96 87 91 62 95 48 28 92 23 24 77 18 35 94 14 12 2 41 60 61 13 67 91 46 32 6 20 48 38 67 25 33 5 37 81 70 48 2 82 44 99 19 64 28 18 25 75 99 57 4 92 61 38 46 87 44 57 46 63 33 98 15 9 17 45 38 65 100
16 70 33 12 93 42 94 93 22 50 16 80 70 75 76 34 39 66 88 37 18 89 10 68 11 99 29 13 79 41 25 99 14 86 56 4 15 47 24 86 92 42 43 41 48 79 44 74 65 96 35 81 17 48 76 9 18 73 17 37 14 57 33 29 83 17 16 33 37 84 14 96 51 75 76 39 30 6 99 27
55 81 71 40 7 86 10 59 89 45 18 61 24 8 70 28 43 28 53 84 30 92 40 4 25 66 94 61 69 88 65 44 31 38 58 67 27 70 93 5 81 97 42 22 3 81 55 25 59 16 55 38 91 94 23 79 100 49 35 70 11 64 55 71 31 75 56 13 52 16 58 96 71 8 15 7 25 77 68 26
99 1 34 35 73 33 75 68 70 50 63 63 12 2 51 87 9 24 95 30 4 18 50 63 25 92 48 62 76 8 3 60 63 43 53 12 49 3 18 32 40 75 98 18 47 66 18 97 18 91 53 15 51 43 74 14 10 74 37 97 56 9 25 70 66 60 98 47 6 48 76 85 20 53 6 44 74 63 51 69
2 4 77 36 100 95 53 58 7 55 65 90 86 11 70 1 24 11 31 95 35 13 86 17 9 4 69 25 63 19 15 16 88 29 64 6 100 63 91 89 87 49 34 72 33 45 69 75 94 1 92 56 31 75 45 9 20 40 82 47 95 85 21 7 96 17 7 32 44 26 96 58 9 16 23 63 38 98 23 36
71 3 70 13 30 52 51 23 81 69 48 65 50 37 7 98 93 66 32 57 38 87 33 63 96 38 85 39 15 7 74 94 64 77 28 12 84 64 24 8 36 39 13 58 18 57 68 27 16 67 5 8 47 98 25 1 42 5 34 15 38 68 62 41 34 46 19 16 19 86 79 44 87 45 61 89 76 57 81 8
26 63 71 51 48 59 37 5 80 78 35 77 2 16 47 28 51 25 4 99 45 66 67 12 32 41 69 89 47 68 43 75 84 6 14 50 90 91 30 91 24 84 59 28 99 44 67 64 54 26 18 60 6 10 7 20 68 86 68 79 63 75 80 2 76 16 96 27 66 5 62 38 27 27 60 89 44 3 95 99
31 59 88 3 16 67 11 53 54 25 77 85 20 69 8 68 23 28 25 58 49 14 20 100 90 60 14 74 100 98 74 84 9 54 25 62 84 88 60 58 29 31 65 87 36 86 40 21 33 58 47 53 90 33 38 11 6 46 42 68 96 71 32 91 91 56 20 77 79 16 19 25 17 39 2 57 34 36 99 17
86 100 7 50 88 87 33 54 67 65 63 63 16 79 48 31 33 80 19 16 34 33 47 11 76 30 64 83 91 39 73 87 73 36 51 16 26 37 95 21 39 2 71 67 60 78 20 6 31 57 48 22 51 93 22 68 50 76 47 11 56 98 3 30 8 50 65 98 90 93 13 72 25 56 84 3 100 76 100 4
33 67 17 56 98 7 15 1 89 67 12 81 27 19 73 53 97 76 12 88 58 4 71 3 26 62 50 53 14 90 8 67 5 63 80 11 49 38 52 50 26 87 62 97 22 91 78 93 43 41 25 88 100 58 31 49 90 18 9 20 36 100 64 45 75 78 64 36 66 20 34 10 79 73 47 33 60 8 72 15
40 36 11 14 90 86 8 94 42 7 46 93 48 39 55 60 30 12 82 20 9 25 44 66 1 77 39 68 55 56 24 66 68 52 10 97 46 39 9 6 93 9 59 31 32 82 38 71 20 81 86 58 89 56 84 11 13 11 92 77 76 66 6 36 65 74 79 54 16 58 29 69 45 86 43 63 48 29 55 50
63 70 92 78 16 89 64 67 70 82 96 70 70 46 11 42 4 94 70 1 75 97 77 16 54 7 65 43 44 42 27 55 47 82 6 49 72 2 19 60 79 57 59 15 87 76 36 20 80 75 42 71 12 9 15 96 71 41 48 24 60 30 48 90 29 1 55 8 12 99 50 43 51 20 94 39 18 22 5 53
10 51 41 8 76 54 89 96 3 29 87 46 28 65 10 2 44 24 32 65 8 22 3 50 22 25 47 15 75 30 95 34 80 100 19 67 55 50 97 40 54 81 58 26 35 74 50 39 45 9 39 58 66 18 95 2 23 44 16 5 80 1 31 93 34 16 91 80 10 4 70 41 83 36 42 87 34 44 86 46
6 93 90 10 59 41 1 48 34 95 8 37 1 52 76 13 73 79 77 48 53 3 12 20 54 94 33 7 86 71 33 43 14 43 99 16 33 89 61 73 11 39 39 41 16 34 100 40 5 61 46 18 18 4 2 34 2 30 44 43 98 54 23 78 77 23 99 54 28 32 51 8 81 98 18 52 73 53 69 78
85 41 80 96 12 44 78 21 34 11 22 62 38 45 91 45 85 49 89 82 30 20 15 50 93 60 17 57 60 32 13 4 15 12 22 29 43 9 4 19 94 82 56 67 82 89 98 20 32 78 82 5 40 22 91 55 90 97 39 12 58 26 53 24 21 32 24 22 38 32 93 100 32 58 39 29 92 40 66 2
75 58 9 84 70 18 90 72 84 24 6 99 56 39 55 82 65 83 17 24 62 39 7 39 62 17 17 15 91 71 43 94 55 55 26 95 1 20 94 100 27 30 74 80 100 15 17 30 52 83 4 27 62 21 63 53 38 26 69 59 37 47 12 6 58 24 18 66 9 52 14 26 11 61 36 42 24 26 61 25
7 17 35 74 36 60 13 5 4 23 6 97 100 22 17 80 73 23 52 54 100 13 39 60 75 71 64 16 75 36 100 13 7 21 83 97 3 72 2 57 61 74 60 2 67 3 100 60 22 34 39 87 28 2 78 91 100 78 69 62 88 13 8 35 14 62 44 86 49 98 42 3 60 58 3 41 80 69 60 55
24 22 95 54 32 39 87 42 95 80 35 18 48 61 15 64 74 61 82 16 51 27 78 28 99 8 61 25 95 64 71 31 3 97 64 65 32 31 68 89 14 43 55 30 9 50 7 59 47 74 70 19 5 32 63 97 46 63 51 1 43 32 76 61 58 99 73 27 68 93 69 36 89 24 38 4 16 93 26 19
90 80 56 82 95 82 93 46 37 87 43 59 44 9 18 85 3 54 59 26 69 61 79 46 6 76 57 96 100 31 8 59 37 43 53 22 10 71 13 22 24 79 74 95 5 84 81 50 79 27 66 78 12 18 67 24 30 53 6 16 33 4 86 36 75 96 79 42 49 55 65 60 58 6 95 86 10 66 48 16
