20 80
8 76 6 25 56 68 59 4 18 9 11 78 63 45 39 30 29 70 22 52 75 21 58 13 5 54 74 34 17 47 48 61 33 23 3 60 71 49 57 53 40 66 32 7 27 44 0 10 20 12 69 55 31 50 1 79 37 19 64 51 16 36 46 72 2 41 73 28 26 38 24 67 43 77 65 42 15 14 35 62
44 68 32 34 40 47 66 45 28 16 63 71 31 12 39 11 1 27 14 0 56 76 53 59 54 65 73 18 67 21 13 8 41 72 9 49 75 6 23 17 77 64 46 61 70 51 20 26 42 60 19 22 3 48 36 52 15 58 10 50 5 55 57 74 78 33 7 29 38 25 43 62 4 79 30 35 69 24 37 2
78 58 2 75 3 73 25 67 37 64 59 44 60 65 66 68 55 13 56 63 32 47 6 24 5 51 74 36 21 33 61 22 48 39 29 54 16 4 0 14 31 70 42 52 9 77 30 43 19 10 15 41 34 17 72 12 35 18 50 71 26 28 69 40 8 38 57 79 76 27 62 7 11 45 46 23 20 53 49 1
22 44 55 6 73 40 49 41 21 72 62 16 31 56 11 78 25 19 51 30 13 39 4 54 69 15 1 70 0 47 9 59 63 67 27 60 14 29 71 26 48 8 38 75 2 65 23 20 5 79 76 3 12 61 33 58 24 64 66 46 57 36 45 53 10 52 7 37 74 50 35 42 77 34 17 43 18 68 32 28
14 76 68 26 34 78 47 24 22 16 0 40 8 55 17 2 60 58 63 28 79 15 1 50 49 51 71 52 23 12 72 7 67 61 54 66 59 9 13 36 29 48 77 37 19 21 53 64 57 10 75 11 5 6 39 70 31 69 43 33 56 20 38 42 18 35 44 32 45 73 65 27 30 3 74 41 46 25 62 4
40 22 33 55 8 21 37 66 11 52 46 4 53 26 67 54 17 0 58 61 48 29 36 42 19 38 7 57 20 3 45 60 62 5 56 71 23 34 24 47 72 6 68 2 59 70 50 18 15 9 31 75 13 41 49 51 27 65 25 16 44 69 64 74 12 28 39 79 73 30 43 63 78 76 10 32 35 14 1 77
57 45 35 56 71 41 34 11 25 28 13 60 19 72 36 21 23 49 4 5 24 77 43 53 39 69 58 64 74 16 52 42 67 61 9 68 75 1 14 29 47 2 63 73 50 37 66 6 54 51 12 62 20 7 22 44 26 70 17 59 78 32 40 15 27 33 46 38 0 10 65 79 55 8 30 48 3 31 18 76
11 64 70 59 78 7 46 65 32 27 57 76 20 3 39 29 41 30 63 15 66 22 55 31 16 1 56 69 77 62 25 23 6 49 9 74 60 54 48 43 68 79 12 52 42 58 8 73 2 13 50 18 0 71 17 53 19 40 5 67 28 21 35 37 10 26 72 33 34 4 45 44 14 61 75 24 47 36 38 51
48 40 76 47 71 12 3 11 42 16 49 78 56 45 69 2 29 33 66 1 22 54 10 41 75 64 68 6 59 5 34 20 60 73 24 26 28 50 19 70 15 72 4 79 9 27 21 35 44 38 61 52 18 67 0 7 36 17 23 8 46 31 30 43 62 77 74 13 63 55 65 32 14 58 57 53 51 37 25 39
59 31 45 44 39 8 61 53 43 76 6 69 63 9 2 70 36 51 66 48 30 32 0 62 40 1 33 23 24 7 16 13 19 64 72 71 41 20 12 21 34 14 27 52 57 49 54 15 75 50 65 26 74 60 68 5 73 17 42 35 55 28 10 67 37 25 11 78 77 4 18 46 47 3 58 22 79 38 56 29
50 6 0 67 56 14 4 40 38 62 42 27 46 49 72 54 9 51 17 55 34 39 2 45 5 23 33 71 28 13 35 57 19 7 37 75 66 68 8 58 12 73 16 61 29 74 31 30 78 44 1 21 20 52 76 53 70 64 41 47 26 11 65 10 59 22 18 69 24 77 79 36 15 32 63 48 25 43 3 60
24 59 1 69 5 63 23 8 54 16 36 45 41 72 52 2 68 38 37 18 28 39 62 20 7 4 9 42 65 70 40 76 67 6 78 12 27 21 13 35 51 29 44 26 17 66 34 55 73 14 47 48 10 22 3 31 32 33 74 25 60 15 57 75 50 77 56 0 19 43 64 53 30 61 11 79 46 58 49 71
12 74 19 32 58 47 67 46 18 53 5 36 0 52 69 63 42 9 54 45 60 57 37 2 64 70 1 56 65 10 71 61 4 68 16 34 44 11 6 50 28 48 77 62 24 78 22 15 14 72 7 13 33 29 79 73 17 8 27 51 76 75 35 66 39 30 31 59 23 43 38 41 49 26 25 3 20 40 55 21
71 57 40 42 10 74 32 18 21 25 33 36 24 49 64 3 16 52 22 29 45 17 11 35 30 37 78 7 1 41 5 72 56 76 13 12 55 70 26 68 6 15 14 19 46 27 50 8 62 54 4 75 69 53 31 66 51 47 63 79 43 59 28 67 23 2 38 65 0 77 39 58 20 9 73 34 44 60 48 61
16 56 27 11 15 18 42 36 67 66 9 22 49 79 51 59 65 20 25 78 33 54 50 58 46 63 6 32 34 43 1 57 52 69 40 77 74 23 8 41 53 21 13 5 60 17 62 2 73 19 64 24 72 68 28 45 7 26 10 71 29 44 14 61 70 39 30 31 76 4 37 0 3 35 38 75 47 55 48 12
55 9 70 62 34 65 61 21 60 75 13 15 7 72 20 1 35 54 38 31 17 58 4 42 51 37 36 12 10 25 33 57 27 11 19 71 14 22 78 8 49 77 69 66 26 0 52 24 39 29 64 43 74 50 23 67 68 32 59 18 16 40 5 48 63 53 44 41 56 28 46 76 79 45 30 3 73 6 2 47
35 65 12 29 11 36 74 0 69 71 10 68 45 50 23 56 55 39 38 67 9 25 31 7 32 49 33 21 44 3 76 2 1 27 4 17 70 73 41 40 19 61 20 24 60 62 28 52 26 43 57 51 58 16 22 59 14 54 6 75 34 63 48 46 37 79 53 72 78 13 8 15 30 77 18 42 64 47 66 5
34 69 6 39 21 0 68 33 40 51 59 2 79 11 31 9 38 32 36 15 20 49 28 41 45 67 37 23 47 66 55 61 25 7 76 75 8 72 22 58 74 18 19 27 46 3 12 53 63 17 42 71 65 10 35 14 48 77 29 44 24 64 50 57 78 70 56 5 13 4 52 54 62 43 60 1 73 30 26 16
19 79 4 10 28 49 44 47 56 7 5 25 71 14 8 40 68 22 63 42 2 51 16 26 59 36 27 43 32 6 1 65 61 70 48 17 41 3 76 54 46 24 31 11 33 20 9 53 75 78 18 55 34 73 30 77 72 39 62 64 35 38 69 15 57 21 13 0 37 12 50 52 66 29 67 45 23 60 74 58
72 0 52 67 77 68 31 22 3 75 27 56 50 43 36 4 49 18 73 47 38 62 28 79 21 71 15 61 26 35 51 23 1 65 12 54 34 59 69 24 33 42 78 6 2 37 17 46 60 64 55 20 19 11 25 76 57 8 40 45 16 53 10 70 58 9 32 29 41 44 39 74 14 30 13 7 66 48 63 5
40 74 53 78 10 46 29 95 79 79 87 100 51 20 87 20 60 65 38 62 15 56 1 6 56 77 32 37 40 1 52 13 19 94 31 93 89 88 42 54 10 8 89 40 18 1 72 46 55 58 89 12 57 93 47 52 99 53 81 30 49 91 4 63 54 89 19 98 54 34 17 12 3 75 71 21 89 8 8 5
100 54 47 57 28 12 29 32 78 89 57 100 21 15 55 47 2 65 61 68 11 25 30 14 86 72 4 85 61 82 42 56 49 90 8 38 39 67 73 17 87 100 14 89 39 64 14 62 77 45 54 21 48 27 29 51 22 22 60 96 28 64 42 19 25 48 22 30 72 28 99 24 54 90 37 50 50 12 97 34
32 58 92 3 32 24 48 6 26 80 12 62 86 7 77 98 84 18 10 59 17 71 63 67 42 62 17 92 41 68 95 31 35 96 10 76 100 53 77 39 20 53 59 10 43 18 15 54 47 1 85 1 56 90 8 82 79 73 30 21 18 87 33 48 32 43 45 86 14 86 90 38 99 85 68 30 15 19 13 63
72 83 72 21 86 80 17 24 73 91 95 34 44 85 13 100 73 100 36 62 7 68 6 14 34 47 42 73 95 88 60 49 10 22 94 94 68 43 69 96 91 58 33 58 91 14 29 61 96 68 45 94 37 81 85 26 77 72 8 46 23 48 86 38 94 98 72 92 75 60 97 99 60 70 16 31 14 9 89 50
13 16 56 2 15 4 88 68 40 41 44 57 49 38 28 39 73 97 51 71 26 59 35 9 72 73 40 57 30 4 74 11 88 29 29 84 99 63 56 49 73 45 94 66 68 11 54 33 36 73 82 92 68 28 58 26 98 21 61 19 85 44 75 98 94 99 28 99 47 85 95 49 72 61 8 92 8 38 36 75
6 5 34 17 8 44 67 42 58 8 83 26 82 89 28 12 38 82 95 94 55 96 40 79 77 95 23 44 72 3 59 41 39 95 14 9 71 100 18 21 42 18 18 55 13 16 10 87 32 71 28 28 9 92 17 15 6 91 89 21 87 82 85 36 63 50 64 41 98 70 43 31 100 18 99 10 16 70 70 31
52 12 76 9 99 97 54 35 14 47 9 90 25 46 67 45 71 62 16 77 76 76 12 90 71 89 50 79 45 90 31 77 80 90 31 13 3 47 77 64 68 24 42 9 100 83 20 51 69 50 52 75 40 63 48 61 46 92 18 22 5 27 30 77 9 90 83 82 67 74 95 23 97 13 98 27 6 87 50 70
96 96 19 91 99 54 82 43 34 90 32 97 7 14 25 42 49 3 51 70 79 35 5 84 68 65 45 31 69 67 75 7 23 97 68 87 82 94 81 92 79 44 28 84 72 67 19 59 62 3 28 98 80 95 2 47 61 3 31 2 78 23 60 28 36 44 77 11 84 56 39 99 18 50 71 15 90 89 48 76
32 75 77 87 1 17 82 79 98 5 61 12 22 36 48 99 33 56 55 94 75 40 71 53 37 54 41 50 22 77 51 1 31 69 56 46 39 85 74 15 56 16 37 3 72 18 23 63 93 13 93 67 17 33 33 50 78 55 80 20 68 38 31 50 28 36 34 58 39 71 10 45 51 42 37 85 32 45 26 75
50 33 78 87 76 31 76 3 2 23 51 91 29 46 66 42 9 89 90 69 73 63 65 47 32 84 87 62 32 50 70 92 70 76 19 55 80 46 8 33 81 23 84 78 7 69 2 2 1 85 53 2 89 94 75 29 49 44 40 29 8 76 16 68 54 13 20 32 46 22 85 16 18 89 15 62 91 85 67 55
22 43 80 76 68 40 44 82 31 6 58 96 100 56 74 83 52 60 17 33 18 21 100 13 36 13 10 6 96 51 66 24 71 8 31 43 5 66 76 64 6 33 69 4 93 72 84 4 72 20 22 67 54 45 3 12 71 50 26 55 83 1 83 48 68 29 89 36 43 60 86 36 65 82 47 29 36 39 48 88
7 24 77 72 83 55 51 56 16 39 63 15 20 16 41 19 62 67 42 68 31 26 73 56 26 9 12 53 45 3 2 30 83 61 26 46 24 34 10 98 24 85 68 44 9 85 29 14 78 61 100 79 40 36 63 12 36 29 19 65 7 89 27 3 13 7 100 4 11 96 71 86 59 36 28 74 8 64 62 45
7 18 90 99 42 26 23 72 99 25 68 38 57 72 29 88 29 61 38 90 81 42 7 97 70 56 9 72 2 92 92 69 56 17 72 9 68 52 99 53 96 74 1 24 7 41 80 51 59 44 83 25 9 38 41 59 44 79 75 91 17 28 76 43 59 81 43 83 38 22 53 8 6 17 62 51 91 64 75 93
6 48 15 99 56 87 47 96 36 51 74 75 35 2 69 61 35 71 33 56 41 82 54 11 46 100 19 43 84 46 73 71 20 64 62 55 40 100 66 80 97 79 14 65 89 77 92 11 65 29 86 90 68 17 35 99 15 90 30 98 66 70 58 42 91 81 3 14 55 97 19 40 43 13 67 20 71 76 39 50
35 45 4 85 35 6 37 10 69 86 45 81 1 92 84 34 98 10 81 39 47 19 74 11 61 68 21 95 24 96 28 78 15 87 44 59 64 34 52 29 38 52 59 52 66 55 92 11 44 85 65 14 30 98 94 85 98 38 23 18 90 16 63 60 36 41 60 3 8 65 16 66 92 82 45 17 97 92 43 63
79 38 30 6 62 4 42 22 83 65 61 46 47 54 35 13 81 20 37 48 68 93 80 2 7 34 73 24 48 76 49 15 30 34 35 25 94 77 44 67 18 26 73 16 51 88 83 2 21 8 14 80 91 42 38 8 15 68 19 13 1 8 24 18 69 84 5 45 48 58 26 96 70 71 83 46 60 7 29 19
48 86 78 48 28 4 3 29 76 78 48 88 37 36 42 15 4 22 4 9 83 10 59 73 18 30 11 90 4 53 30 69 1 95 54 93 68 19 16 12 93 71 100 32 81 48 17 53 86 81 25 7 69 12 9 49 19 13 22 55 4 30 33 14 6 45 27 61 30 97 96 61 2 23 46 11 82 68 65 10
18 95 49 93 39 3 78 40 36 51 69 76 91 56 96 40 82 21 92 50 60 62 91 56 82 9 29 23 96 85 95 40 2 9 47 85 43 26 19 14 93 52 27 13 24 8 67 23 95 44 59 67 73 35 73 27 26 21 96 63 79 93 25 41 27 41 4 83 88 4 82 45 18 6 17 2 29 55 80 1
3 66 89 62 88 5 45 20 56 57 34 43 84 7 38 63 29 10 41 26 32 49 72 32 5 46 12 20 39 19 74 65 7 15 63 67 93 32 7 5 60 8 79 98 20 57 15 49 53 78 5 26 23 49 46 15 92 68 81 82 62 78 17 18 46 51 73 79 35 75 47 67 10 13 71 73 10 5 34 56
33 38 46 40 30 83 60 65 28 12 86 43 64 8 45 3 7 22 57 36 38 4 27 26 38 1 21 52 98 32 45 71 18 66 100 18 50 85 16 1 58 68 99 74 67 58 37 58 5 12 28 28 16 18 60 98 66 63 83 69 97 31 29 12 89 54 28 6 41 75 92 80 38 83 85 41 96 89 99 27
