20 80
0 74 14 44 29 71 28 76 65 32 70 59 51 18 50 9 55 75 78 21 31 52 56 7 42 4 11 58 57 46 5 39 33 22 35 1 19 13 12 54 6 69 27 66 30 73 64 79 77 2 23 34 40 68 15 38 10 8 43 26 67 63 37 24 41 53 47 25 20 62 61 48 45 72 16 49 17 36 3 60
74 66 9 32 57 26 76 51 55 79 47 5 16 4 2 40 25 59 42 75 58 23 78 53 29 11 69 6 13 71 54 21 65 63 27 17 18 70 35 41 10 72 60 20 56 3 44 1 0 30 19 61 62 24 77 48 43 38 37 46 7 12 15 68 14 52 45 67 50 73 33 22 8 39 36 34 64 49 28 31
38 17 19 69 79 74 42 61 43 35 6 56 66 64 28 11 23 51 77 26 18 34 41 13 78 68 32 33 44 8 4 16 67 48 52 62 27 1 21 40 25 55 7 2 22 76 37 71 50 73 65 12 53 63 9 58 24 3 54 47 70 29 20 5 0 36 57 39 15 46 30 14 60 59 45 31 49 10 75 72
51 68 54 55 3 65 12 20 40 76 36 27 32 73 58 37 4 31 44 78 62 1 10 61 19 29 5 70 71 77 0 41 59 57 53 69 2 17 63 8 66 79 45 18 25 22 6 35 75 48 67 15 50 21 13 46 33 30 7 26 56 74 9 47 28 23 64 16 14 34 72 52 43 24 39 11 42 60 38 49
67 27 33 30 16 52 42 13 73 75 8 7 57 6 17 66 74 38 46 12 43 31 51 76 19 44 14 35 29 3 11 47 24 36 58 60 54 23 32 49 22 15 50 78 62 65 56 48 0 20 4 69 72 79 18 53 55 28 68 64 26 59 40 71 2 34 37 9 77 25 21 61 70 41 63 5 45 39 1 10
67 66 41 49 51 10 71 0 70 58 5 2 18 65 72 6 56 20 28 55 77 7 22 45 21 62 15 27 60 44 12 48 33 1 31 68 34 54 63 4 25 42 57 19 64 16 9 14 23 46 79 59 8 50 37 26 40 47 29 24 35 39 36 74 78 30 75 69 38 76 53 43 61 17 52 32 11 3 13 73
74 56 55 50 52 72 46 79 26 32 28 39 54 48 40 42 16 71 5 25 2 9 61 21 37 65 17 75 73 67 20 51 23 0 68 36 29 27 59 33 22 30 35 64 1 76 24 11 44 69 8 15 14 13 43 66 63 10 3 38 60 34 41 49 7 4 53 19 57 58 77 47 62 70 18 6 78 31 45 12
44 50 32 56 73 22 72 52 10 38 1 27 13 69 74 19 34 15 60 31 76 51 66 61 46 11 5 16 24 63 26 7 49 35 75 12 6 47 70 79 8 48 67 41 58 42 64 9 14 37 43 77 17 40 57 55 23 53 4 45 18 65 59 25 21 78 71 2 33 68 62 20 3 29 28 0 39 36 30 54
42 14 50 1 9 78 18 61 69 67 79 43 76 28 51 27 36 20 26 3 56 25 65 8 63 64 31 39 46 73 47 53 2 57 75 37 77 52 30 45 12 10 34 32 66 6 48 22 49 24 74 16 68 35 72 55 33 70 59 0 44 7 21 38 19 40 29 17 11 4 41 71 15 13 62 54 5 60 23 58
51 65 5 7 9 47 72 4 3 41 46 59 71 60 35 78 53 66 26 27 73 43 14 62 8 33 37 16 34 74 23 56 75 1 31 29 68 36 10 19 58 52 12 55 32 13 79 48 24 21 63 49 0 50 15 61 57 76 69 39 67 30 25 6 38 54 70 17 18 22 77 11 40 20 28 42 2 64 45 44
20 36 3 53 76 59 32 19 34 70 54 45 31 22 75 28 38 6 33 65 27 46 56 73 62 72 61 9 24 17 7 2 55 16 21 1 50 41 68 39 58 49 42 26 8 35 18 40 57 52 71 44 11 48 77 47 74 29 25 15 0 37 12 64 14 69 5 51 10 63 60 23 4 79 13 66 30 43 78 67
58 26 4 25 56 74 33 1 46 24 12 54 31 67 38 6 40 41 60 11 78 14 52 47 66 51 69 3 23 48 68 76 77 29 35 70 73 59 71 10 42 17 27 34 63 50 64 0 19 44 36 13 45 62 61 43 79 55 15 53 2 16 8 72 49 32 57 20 30 9 75 28 39 22 21 18 37 5 7 65
10 52 14 18 61 59 79 69 0 29 4 44 67 60 55 68 48 70 77 66 35 7 32 40 62 43 49 75 30 47 3 76 53 15 34 2 31 26 23 33 1 16 5 19 41 22 12 27 51 64 71 72 46 13 74 57 17 54 25 63 45 58 36 8 21 42 28 9 56 37 11 6 24 50 20 38 39 65 73 78
78 2 20 31 76 15 67 11 9 0 53 6 68 77 30 48 3 50 28 19 66 8 64 69 35 74 36 62 5 51 4 71 16 25 52 27 26 72 58 73 29 7 45 34 55 43 40 18 54 47 46 41 17 13 57 65 75 32 22 63 1 49 39 44 61 23 60 14 24 59 70 38 33 10 79 37 56 21 12 42
7 58 3 73 23 72 71 52 74 0 31 18 49 41 21 53 45 62 42 39 77 60 27 44 78 67 40 16 32 11 12 69 51 57 24 19 10 28 76 34 33 75 37 15 63 36 4 20 13 47 6 26 46 9 48 66 35 70 29 68 54 22 79 59 5 2 17 1 55 25 56 50 61 30 8 38 43 65 64 14
7 19 79 73 47 36 48 59 18 0 72 32 37 77 70 35 40 63 30 25 29 66 69 41 52 56 26 23 14 5 33 31 76 45 22 49 34 6 43 8 3 9 4 51 20 16 65 75 74 46 50 12 10 24 55 78 38 1 60 57 54 27 62 61 44 58 71 53 13 2 11 17 68 67 39 42 64 28 15 21
18 5 7 8 49 56 12 34 33 6 79 78 29 48 67 57 0 60 74 76 3 13 31 69 17 26 58 71 9 15 25 4 35 55 2 27 10 73 77 16 44 43 1 23 50 19 59 37 21 22 24 53 75 40 38 63 47 66 72 68 14 41 30 11 46 32 42 20 45 65 62 61 28 64 54 51 36 52 70 39
17 43 51 66 72 27 5 37 35 2 63 34 44 50 10 79 25 49 68 59 13 6 36 14 47 38 52 58 77 23 0 65 1 26 56 39 67 61 11 31 21 42 20 12 78 60 41 54 4 57 53 3 70 28 16 74 15 48 18 7 62 30 24 46 33 45 76 73 32 9 19 69 22 75 55 64 29 8 71 40
5 24 55 56 8 76 44 25 49 11 18 58 7 22 46 32 61 75 14 1 54 23 79 43 3 2 29 28 67 71 27 34 37 70 36 16 73 66 26 42 57 4 9 35 0 31 19 12 68 50 60 30 20 39 74 65 72 45 48 40 78 77 21 6 47 38 53 41 64 10 17 69 51 13 63 15 62 33 52 59
78 48 14 45 27 44 46 79 31 33 65 16 36 69 77 54 26 4 72 17 18 1 25 9 59 7 6 40 38 73 2 42 51 24 34 10 76 74 28 50 64 3 63 61 37 41 66 11 13 21 35 8 53 70 49 71 68 5 56 39 15 47 23 32 62 60 29 19 22 20 67 52 58 30 12 57 43 0 55 75
97 50 91 37 90 18 72 15 52 68 54 53 62 49 7 5 28 96 61 66 67 11 78 74 60 40 82 70 1 5 57 65 31 32 26 5 9 53 3 74 54 91 12 99 25 46 95 46 34 74 57 19 54 70 97 18 57 64 63 36 92 67 17 3 61 31 88 95 59 10 54 94 28 9 80 61 98 50 39 54
6 9 37 50 48 52 93 43 75 61 45 91 100 18 4 99 57 5 97 37 85 36 6 27 82 67 20 92 90 9 42 77 31 78 42 41 78 83 58 29 60 83 99 78 98 78 35 5 65 95 90 89 16 4 24 72 72 62 19 11 65 59 22 20 56 18 57 50 10 5 29 23 28 20 84 57 8 68 65 13
96 36 88 15 45 52 67 96 63 88 25 89 49 65 32 44 54 46 36 17 72 10 18 96 87 95 27 60 25 63 40 85 60 58 24 16 20 13 28 37 45 60 35 81 89 62 17 27 98 85 37 97 94 36 7 38 18 41 82 99 12 52 72 25 21 100 80 92 8 65 43 54 87 90 57 40 44 78 14 63
8 46 26 62 34 24 52 87 53 23 55 80 35 34 42 13 5 30 20 61 90 69 3 80 56 22 42 85 39 21 78 62 68 27 34 84 8 32 25 37 3 19 75 15 59 54 99 44 33 79 52 93 16 16 83 63 58 21 80 97 52 38 35 54 38 39 8 10 81 44 86 41 64 89 71 7 34 17 93 66
15 10 34 80 83 50 37 84 9 35 68 20 99 35 66 21 31 83 61 38 63 33 86 75 12 81 43 92 34 35 51 83 45 44 7 20 25 74 43 34 65 50 24 78 48 54 17 79 94 93 63 22 80 9 65 65 8 71 45 41 33 8 99 99 67 100 84 34 75 85 27 93 2 66 33 22 8 31 30 5
32 89 93 63 97 49 31 7 42 2 60 6 87 12 91 97 40 78 74 57 81 18 31 94 40 85 88 83 77 18 100 39 14 56 60 71 50 87 44 86 90 71 23 39 57 94 55 16 30 67 34 22 5 18 3 73 27 8 43 81 44 66 54 62 26 41 60 13 1 50 36 56 2 33 40 5 86 52 75 99
83 11 93 58 38 72 71 22 19 25 100 35 13 44 74 77 18 82 30 39 39 43 100 74 64 94 2 90 17 44 49 9 9 59 8 100 33 54 38 56 97 49 71 47 37 1 28 28 91 88 2 76 66 84 9 93 47 16 71 34 19 100 17 37 2 73 71 84 95 66 44 48 97 94 80 22 64 45 43 31
93 95 87 8 80 24 58 92 51 55 9 100 71 31 89 66 85 46 83 15 69 45 62 48 54 23 78 95 44 19 12 81 9 69 1 59 5 62 94 3 48 63 67 40 80 80 28 32 99 72 50 77 1 73 82 23 21 2 49 43 59 17 84 52 28 72 10 99 84 22 96 15 45 28 42 40 48 74 18 72
68 12 92 94 89 7 29 1 85 97 22 24 11 84 80 20 83 39 71 84 37 46 7 3 59 50 40 43 8 39 47 35 6 64 4 1 53 90 19 59 76 56 31 8 36 85 2 31 59 65 19 1 100 17 13 60 13 28 7 87 57 47 85 68 74 88 12 26 48 19 73 9 4 88 70 26 19 41 88 76
24 45 8 33 23 43 30 67 61 81 14 35 71 4 9 82 64 69 53 33 22 7 56 8 21 18 87 80 58 33 27 77 35 91 48 52 72 8 68 12 59 64 85 89 41 94 51 56 7 15 44 49 15 67 71 4 86 26 20 67 38 56 7 42 77 82 1 58 24 78 45 1 7 26 4 10 81 94 28 36
21 63 12 56 35 28 27 41 74 41 17 71 10 48 23 66 63 96 74 91 8 94 93 17 17 74 7 61 97 39 57 69 77 7 43 19 86 79 51 20 76 38 22 81 63 4 38 43 91 72 38 54 33 76 82 21 72 68 2 74 95 16 6 42 56 29 75 13 57 71 34 24 85 97 34 94 56 41 27 100
23 44 67 43 100 23 61 32 2 62 42 28 41 32 45 73 40 26 61 36 10 9 42 75 31 13 84 2 3 77 24 70 30 95 72 12 30 36 66 28 32 7 86 6 50 94 58 62 31 90 81 13 76 10 90 48 29 84 56 65 24 91 57 77 59 28 50 97 65 40 67 65 4 49 9 52 89 92 53 24
24 47 75 72 38 31 22 89 5 50 29 62 61 72 63 15 8 22 88 10 5 99 69 60 14 96 35 68 41 63 28 78 25 87 64 35 87 73 79 94 2 34 52 37 80 88 52 15 47 71 61 25 40 93 8 24 49 18 37 6 55 35 25 90 65 3 71 91 97 7 2 27 7 26 25 18 98 53 86 58
1 3 5 1 1 22 1 68 39 91 66 52 23 53 55 43 86 89 91 91 27 58 24 40 58 16 37 99 84 2 56 27 11 7 27 17 100 47 37 83 68 5 86 73 97 65 44 22 10 34 62 32 51 60 30 5 61 89 43 11 85 9 100 18 77 61 1 6 99 29 8 33 23 4 60 52 48 33 96 77
71 69 33 7 58 17 56 46 60 48 39 29 78 41 51 85 36 73 74 16 14 51 32 45 52 31 78 68 66 47 24 79 26 81 25 86 56 3 30 81 32 44 45 70 15 28 61 24 48 24 52 91 50 53 15 56 33 85 97 29 53 21 78 62 68 75 76 26 55 40 52 44 33 93 85 25 27 94 39 18
21 70 99 36 38 77 48 14 51 95 85 61 9 88 41 31 94 29 50 90 85 50 48 65 37 94 85 73 46 72 32 95 95 53 98 2 80 2 37 29 37 48 31 22 30 77 22 91 42 9 35 80 4 55 70 87 37 27 16 68 97 8 39 56 12 41 80 72 7 99 28 8 10 45 49 24 31 82 26 13
80 58 78 43 68 25 61 58 43 44 52 24 96 73 74 58 75 62 74 39 23 24 88 56 39 43 7 25 89 48 32 27 27 63 71 8 79 61 20 85 79 93 47 40 63 33 30 41 91 24 88 4 16 92 65 92 65 88 93 5 48 48 19 93 63 3 42 63 37 91 97 79 100 4 90 80 37 35 50 88
84 76 30 26 27 84 2 83 56 6 34 24 32 82 51 6 66 21 49 58 44 51 81 82 33 25 68 68 67 76 57 14 14 93 30 31 35 97 10 19 57 4 48 34 53 19 8 38 7 9 5 5 72 40 99 77 61 36 12 93 26 40 36 80 100 55 95 92 93 81 56 87 15 43 68 31 5 90 81 7
49 4 25 10 58 14 70 81 35 55 75 80 21 33 68 32 63 52 28 2 60 93 41 98 89 92 9 91 94 94 88 26 55 58 46 1 46 36 73 17 81 11 33 41 28 43 27 43 41 85 8 34 50 51 35 72 30 100 66 81 85 87 86 31 16 81 80 100 18 93 59 78 1 5 75 1 40 91 95 87
76 29 50 52 63 85 67 48 86 52 42 52 5 88 96 97 4 10 33 48 56 58 31 45 100 46 45 76 81 6 50 97 46 24 54 83 67 45 17 26 56 77 77 51 55 100 68 14 79 19 14 51 88 74 95 53 86 92 3 41 85 24 63 99 95 10 66 62 78 61 90 70 78 81 81 49 49 25 12 90
