20 80
24 5 37 26 63 18 60 1 50 25 70 71 28 36 78 34 57 42 30 40 0 35 46 41 15 32 45 58 68 55 66 19 39 43 16 47 64 17 27 67 75 54 61 33 2 31 7 8 72 22 21 4 38 10 59 3 52 29 14 79 74 51 44 20 11 69 23 77 53 6 73 9 65 49 48 62 76 13 56 12
23 41 45 34 74 2 14 32 18 26 75 77 50 8 60 6 78 70 38 31 9 0 24 47 35 64 33 29 17 20 59 67 15 5 46 1 76 62 57 71 58 49 69 30 27 52 48 28 56 53 22 36 43 39 44 42 16 73 12 21 11 7 25 79 13 72 4 61 63 66 37 65 55 54 51 40 68 10 19 3
16 60 61 49 54 43 45 39 23 62 10 36 27 5 63 51 21 24 68 73 15 71 55 9 11 44 31 50 18 69 25 77 34 29 20 22 79 7 33 48 72 0 74 3 2 42 13 40 41 6 35 1 26 57 19 28 52 76 30 66 75 14 56 38 58 78 67 70 59 17 46 64 4 8 32 53 37 65 47 12
15 58 47 74 63 79 73 77 1 52 43 76 55 33 41 17 60 38 6 23 12 9 20 66 31 28 24 44 50 30 13 54 59 64 27 61 19 39 40 45 62 8 29 51 5 67 68 3 0 46 18 26 32 75 65 49 48 53 78 57 2 16 37 35 72 36 7 25 22 70 71 56 4 21 42 10 69 34 11 14
18 23 33 59 2 76 15 11 9 13 74 3 34 27 0 45 35 69 44 53 22 79 65 46 71 57 4 58 51 66 43 60 64 14 67 52 70 28 29 50 8 20 31 1 54 12 38 5 61 6 48 78 19 56 68 63 17 25 55 42 39 75 10 49 62 72 36 30 47 24 73 16 77 40 37 21 32 26 41 7
52 44 13 35 9 0 50 11 37 8 70 31 26 55 14 77 22 59 18 7 51 21 56 16 65 75 61 69 6 78 30 74 38 3 45 58 28 79 41 60 62 76 19 64 20 1 4 43 57 63 2 66 71 73 12 47 42 25 29 49 5 46 72 39 34 53 67 27 17 36 15 33 24 10 32 48 68 54 23 40
15 6 35 65 57 5 53 12 20 67 40 24 39 10 62 36 72 75 74 50 29 26 4 3 46 73 77 2 38 56 42 14 52 27 1 32 66 37 60 63 78 33 70 30 17 51 9 0 13 49 25 58 64 68 43 11 19 41 8 54 61 28 22 23 59 47 55 69 34 44 16 45 21 71 31 79 18 48 76 7
19 36 7 23 56 49 32 74 73 4 0 52 50 67 21 12 45 33 41 38 64 63 34 3 47 15 22 58 39 70 48 8 75 1 14 35 17 69 62 6 43 60 78 72 16 2 76 10 46 24 25 37 55 40 42 28 66 27 13 44 26 53 71 5 59 20 51 18 31 57 68 11 29 9 61 30 54 65 79 77
18 11 75 29 58 54 14 40 73 24 21 22 38 10 25 65 27 61 6 69 12 48 33 70 19 72 20 1 46 8 76 77 34 67 44 56 9 17 74 63 3 49 28 52 62 51 60 30 31 26 43 2 42 0 36 39 45 71 35 7 37 68 59 5 55 16 4 13 15 66 78 32 47 53 57 23 50 79 41 64
60 64 29 6 30 31 25 45 66 62 49 4 10 36 46 78 41 2 12 75 55 33 14 52 16 38 70 18 32 54 76 43 65 34 24 28 3 63 39 73 71 21 7 59 15 13 67 74 57 23 26 35 48 40 53 27 9 42 19 11 22 8 37 5 68 0 69 79 61 56 51 20 17 58 72 1 44 77 50 47
72 54 25 37 73 2 11 74 7 32 4 23 18 53 69 39 9 57 75 29 44 34 65 19 5 27 6 58 49 20 41 33 59 46 40 64 77 66 21 61 70 8 14 0 22 51 28 48 71 12 45 78 30 3 56 13 60 38 26 68 24 36 79 43 15 52 10 55 76 17 1 63 47 16 62 67 42 35 31 50
57 39 12 28 5 25 41 70 18 63 60 59 2 64 69 54 22 42 77 53 4 11 66 27 72 13 7 31 14 62 33 78 50 40 21 58 30 32 48 0 74 10 76 55 79 8 15 3 68 61 47 65 29 73 26 75 67 24 19 9 23 44 52 37 34 16 17 6 38 49 56 1 36 45 51 35 46 43 71 20
74 63 23 52 42 25 32 41 51 60 48 58 11 79 54 61 8 77 37 50 78 33 65 56 46 38 43 62 34 71 67 29 0 44 1 55 24 2 12 70 26 21 47 28 14 36 68 18 40 6 4 9 39 69 20 7 45 49 57 17 13 59 19 27 72 31 10 3 66 53 16 75 64 5 15 73 35 76 30 22
45 42 52 15 78 44 7 43 79 58 16 23 4 10 67 75 36 35 29 77 1 50 65 21 13 0 41 30 33 3 71 31 20 76 57 47 60 59 8 72 46 18 63 17 51 32 5 26 74 28 39 22 19 66 37 14 70 11 56 27 54 48 12 73 55 64 49 25 34 2 38 68 9 61 69 53 40 24 6 62
1 9 15 23 4 71 50 74 69 58 52 24 72 79 75 31 73 3 32 47 55 17 19 53 68 51 62 21 14 37 36 49 26 66 8 2 42 70 44 38 16 13 35 56 45 22 54 67 6 5 40 48 29 64 11 25 27 78 77 28 10 0 63 33 61 43 12 20 7 18 34 30 46 76 60 65 41 57 39 59
65 52 11 24 17 14 71 44 73 61 38 2 36 58 5 3 78 10 45 59 33 21 15 34 1 67 66 79 26 37 4 42 18 60 54 47 28 20 13 43 48 6 56 74 70 23 63 68 46 69 35 75 55 40 72 64 7 9 49 19 62 50 57 27 51 76 12 41 25 31 39 53 29 8 32 16 30 22 77 0
3 57 27 61 55 69 48 1 58 7 21 20 26 8 54 6 24 64 28 5 53 59 73 13 16 11 30 47 52 37 23 33 0 63 67 40 39 65 42 18 12 15 31 50 36 56 70 17 32 35 77 9 29 71 10 72 25 43 44 22 79 49 76 2 51 14 45 46 60 66 34 4 75 41 74 38 78 62 68 19
16 77 65 35 10 69 67 51 13 63 49 28 54 47 66 56 6 5 18 9 1 40 12 29 43 64 31 7 36 33 19 50 73 79 62 37 52 44 14 76 30 23 41 20 24 2 78 74 21 25 57 0 32 3 72 61 17 75 15 42 48 27 26 58 53 59 34 68 11 39 55 38 8 46 70 60 22 4 71 45
24 10 1 13 54 62 36 49 18 38 47 40 66 37 26 75 21 43 22 0 15 53 7 52 78 9 61 58 28 73 41 32 8 23 79 51 5 72 3 12 60 39 50 25 68 71 59 14 30 48 65 77 19 74 27 69 29 4 11 64 31 76 34 33 44 63 17 46 67 57 2 45 55 56 35 70 42 20 16 6
62 46 5 58 28 14 68 13 53 71 48 76 8 35 22 16 52 17 70 75 9 69 7 55 65 33 74 57 79 60 49 25 19 45 30 27 6 39 59 2 0 12 61 41 44 56 66 78 4 31 67 3 42 51 1 43 77 29 63 10 72 23 64 54 11 20 38 36 15 47 32 26 34 50 37 18 24 21 73 40
17 96 43 18 51 22 3 44 38 5 67 47 25 59 23 43 77 33 52 44 97 49 26 46 32 12 79 32 62 24 73 67 16 71 55 11 24 20 44 33 93 16 4 59 23 57 16 24 93 2 37 17 14 91 83 81 91 36 64 42 42 96 10 35 33 13 79 76 6 76 68 7 14 75 96 36 95 63 77 86
50 99 7 37 45 32 38 20 68 66 99 5 9 92 27 1 3 3 87 12 28 24 18 59 95 27 45 52 58 11 36 18 37 96 24 88 25 95 47 17 27 2 33 39 52 77 61 61 38 33 50 15 66 64 19 1 20 32 59 24 34 36 96 71 42 84 63 16 2 45 40 11 16 80 22 79 68 27 80 78
50 55 6 14 45 73 90 46 22 14 4 33 15 28 59 52 81 23 21 100 89 13 19 96 60 62 8 43 83 15 64 39 6 44 53 30 1 87 47 80 16 21 32 6 98 42 27 42 6 75 100 88 38 91 49 94 34 4 10 55 46 70 37 19 29 43 36 81 25 5 19 65 10 3 23 31 30 59 45 60
93 7 16 67 34 32 68 15 88 39 12 73 32 53 46 4 95 34 3 98 2 7 96 52 87 99 35 13 85 53 25 27 1 3 22 7 73 54 51 57 78 78 42 11 23 94 60 80 88 28 31 4 44 52 58 100 82 40 1 95 96 83 25 42 51 37 23 73 45 50 22 79 45 11 21 60 64 12 100 18
16 75 11 65 86 3 27 55 93 24 25 16 25 63 71 22 94 33 42 79 25 41 38 70 84 79 41 45 97 16 51 23 13 47 16 19 73 85 43 65 8 74 76 24 94 85 48 58 58 91 40 15 4 92 76 85 45 75 83 68 31 53 18 48 16 21 60 97 63 66 26 16 11 92 92 62 33 65 94 50
66 54 83 82 79 75 64 16 6 42 85 49 39 80 11 89 80 45 88 8 60 98 50 51 39 5 73 61 46 95 7 57 34 35 29 18 98 14 75 60 87 29 82 82 26 14 79 88 78 34 81 95 53 17 16 49 52 57 57 20 32 3 76 52 9 27 49 73 50 95 79 65 71 28 53 5 70 51 25 54
89 20 62 68 74 9 62 62 63 69 28 30 69 47 77 39 43 66 37 60 57 17 73 35 32 2 41 55 66 65 18 100 59 39 97 39 45 54 36 11 67 14 33 60 24 80 28 25 24 75 44 88 85 85 7 88 28 66 92 25 25 59 8 28 62 79 23 44 40 97 52 16 38 18 11 17 91 74 22 99
63 89 78 80 61 3 25 33 98 14 50 36 97 59 72 18 1 23 39 4 95 38 62 79 24 86 43 70 15 52 91 16 63 7 39 15 68 38 52 67 45 39 62 100 99 76 13 13 71 71 55 40 53 67 34 88 29 60 9 23 57 64 43 11 29 75 13 3 99 39 11 31 12 1 22 41 41 70 35 59
13 36 15 64 50 4 78 72 11 47 97 44 38 91 24 51 82 82 33 3 63 69 84 73 35 53 90 90 75 89 1 48 43 65 46 54 34 41 71 68 19 25 28 87 33 28 23 11 45 52 78 42 88 63 100 83 74 83 9 10 26 21 21 12 23 21 36 79 17 98 76 34 27 88 32 29 63 79 19 54
1 6 29 1 45 23 71 32 42 25 6 88 46 34 88 40 54 91 99 7 11 74 62 16 52 40 93 2 96 37 29 74 60 37 79 11 61 42 11 74 29 51 78 96 83 48 62 54 77 90 20 93 50 24 82 91 84 32 86 62 37 93 77 30 18 31 66 65 38 29 35 11 19 97 33 93 1 5 77 40
95 68 84 60 64 62 47 50 76 12 12 32 95 60 97 90 40 39 43 64 65 49 82 42 80 1 30 51 30 66 63 19 48 16 75 76 5 46 13 72 65 62 12 88 49 44 15 57 51 35 77 9 48 67 73 66 92 38 7 44 57 55 34 87 86 39 45 58 74 91 78 4 40 23 91 63 1 72 90 43
81 92 40 73 14 32 76 3 40 10 25 99 3 58 72 49 76 24 16 28 55 91 56 94 46 79 55 63 11 11 55 4 39 52 8 51 60 54 48 83 49 68 8 86 17 46 38 27 30 78 47 67 6 27 95 25 31 14 64 6 75 83 69 90 28 9 69 97 97 44 24 98 72 84 15 90 5 37 35 60
83 76 15 20 61 17 68 22 47 49 62 43 17 80 50 75 68 32 53 63 34 45 73 24 70 31 59 15 74 68 36 80 83 55 11 100 4 24 46 93 99 7 32 84 80 92 82 20 58 14 11 94 86 58 86 8 62 31 74 87 94 26 94 8 3 4 47 13 8 51 60 14 20 41 5 48 8 52 43 57
8 66 26 78 13 38 82 79 46 64 83 46 21 22 76 48 8 29 15 67 85 26 88 72 7 6 34 32 55 24 12 59 78 82 34 72 44 39 12 96 97 90 23 46 52 57 41 69 82 76 71 50 47 18 84 14 80 74 19 33 87 93 53 58 74 2 58 80 54 85 25 89 32 100 83 90 28 40 3 52
72 42 26 69 16 36 24 37 48 100 46 42 17 45 32 19 69 59 42 84 48 97 46 47 89 68 78 95 94 61 17 13 47 35 95 75 55 65 56 31 81 19 27 63 66 17 63 94 89 96 50 34 8 80 71 48 26 75 36 65 51 61 17 26 95 82 68 26 5 96 46 80 86 10 97 87 19 23 8 61
88 41 16 94 17 53 59 11 54 1 100 40 27 62 44 2 50 24 14 3 78 10 74 19 83 75 59 52 7 54 44 28 56 13 78 12 79 15 30 18 4 15 61 72 78 27 14 37 1 2 54 49 32 65 19 2 13 75 58 9 56 93 43 83 48 83 9 64 73 16 9 79 30 77 14 59 30 46 25 93
79 80 63 62 7 24 58 62 55 97 5 66 17 76 81 61 49 25 6 100 76 38 70 69 42 64 54 76 99 49 42 19 25 46 39 62 9 59 26 22 49 99 22 63 41 56 40 51 15 76 96 49 10 29 32 69 33 76 38 95 41 7 96 60 73 74 2 58 11 42 41 85 84 35 2 86 30 56 95 32
65 57 78 80 36 81 54 9 7 88 63 35 46 31 60 60 48 35 73 22 97 66 99 4 80 45 80 14 68 9 16 85 55 84 51 62 6 12 88 31 45 13 71 50 60 79 60 32 21 27 96 85 40 23 44 35 99 90 88 36 29 85 39 63 95 16 23 47 88 70 29 58 38 63 14 87 76 1 35 64
57 69 13 6 37 80 33 12 26 43 46 44 38 85 86 99 57 15 57 37 6 83 97 90 25 1 96 76 49 13 17 68 35 79 43 2 2 70 33 80 89 84 64 34 49 33 71 60 19 57 94 82 63 18 98 16 85 41 53 23 50 99 78 99 74 79 61 58 75 70 10 62 22 78 83 74 8 22 93 83
29 46 19 72 18 39 77 31 41 41 66 71 99 24 32 22 75 18 89 14 42 49 57 81 49 61 50 37 6 18 59 14 67 47 54 22 90 23 90 55 73 52 81 3 61 21 82 70 3 53 18 29 17 11 49 1 46 6 89 64 86 39 25 68 95 84 4 30 47 86 71 94 74 60 21 96 55 69 54 30
