20
81 68 25 185 189 26 11 184 179 79 161 34 97 177 37 109 115 21 99 96
80 44 156 1 55 63 22 197 126 42 129 118 101 113 141 54 175 194 70 0
159 120 108 178 192 131 13 159 35 44 76 67 13 75 40 152 92 191 89 38
64 19 137 41 137 136 93 60 167 95 5 78 72 146 73 169 14 129 45 37
87 122 52 57 138 3 144 177 130 158 151 21 22 163 46 165 29 167 135 1
26 60 170 142 43 106 193 173 50 136 98 36 105 168 128 61 112 32 196 102
146 180 171 30 121 178 198 46 17 143 54 118 42 92 194 162 160 6 117 173
163 27 80 70 50 16 71 79 139 174 100 156 84 0 18 10 158 52 9 10
162 53 182 141 5 103 170 122 98 82 104 134 113 24 150 186 103 166 150 127
132 90 82 18 124 51 40 25 29 3 90 7 151 28 176 117 94 69 107 114
20 184 199 30 62 140 17 81 95 75 84 78 147 36 179 4 68 149 165 169
145 4 77 161 195 34 172 121 48 65 154 115 135 99 195 33 199 56 196 181
155 153 66 39 88 58 112 114 14 94 198 176 134 132 144 73 190 85 180 77
148 41 140 131 47 133 23 86 23 31 11 27 16 7 128 49 174 24 32 15
142 31 186 83 157 127 133 105 47 55 182 12 153 19 102 97 166 48 71 120
2 2 164 109 193 147 91 143 125 9 148 160 111 183 74 185 67 188 190 88
192 38 197 187 91 59 63 188 89 33 145 149 100 171 104 139 6 86 116 43
45 57 51 164 74 96 87 125 119 155 187 59 116 152 49 12 101 65 123 83
111 61 56 138 28 64 172 8 110 183 130 189 124 72 20 110 175 69 66 76
191 107 168 119 106 53 157 15 39 58 123 35 181 154 85 93 108 8 126 62
