20
31 155 124 37 199 36 9 85 90 158 79 165 188 10 188 20 106 122 89 100
112 34 66 58 138 127 25 144 106 125 123 47 136 39 63 79 57 153 38 96
189 151 70 44 110 62 103 22 156 191 70 24 121 110 112 174 19 140 24 101
168 6 71 137 108 187 147 131 105 86 4 117 135 2 74 125 172 87 77 160
43 31 145 181 184 149 167 37 195 2 179 166 96 174 128 30 83 23 178 156
71 49 73 153 52 27 194 143 93 5 42 92 152 92 167 78 76 168 159 111
26 151 154 12 88 88 119 45 40 69 191 129 137 194 3 193 7 172 132 192
190 114 28 32 21 94 185 176 83 77 104 133 20 0 133 161 187 102 140 141
170 8 75 6 183 86 93 78 48 135 197 183 159 158 57 28 56 139 72 59
80 1 182 120 124 51 132 75 54 3 42 58 16 161 102 128 11 111 113 129
109 38 171 130 27 138 186 142 98 54 40 18 46 12 33 76 193 197 45 116
73 117 122 171 104 148 67 44 81 22 41 68 55 162 82 55 72 81 173 182
64 53 36 164 189 113 105 17 190 148 91 10 60 46 34 41 14 49 107 33
62 97 149 108 35 69 120 185 21 95 85 109 118 130 15 8 114 118 9 87
17 115 199 170 198 84 89 99 180 43 82 97 84 186 145 177 98 107 95 165
115 196 139 181 1 179 47 65 116 100 142 176 175 30 15 66 150 127 134 13
94 136 154 173 48 29 192 67 152 26 61 184 101 169 103 50 65 39 196 61
150 53 144 157 60 146 99 119 166 51 160 59 147 80 121 4 175 163 74 123
164 16 162 91 198 131 7 90 178 126 56 11 63 50 35 25 126 68 155 163
177 13 19 180 134 146 143 23 32 0 29 5 169 52 18 157 141 64 195 14
