20
158 34 122 98 89 116 49 149 18 68 162 92 6 196 143 134 141 150 66 134
4 161 135 192 115 131 93 28 156 101 46 13 70 7 186 95 71 118 24 2
56 152 22 46 174 21 189 142 125 167 76 175 6 87 54 26 75 84 55 47
62 41 108 36 133 178 107 1 188 0 82 51 106 14 12 64 148 181 186 41
97 181 10 44 119 139 100 30 199 173 195 1 138 35 139 83 105 31 43 163
182 183 9 195 193 198 29 96 37 125 30 60 40 94 137 176 155 182 123 157
50 111 159 92 124 97 142 178 103 72 53 112 68 74 196 121 197 65 198 32
147 25 112 129 160 19 105 190 34 168 166 51 43 193 50 81 80 78 47 187
101 16 99 159 44 12 73 19 7 4 129 130 143 24 90 166 85 169 18 184
191 28 38 77 39 96 93 145 113 121 109 60 69 175 162 172 100 83 39 117
192 81 131 128 33 189 106 9 54 36 67 180 23 123 63 80 20 52 52 179
187 126 116 88 73 58 84 114 184 132 32 108 65 17 194 180 5 45 150 127
137 2 49 21 183 104 69 136 113 117 132 62 151 48 120 79 57 48 37 45
146 114 165 171 99 109 136 22 3 156 57 161 115 13 164 188 85 194 128 171
126 177 164 66 16 35 17 91 78 11 11 76 191 59 103 111 173 145 120 55
27 59 74 53 147 154 86 40 98 176 160 140 152 133 63 177 15 8 61 168
31 42 95 167 64 165 179 172 67 15 33 71 174 138 5 70 110 0 170 56
154 20 153 163 61 157 58 104 118 102 158 25 42 130 155 169 124 27 29 140
86 199 79 90 153 23 88 197 141 3 119 89 14 26 75 185 110 107 82 87
151 102 149 38 94 144 8 146 91 144 77 185 148 190 135 127 10 72 170 122
