20
156 158 168 72 131 78 99 49 126 134 159 112 148 74 196 59 50 98 49 101
97 121 145 139 128 50 70 29 130 187 76 72 174 14 93 44 178 176 47 79
64 163 56 151 47 167 80 164 20 138 185 191 57 128 152 117 71 181 168 129
112 55 149 89 151 169 52 39 188 29 136 30 186 98 164 138 179 44 122 176
86 154 103 82 153 165 115 73 148 52 28 51 13 40 198 71 107 15 184 62
127 83 68 136 191 88 104 124 193 117 150 66 90 9 42 58 140 141 83 42
113 67 131 30 190 153 166 10 82 81 16 146 28 41 116 157 134 59 159 53
12 7 111 170 45 25 17 65 105 102 2 19 121 46 3 197 37 162 137 102
157 12 160 38 85 161 61 195 118 100 0 133 87 188 133 54 125 65 156 38
43 166 14 9 122 132 106 105 86 182 92 181 195 93 6 61 78 194 103 56
186 81 23 39 95 18 85 152 171 25 160 174 96 120 53 161 193 31 20 80
116 192 37 7 180 130 185 99 77 127 184 34 107 60 124 175 26 84 36 167
172 147 179 19 94 41 77 119 69 119 60 173 173 22 129 97 3 89 46 24
189 150 143 32 95 146 91 177 142 31 140 137 155 180 147 104 192 163 108 8
198 54 15 109 23 55 36 73 11 79 66 33 6 187 48 26 100 135 118 110
64 87 68 171 109 57 155 106 172 114 92 8 115 69 18 120 183 190 90 142
96 48 40 70 162 75 35 1 182 170 178 144 194 24 10 165 21 113 108 67
141 22 45 34 177 63 51 145 4 75 62 0 84 199 123 88 43 149 183 197
33 4 17 27 158 35 135 143 58 1 94 101 16 2 74 196 63 139 175 5
13 21 91 154 189 123 126 169 32 5 27 144 11 125 76 199 114 132 111 110
