20
172 2 96 42 71 114 93 2 161 190 90 106 88 50 61 143 192 115 22 102
84 10 60 156 164 86 67 6 132 59 110 5 112 171 146 36 141 134 162 150
47 157 85 33 62 182 136 83 162 166 47 91 9 110 137 81 184 146 169 196
80 186 43 130 117 11 35 10 25 54 188 112 107 124 129 55 24 108 178 195
51 171 21 15 76 69 128 176 70 77 161 165 27 78 82 103 142 82 97 19
131 179 1 111 105 107 167 16 69 160 37 21 118 129 57 26 113 191 147 33
77 1 30 130 99 177 91 121 133 172 104 187 53 183 151 155 49 165 138 70
96 60 105 0 68 94 173 135 3 20 186 66 23 109 57 159 81 67 181 127
193 114 35 98 115 143 178 128 14 65 37 0 64 27 32 133 39 4 120 194
3 53 117 139 34 132 31 131 148 52 39 59 158 16 140 192 101 97 45 78
6 86 144 138 73 127 72 40 17 15 103 166 20 31 123 139 50 8 43 56
152 134 142 167 106 119 197 102 26 175 113 7 71 198 99 40 28 196 185 199
44 95 191 45 145 122 154 65 54 74 8 58 141 30 154 101 177 120 49 176
18 174 124 170 152 183 135 46 197 187 29 149 66 32 170 164 18 52 25 76
173 193 116 89 149 85 75 119 89 34 160 194 72 56 88 153 155 61 188 11
184 87 180 163 63 55 159 24 199 137 180 174 95 158 123 104 19 179 9 108
64 38 12 22 126 92 48 13 38 5 147 73 51 153 140 62 74 163 4 79
17 28 195 189 92 168 13 93 79 136 44 23 185 109 87 190 80 7 75 168
41 189 42 90 14 46 181 126 12 48 157 84 63 68 29 41 151 94 83 144
111 169 116 148 100 125 58 156 122 150 36 182 118 145 100 175 198 98 121 125
