20
174 38 56 119 185 9 86 160 138 34 32 8 113 149 95 179 151 94 137 176
97 23 71 2 133 109 13 134 153 91 23 71 25 19 180 126 11 34 144 52
91 110 195 15 156 180 67 88 114 111 92 166 24 39 163 85 146 130 93 22
164 112 57 123 127 198 131 168 118 42 58 65 4 133 130 76 139 129 9 157
26 154 68 103 135 143 50 199 96 39 131 48 25 63 67 191 102 163 145 1
78 66 37 96 140 167 118 79 198 185 11 73 136 66 117 139 92 170 78 147
196 20 21 69 126 150 188 62 38 64 4 53 173 49 107 189 179 171 22 193
50 55 132 104 90 187 121 138 55 108 84 77 147 191 172 129 181 17 59 171
159 30 161 46 125 56 146 17 43 112 175 140 170 31 192 82 109 182 128 40
7 143 70 28 94 103 64 44 15 106 122 155 37 24 72 27 47 74 157 53
36 187 113 83 135 30 69 151 27 158 16 190 165 153 35 196 80 105 3 51
148 88 60 26 86 8 124 115 12 93 84 164 43 20 10 148 51 61 14 160
190 132 144 82 0 42 145 74 73 21 79 29 12 189 107 31 62 181 97 10
70 100 137 14 177 127 5 194 36 2 44 80 106 183 52 18 192 63 156 174
183 197 35 124 199 85 75 47 3 33 168 89 119 158 169 178 104 141 169 166
193 19 175 184 195 117 98 154 108 155 116 123 186 122 65 120 87 68 5 45
49 40 120 110 0 41 75 173 152 142 99 81 121 182 167 58 54 150 48 7
101 83 152 13 6 45 172 162 136 87 6 100 176 101 54 60 159 161 41 77
114 186 29 149 142 197 165 28 89 32 99 115 162 81 18 76 178 57 184 194
33 188 72 116 134 111 46 59 61 90 16 128 105 125 177 95 141 102 98 1
