20
133 154 145 130 111 99 28 47 10 3 9 6 116 93 136 37 21 90 123 82
184 31 17 25 5 72 46 100 33 103 146 117 47 105 84 191 194 140 147 56
199 115 186 178 49 193 58 14 177 60 13 76 51 174 23 182 189 76 36 194
27 15 34 4 8 192 122 193 185 90 80 168 55 150 183 85 7 102 129 118
155 96 63 174 189 181 98 119 144 106 122 0 173 2 114 132 59 20 74 68
160 102 173 153 18 52 138 107 36 120 198 136 2 139 11 138 147 13 44 123
64 75 29 113 177 159 91 148 171 87 74 59 144 176 185 27 64 0 31 165
112 86 154 94 83 20 95 109 78 38 175 130 164 15 33 35 132 175 32 99
37 146 104 150 195 187 18 128 148 29 41 149 179 127 114 187 164 12 176 3
131 1 23 12 181 1 156 143 128 101 186 117 183 108 17 39 85 51 55 69
7 53 178 92 79 16 86 54 110 161 63 158 109 73 91 184 155 161 143 72
166 110 73 151 134 151 54 182 24 141 34 100 81 26 50 88 22 152 82 179
89 131 89 188 49 94 140 39 14 42 119 180 95 162 43 142 84 67 103 196
152 171 66 87 198 61 153 167 60 170 190 30 70 125 121 180 8 71 57 192
162 118 104 62 165 19 77 97 68 11 32 163 24 190 19 163 135 197 65 167
158 65 156 115 78 112 66 46 77 93 70 88 69 43 197 45 111 40 58 45
145 52 125 124 127 199 25 44 22 172 67 172 168 157 108 107 141 35 113 5
170 169 48 81 159 41 61 149 92 121 157 96 6 137 83 10 48 9 98 133
71 188 195 105 126 57 42 116 28 56 38 79 97 40 50 126 139 62 101 21
124 16 169 53 196 120 191 135 134 160 129 137 80 75 26 142 106 166 4 30
