20
86 143 66 1 36 165 150 141 64 191 145 91 32 81 186 61 171 55 170 23
107 13 115 103 51 17 132 199 66 124 62 96 59 82 71 57 43 125 97 9
179 29 166 48 156 72 29 119 10 151 50 70 74 138 178 114 147 100 116 34
193 172 43 45 136 74 78 16 52 17 0 77 184 107 170 158 33 23 82 109
38 94 112 102 118 121 188 102 198 139 68 52 135 47 116 81 55 3 30 42
187 130 24 149 157 143 27 56 119 25 39 106 22 110 168 7 101 69 30 178
19 46 84 113 199 140 120 28 105 87 41 181 69 141 164 179 124 117 88 160
60 164 88 21 12 194 166 153 129 185 11 25 72 110 62 92 14 183 181 190
5 44 184 173 78 127 139 160 1 104 49 90 126 175 6 28 99 128 65 152
92 136 73 75 36 190 64 140 122 54 77 137 121 129 174 63 185 41 15 146
114 180 37 20 103 151 97 60 32 138 155 34 2 79 195 15 159 18 171 159
47 94 80 70 80 149 31 19 189 106 161 37 83 86 180 2 196 145 131 115
100 95 24 20 152 38 4 193 198 45 96 40 93 53 118 112 157 98 67 59
134 155 27 67 168 142 192 68 101 76 33 7 126 0 154 61 4 173 188 73
133 99 42 87 89 175 187 53 108 39 35 194 174 85 3 109 105 26 161 197
162 95 154 40 127 21 90 122 11 125 128 195 150 135 131 182 75 50 183 117
63 148 197 167 48 177 153 191 162 137 163 35 89 85 123 196 148 167 79 176
5 113 91 51 147 176 189 93 156 12 130 57 8 111 8 6 163 16 144 71
108 186 84 144 10 14 18 58 133 146 192 9 123 142 54 169 44 134 83 169
165 111 182 104 46 56 65 49 22 31 58 172 177 158 132 120 98 13 76 26
