20
125 31 98 29 41 145 65 162 51 188 153 85 5 140 43 167 64 180 184 198
117 178 22 151 66 169 40 118 16 58 14 96 79 159 28 95 107 115 128 84
28 11 178 164 52 130 119 175 87 135 132 192 95 172 1 194 61 193 38 32
54 21 20 100 114 120 43 54 176 130 192 60 17 197 77 164 170 177 118 40
196 90 50 50 46 101 13 170 185 183 20 179 45 180 63 198 94 187 187 199
162 190 59 96 133 102 65 56 144 2 150 12 72 195 196 148 3 15 23 142
135 112 110 126 2 111 152 193 6 12 73 181 83 171 125 71 72 75 143 137
141 161 169 93 23 91 195 0 0 69 86 108 168 24 137 155 44 166 39 117
147 30 62 148 47 49 37 55 184 58 175 123 103 30 173 142 88 179 45 186
172 97 124 21 3 77 34 4 14 150 113 111 194 191 166 60 156 44 109 48
7 127 139 36 112 107 15 33 159 131 35 10 189 39 42 189 144 114 105 110
32 52 34 134 16 74 83 78 25 161 100 11 8 101 29 38 80 154 10 74
132 174 35 78 57 129 86 59 57 116 36 81 13 27 185 182 121 46 183 182
119 128 84 133 126 131 151 181 89 143 76 153 156 53 146 37 18 71 75 53
188 68 190 121 42 17 160 64 147 173 197 109 26 56 171 79 174 69 127 136
157 145 94 186 134 163 165 18 8 99 115 158 99 51 27 138 9 67 4 97
157 25 61 88 31 168 191 19 123 139 155 129 82 116 73 199 22 106 70 26
122 136 165 102 89 146 140 70 81 24 82 149 176 103 93 92 63 105 85 124
49 6 33 7 68 108 160 106 98 90 154 9 113 152 141 177 55 62 67 66
104 167 120 92 104 91 138 41 158 47 76 19 122 149 87 48 5 163 1 80
