20
112 76 178 156 176 148 172 69 99 143 70 40 5 170 147 89 16 145 47 100
174 3 54 11 113 117 43 191 56 55 25 113 167 23 157 109 198 140 133 94
77 131 90 134 2 100 38 95 111 174 28 30 186 104 21 22 107 131 195 136
163 8 50 158 183 150 11 101 69 171 175 186 84 32 139 92 155 97 58 190
119 70 66 45 3 99 8 80 198 29 108 79 72 35 55 193 60 135 93 142
64 44 132 4 63 0 169 132 36 73 165 157 13 121 76 81 194 136 53 151
184 59 104 143 164 14 177 114 51 156 61 111 7 169 26 27 88 21 144 152
167 196 38 150 178 146 78 197 51 84 48 2 23 137 181 47 182 98 12 13
121 43 162 32 130 149 161 173 80 125 151 66 15 18 1 33 42 199 191 149
56 74 30 137 88 85 96 49 90 190 19 108 87 72 120 67 180 73 163 67
62 68 17 63 177 58 103 120 44 53 128 130 28 33 114 97 79 152 87 172
37 154 166 187 192 39 6 166 19 101 188 127 24 61 127 83 45 86 65 46
20 134 48 81 36 91 60 83 126 62 155 141 146 24 18 158 123 4 71 110
7 9 39 128 16 98 75 78 29 64 107 168 112 129 179 54 25 185 179 34
71 93 195 176 49 102 35 27 181 125 194 31 106 17 10 199 6 0 42 171
185 164 50 141 59 160 189 183 122 106 95 154 196 57 75 153 96 153 74 115
147 145 52 5 188 117 14 37 168 118 94 22 118 116 159 92 9 20 122 34
142 129 82 40 182 160 41 133 82 187 102 31 173 91 68 189 165 12 109 144
52 110 46 85 161 26 10 41 138 148 86 116 184 89 159 140 123 139 115 138
162 192 175 135 105 65 103 105 15 77 126 193 119 180 1 124 170 197 57 124
