20
194 145 114 41 87 74 80 99 124 70 183 112 72 164 32 184 86 163 181 109
161 82 149 153 60 78 73 37 177 123 39 70 175 26 100 198 34 35 84 113
79 71 132 63 110 24 71 83 159 89 143 77 17 193 52 146 182 10 105 41
5 97 115 148 134 57 21 141 93 196 178 130 57 195 25 0 13 86 6 40
7 36 33 67 38 43 92 171 180 2 168 62 181 124 100 107 6 129 66 10
52 120 165 169 72 94 143 74 53 180 125 174 29 1 5 93 168 140 187 75
81 4 96 67 189 129 126 162 19 4 45 59 18 137 8 122 190 98 3 195
31 185 65 99 46 101 21 184 37 61 30 161 139 90 176 27 49 156 25 128
164 115 34 28 96 146 8 45 116 150 44 119 66 91 16 135 142 135 137 193
77 194 98 51 103 157 95 73 188 113 65 127 106 145 166 68 125 36 55 91
90 11 19 148 197 108 183 111 186 155 83 16 12 149 54 133 54 117 104 39
147 94 60 160 92 131 42 26 109 102 40 22 24 27 121 111 136 32 144 3
155 63 128 119 33 2 69 118 123 107 179 62 163 134 112 199 114 154 58 35
102 198 29 22 9 197 147 130 132 159 162 75 47 50 108 116 104 122 78 190
140 172 182 97 28 110 76 153 23 105 160 196 15 126 53 85 186 88 165 87
50 13 14 152 84 0 42 136 106 150 152 9 89 120 1 68 95 48 177 11
85 169 167 167 69 142 49 17 117 88 157 166 15 43 188 81 61 12 131 138
20 46 30 138 171 170 51 79 56 174 175 191 173 121 154 191 189 64 173 80
170 139 199 176 185 47 151 187 82 48 20 7 118 59 156 141 151 31 14 144
23 56 158 103 192 38 178 18 127 133 179 76 158 55 44 64 101 192 172 58
