20
160 184 32 52 152 128 173 75 2 57 5 180 18 79 81 83 3 164 99 84
54 151 61 13 72 98 114 15 68 185 168 155 198 198 73 66 82 85 105 67
166 110 32 59 1 127 148 34 96 10 59 161 87 43 90 89 137 146 71 145
194 88 112 187 36 39 139 167 120 17 135 154 30 5 79 86 77 119 155 62
160 123 130 25 188 150 106 28 193 7 82 35 116 95 195 25 78 169 105 142
162 133 143 166 182 196 151 24 157 69 66 74 132 23 113 64 153 141 46 128
26 171 152 72 173 196 171 51 60 103 179 53 65 156 110 183 89 117 12 170
70 45 56 129 165 176 86 141 140 99 20 159 115 140 36 10 174 168 181 97
177 0 21 29 47 44 174 38 28 12 107 58 188 13 94 104 112 103 107 106
199 122 14 197 22 92 134 40 131 172 104 159 138 125 199 157 61 88 161 37
2 165 77 185 57 64 109 111 133 194 183 147 134 175 85 19 139 145 63 54
9 73 176 18 191 149 52 50 76 31 67 179 169 125 55 27 172 113 186 163
137 148 50 16 38 175 8 136 126 0 56 149 24 130 80 31 178 35 144 51
46 4 147 109 197 15 87 158 62 78 164 121 98 33 55 102 49 11 111 191
44 8 108 39 3 81 189 190 129 153 193 118 58 22 76 192 74 6 184 16
94 150 178 119 143 83 124 136 170 135 187 34 102 127 122 6 177 93 182 37
60 195 84 114 43 118 9 97 21 167 93 117 189 30 42 96 162 124 91 19
42 100 108 192 33 92 20 132 49 29 63 158 41 40 146 163 7 69 75 1
14 100 120 41 91 142 90 45 156 80 154 70 131 186 190 65 26 53 121 144
180 11 126 101 4 123 68 48 138 27 71 17 181 95 115 116 23 48 47 101
