20
47 82 155 13 180 183 140 194 97 49 105 114 151 88 144 190 25 87 157 168
133 125 100 40 163 34 87 24 132 72 172 167 169 120 26 65 101 196 123 4
11 56 108 145 163 69 191 104 22 156 150 85 154 146 17 199 122 37 90 71
164 157 39 41 93 81 101 42 186 109 150 83 46 36 159 77 44 147 52 1
1 88 8 148 131 28 135 176 68 49 137 106 43 123 94 79 36 2 166 194
122 173 176 183 9 127 55 26 148 198 119 10 30 91 166 147 143 4 97 62
33 15 174 146 170 130 48 7 63 110 12 185 167 159 149 191 16 30 70 14
15 62 184 50 34 155 102 29 134 126 95 14 134 139 136 32 64 199 86 45
127 82 61 79 165 171 31 6 162 29 103 53 45 181 149 41 93 145 72 195
89 44 73 5 86 172 189 60 165 177 187 117 74 131 142 129 132 152 125 59
140 89 54 78 113 152 51 74 109 65 80 13 99 188 137 20 84 59 192 161
164 104 5 196 187 33 21 22 58 153 57 124 175 40 128 160 156 66 19 179
177 92 171 6 96 121 193 90 28 192 168 61 31 85 66 70 142 112 98 25
99 189 47 100 0 118 81 116 181 46 110 11 197 19 178 16 154 73 12 3
84 139 76 188 55 174 39 63 43 60 91 151 128 180 20 158 107 143 78 113
38 80 58 193 76 92 0 182 18 115 119 23 3 179 57 83 64 98 185 160
68 108 197 56 190 116 153 2 106 17 195 130 184 129 48 112 35 141 67 138
158 105 103 198 115 52 96 7 111 135 95 50 170 27 138 161 75 141 53 111
27 18 67 69 186 9 133 117 35 21 169 94 37 182 118 8 77 124 23 144
120 121 10 175 107 32 42 75 54 178 173 136 71 24 114 126 162 51 102 38
