20
151 51 165 166 118 92 115 114 84 198 103 53 52 156 141 29 23 66 177 84
24 142 55 49 158 118 106 108 60 9 77 47 98 148 71 57 1 46 62 36
19 187 22 21 197 113 196 159 147 94 126 110 163 99 75 61 52 5 78 93
86 150 14 133 24 100 3 112 156 42 23 117 87 198 56 158 12 116 22 169
172 81 109 146 100 132 9 160 162 176 32 21 70 195 26 16 197 178 105 37
194 137 94 70 182 170 74 90 179 130 17 25 167 152 65 164 153 97 87 129
175 157 33 37 30 32 110 102 35 59 61 89 124 119 164 174 113 66 6 50
114 79 62 99 125 199 6 18 11 117 40 101 82 95 39 73 174 8 195 33
7 184 0 77 169 60 131 143 153 152 56 59 181 35 170 3 161 159 64 182
10 25 168 41 134 128 171 27 38 54 98 108 155 64 154 29 172 177 1 139
193 80 124 129 91 30 63 41 72 107 39 48 40 15 48 163 187 109 20 121
120 96 189 28 122 126 79 20 173 15 185 147 160 173 192 28 80 96 178 186
34 63 188 192 0 186 157 106 149 76 161 136 138 102 116 142 180 105 191 73
103 127 88 67 134 190 154 121 53 185 38 75 112 31 49 111 10 4 120 180
111 95 140 19 55 51 43 144 165 175 42 47 93 107 179 155 13 12 176 149
68 150 67 128 119 123 44 44 27 123 46 168 104 34 57 65 16 90 199 36
151 11 82 14 85 2 8 146 72 144 139 189 31 104 143 83 69 188 45 18
190 196 92 140 13 184 166 181 74 167 86 50 91 89 127 54 171 145 88 17
141 115 81 138 133 71 97 45 43 5 191 130 137 135 58 26 145 101 136 7
125 2 194 68 183 183 83 4 162 85 122 193 58 135 76 131 69 148 78 132
