20
21 25 121 81 103 113 94 29 40 119 105 191 167 151 53 154 104 22 80 178
35 92 23 28 147 146 39 134 23 111 152 62 76 120 88 8 102 141 143 193
117 89 2 10 100 137 29 13 35 71 138 83 174 58 13 9 5 98 189 153
199 94 39 164 22 159 77 162 21 14 161 1 64 61 142 157 69 177 43 50
190 79 145 42 26 30 169 85 84 34 86 172 108 168 114 45 125 37 126 179
26 47 12 93 1 63 195 137 107 120 138 85 184 53 118 64 30 181 145 118
70 72 11 121 139 131 114 136 82 149 173 144 82 154 181 188 33 163 112 150
142 123 62 11 31 6 59 187 130 93 37 76 176 55 46 19 163 28 126 132
183 149 196 134 0 195 81 191 139 54 4 69 196 70 99 192 189 49 167 84
130 190 172 197 2 79 198 155 146 16 152 91 41 111 55 165 96 128 170 182
61 119 132 18 74 83 87 123 44 170 107 80 34 183 161 109 188 95 193 90
36 179 24 78 68 180 122 15 182 194 148 44 147 9 67 46 135 88 74 97
51 31 162 48 102 101 25 45 75 59 14 50 164 3 67 98 71 151 60 131
135 117 175 7 158 169 128 86 109 148 10 72 101 41 91 129 48 56 156 198
42 173 116 77 186 6 141 115 17 116 166 97 96 66 65 15 12 115 3 133
38 57 58 20 4 95 129 24 165 57 38 140 104 185 133 153 51 7 100 124
194 78 60 160 125 90 65 73 73 52 16 87 178 110 112 75 177 136 157 105
27 8 92 17 19 166 127 63 150 174 186 52 197 158 171 89 43 47 187 140
0 106 122 113 18 103 20 192 66 180 108 54 56 32 99 184 185 33 156 27
171 36 40 143 176 106 49 127 155 5 175 110 168 68 124 32 199 144 160 159
