20
89 107 105 98 82 112 119 64 11 197 176 9 82 49 193 10 63 54 63 100
13 65 139 185 72 86 195 152 160 155 102 134 156 91 108 187 180 179 142 124
139 60 85 188 95 77 76 6 78 12 70 35 134 135 67 169 90 66 36 4
24 99 71 199 8 17 2 64 117 73 162 131 14 194 98 174 171 65 184 194
92 123 88 161 3 178 164 30 156 81 19 55 103 104 189 116 15 164 165 154
113 33 101 74 58 5 102 13 126 80 121 171 182 132 166 73 175 143 191 18
136 93 58 62 166 25 141 116 66 101 95 32 122 26 57 0 23 161 48 108
96 180 190 44 23 61 174 15 74 133 21 157 56 103 105 150 62 126 110 192
46 141 35 42 140 94 158 106 31 167 68 7 130 14 100 83 80 60 152 39
53 195 124 27 129 153 53 7 177 138 75 144 198 143 165 159 32 8 132 59
137 185 168 17 158 136 37 84 140 50 41 22 181 173 46 114 115 22 183 198
146 125 117 106 28 178 154 49 170 84 93 70 92 71 109 147 16 148 172 75
20 179 40 34 52 77 125 144 67 133 69 25 186 110 24 138 79 28 186 2
128 120 38 85 45 191 169 86 167 68 44 12 26 145 153 107 78 149 55 47
33 50 79 162 5 175 150 4 43 113 90 30 118 45 120 109 18 189 130 56
87 131 83 121 9 29 181 149 6 20 59 10 184 127 104 111 52 21 42 48
47 89 99 146 94 128 159 172 97 176 163 114 192 31 34 39 137 97 122 163
43 129 1 91 61 3 173 183 145 188 16 135 196 51 37 40 151 157 96 111
155 118 57 29 170 187 51 36 19 1 148 190 41 27 11 119 76 112 196 88
151 182 168 193 123 127 72 147 142 69 197 81 160 0 199 177 87 38 115 54
