20
20 96 163 105 45 22 57 179 132 127 157 42 42 83 46 13 155 67 141 93
175 120 48 61 115 5 15 190 198 106 60 65 173 152 144 69 184 182 160 74
92 55 113 193 74 15 14 6 49 25 104 32 7 69 56 172 145 130 199 142
94 182 119 173 88 29 49 64 29 195 115 157 189 39 126 137 100 97 179 174
32 0 135 10 39 136 150 133 81 145 129 9 18 125 197 151 70 118 93 21
124 28 103 89 155 156 174 25 148 10 165 158 48 122 36 160 19 131 99 118
107 143 105 165 59 112 187 33 68 107 138 58 82 54 102 35 27 54 11 34
87 63 194 66 159 53 131 80 5 37 111 187 149 134 45 147 146 178 153 16
137 113 112 168 147 85 86 119 100 170 159 103 71 94 128 12 143 43 151 169
41 86 188 90 77 1 79 154 110 101 163 199 166 72 156 123 56 114 51 76
79 109 82 18 62 129 122 184 78 120 189 70 192 139 7 38 135 106 26 50
99 121 146 64 53 75 41 97 66 73 73 197 162 164 152 191 167 128 0 192
177 176 67 188 153 171 166 87 175 132 31 144 30 138 3 142 80 65 130 108
51 83 38 3 24 2 139 50 136 12 1 178 84 26 104 8 81 9 124 36
62 23 71 46 95 117 196 195 40 34 150 52 4 198 185 2 37 172 40 90
76 169 31 8 116 167 77 111 186 68 61 33 191 110 6 134 75 14 78 17
19 47 47 180 123 23 114 98 125 121 116 194 92 85 43 126 95 183 181 161
154 193 44 140 57 89 164 30 141 21 22 24 4 127 161 186 84 13 117 196
27 98 96 190 158 28 16 162 72 101 17 109 108 58 20 91 59 133 102 177
149 168 91 148 176 35 52 88 180 181 11 63 140 171 170 55 183 185 44 60
