20
93 154 55 190 43 142 128 158 91 9 151 12 172 120 45 81 34 54 36 125
156 141 22 159 70 179 30 107 28 25 178 167 140 13 74 140 181 13 185 4
176 81 126 182 105 165 154 134 0 20 67 19 142 127 31 188 86 103 144 91
126 24 22 133 16 56 157 17 113 37 21 184 175 0 3 95 199 73 131 174
190 37 78 124 150 36 63 18 180 197 85 152 53 44 156 123 63 94 164 88
139 143 186 114 52 116 29 49 191 109 196 32 27 58 136 3 164 38 72 69
12 100 8 131 59 64 98 112 115 74 175 101 125 161 60 194 120 78 85 1
33 189 73 124 176 196 101 39 153 33 113 135 66 25 57 161 109 132 150 138
61 102 50 168 116 172 49 170 183 71 69 48 61 83 97 169 158 169 67 171
153 98 11 2 20 122 88 2 112 117 29 76 102 51 187 118 89 70 48 110
26 177 181 84 6 127 68 115 14 21 148 146 170 133 86 79 198 45 174 96
6 28 82 87 105 39 160 177 68 114 162 178 134 18 165 147 56 9 95 132
188 183 147 10 163 71 31 14 168 92 41 166 149 80 135 195 93 155 166 32
100 7 195 82 87 90 97 59 7 46 79 103 167 118 15 145 83 189 24 173
99 23 58 17 197 184 198 107 4 38 192 26 110 40 136 148 64 35 180 8
47 54 42 123 16 117 194 121 75 55 92 75 137 96 128 122 90 5 77 199
44 66 72 53 65 80 50 173 149 121 57 185 104 111 152 99 62 108 163 94
108 47 42 193 34 146 1 15 130 19 35 119 145 129 30 89 52 155 119 139
191 46 40 137 77 65 182 130 51 104 41 144 186 60 23 162 171 193 106 192
10 160 27 106 76 187 11 111 157 84 151 62 129 141 179 143 43 138 159 5
