20
91 167 18 77 177 75 97 199 84 156 50 141 34 168 93 12 86 74 189 190
140 118 17 173 7 40 111 113 180 82 122 42 119 154 151 139 147 98 141 188
85 14 45 161 90 20 89 62 22 110 64 155 134 96 185 31 78 72 3 102
128 125 107 3 117 117 159 56 121 9 100 132 108 33 94 11 16 68 142 57
103 136 46 39 72 134 5 106 148 192 73 132 165 38 60 183 133 126 99 144
116 28 170 136 1 166 90 142 121 67 120 32 135 114 143 27 193 21 69 150
65 109 184 193 161 30 61 47 120 50 113 176 145 102 92 76 80 151 65 45
167 104 88 182 22 123 9 164 63 147 55 53 70 82 148 199 95 27 198 29
158 175 137 7 13 172 49 25 127 23 47 101 54 98 71 87 192 185 105 171
37 191 153 73 44 8 5 105 174 112 94 56 43 145 115 84 11 26 51 119
174 67 170 154 168 106 125 20 54 131 34 76 6 59 32 149 169 91 68 42
53 41 35 118 52 33 107 30 126 179 0 160 44 62 186 138 78 75 160 69
87 127 181 173 80 189 190 191 70 41 49 187 197 88 115 196 149 97 140 83
58 14 0 55 43 77 60 4 10 92 74 101 37 4 99 15 150 116 23 178
176 143 146 19 181 10 95 51 13 186 16 183 31 96 86 36 194 156 52 63
159 48 40 66 144 177 58 103 2 100 194 64 66 162 110 188 2 129 1 163
196 59 35 25 83 46 124 158 197 137 26 57 114 180 108 17 153 71 18 15
8 171 130 48 81 12 133 79 89 146 163 36 152 6 24 157 111 165 157 93
79 195 166 162 109 182 61 29 112 19 39 172 131 152 21 129 123 179 155 122
124 81 138 139 178 38 169 198 128 164 187 130 24 135 28 85 175 104 184 195
