20
145 93 20 143 108 19 87 153 62 118 39 45 75 34 110 196 29 71 50 85
184 84 31 105 192 0 14 120 137 131 147 122 160 152 15 92 11 107 149 60
186 57 182 4 39 46 21 70 148 164 181 125 112 42 97 19 191 193 117 82
71 33 91 59 75 114 154 81 176 177 53 3 147 129 7 190 36 61 148 116
118 169 129 55 160 187 177 188 133 151 106 188 175 63 166 178 163 105 17 131
194 141 90 64 173 121 53 17 193 189 47 65 73 48 150 31 164 24 174 189
185 88 119 86 176 109 151 40 102 104 7 56 96 54 16 192 142 80 145 35
49 95 143 185 13 91 98 87 187 66 140 18 8 115 179 21 175 59 130 97
83 99 142 57 199 120 168 48 51 102 24 15 37 157 198 113 162 76 152 136
141 1 23 10 168 165 100 127 79 42 32 136 34 52 144 154 153 196 81 70
1 184 41 98 96 159 183 37 10 139 191 182 46 108 111 5 132 35 167 80
30 159 111 25 133 86 170 190 28 198 123 101 69 49 9 2 170 60 149 41
95 90 134 64 180 179 67 68 36 43 52 195 135 94 47 58 146 23 181 74
138 165 84 45 16 127 194 121 65 116 178 94 186 138 126 137 195 104 68 44
161 166 161 92 158 54 197 163 172 28 180 5 156 107 199 27 106 101 2 134
6 174 122 18 112 117 33 144 66 38 157 128 22 69 100 183 82 4 72 13
32 140 67 26 26 20 40 93 77 89 113 85 27 12 126 110 63 115 77 158
155 172 169 25 139 74 109 99 61 78 156 50 62 114 171 89 11 162 150 6
0 73 44 171 76 124 38 3 135 103 56 30 83 51 173 197 79 132 72 29
43 14 58 119 103 128 123 88 124 146 155 12 9 130 55 125 167 22 78 8
