20
38 16 87 129 84 0 17 83 12 31 40 123 82 88 24 103 73 26 9 179
188 71 30 182 3 14 123 53 107 151 73 138 118 180 111 114 195 157 111 134
71 150 81 153 145 125 194 21 184 196 67 146 100 149 160 174 97 23 62 127
20 119 22 2 104 143 22 77 180 115 151 59 122 21 193 130 177 139 33 40
173 66 171 190 103 186 10 54 3 157 101 0 122 39 176 45 130 55 178 106
89 163 125 38 159 187 178 108 150 74 148 142 89 190 172 199 7 182 117 43
96 137 29 84 76 95 83 147 49 48 164 11 161 184 193 141 90 49 46 183
156 189 12 57 120 51 88 169 64 77 5 171 2 47 105 28 62 124 25 95
154 188 99 132 59 115 173 112 127 72 128 36 13 1 124 179 128 60 32 176
4 109 8 183 52 9 112 134 181 107 185 196 168 119 155 199 133 189 192 85
16 110 15 102 158 46 152 116 14 108 172 17 7 97 26 102 67 96 37 78
79 93 27 170 117 143 121 98 135 20 192 32 30 29 50 126 15 137 133 44
87 149 100 162 42 144 174 90 93 86 27 144 113 61 185 159 69 74 5 48
86 116 92 68 165 43 154 145 198 165 70 113 56 105 140 75 4 136 63 1
162 6 19 146 58 19 53 158 131 81 85 72 175 109 69 8 198 54 106 42
94 65 44 104 155 6 164 121 175 35 45 147 187 13 68 101 52 10 41 25
152 135 92 197 61 163 110 186 138 160 142 153 80 91 99 195 55 75 191 47
191 18 28 18 36 91 65 120 64 37 98 24 131 141 70 63 66 34 94 23
31 169 76 56 194 82 114 39 136 140 80 166 79 166 126 118 161 78 170 132
181 33 41 167 197 156 177 35 129 168 148 51 58 139 57 167 11 60 34 50
