20
36 72 23 35 98 49 178 87 71 34 2 149 52 108 113 47 131 57 139 107
94 27 155 164 64 111 105 101 112 0 56 136 9 154 122 141 106 147 179 113
30 160 87 122 28 48 77 184 14 91 68 130 48 8 180 67 74 61 164 109
31 176 151 69 86 88 60 61 131 36 78 156 98 54 6 144 93 96 143 123
5 189 34 32 133 0 174 170 141 99 119 45 157 46 62 97 92 84 130 172
15 189 53 53 3 150 19 163 146 10 55 25 42 190 43 137 178 140 175 9
1 102 144 22 115 4 5 195 32 4 26 124 79 117 1 177 41 51 86 76
96 167 132 135 118 195 112 128 116 95 83 17 193 103 39 105 57 104 24 104
15 90 63 64 19 145 24 186 3 91 110 173 88 197 133 120 66 33 198 13
126 46 89 169 11 149 47 31 138 162 147 158 50 196 39 38 23 183 7 157
155 29 78 56 127 181 146 97 153 162 8 13 20 180 121 129 137 191 188 192
54 103 20 121 75 170 30 73 198 151 134 159 182 40 66 74 117 55 102 143
7 174 161 93 166 167 100 33 176 12 119 81 82 65 199 171 124 161 60 37
127 194 168 62 129 82 165 194 193 11 17 182 160 25 69 108 142 184 16 73
163 72 188 166 165 154 159 152 145 63 106 79 187 26 37 2 135 114 76 136
110 190 83 99 85 42 168 116 142 107 29 52 51 40 65 173 80 114 134 156
171 111 22 128 70 197 10 81 169 132 120 58 177 38 185 89 77 192 150 95
21 196 185 186 80 68 125 148 6 140 18 43 183 158 14 28 75 115 139 123
118 44 100 153 179 181 27 175 85 191 126 101 35 125 12 172 59 59 138 70
94 18 148 187 49 50 41 71 92 58 199 45 16 21 152 84 109 67 90 44
