20
125 109 170 62 20 175 113 46 34 157 78 112 12 136 98 120 53 67 95 96
18 104 151 81 194 52 182 77 2 164 108 186 9 141 75 57 184 1 12 62
172 13 190 108 83 6 159 8 30 41 141 100 88 64 160 72 54 129 162 74
60 114 23 191 197 39 73 184 95 17 112 28 162 82 65 88 143 70 105 37
29 10 137 70 163 63 151 94 103 5 197 181 83 134 135 133 138 42 128 17
38 149 187 7 175 58 186 46 23 48 81 130 51 13 110 183 64 91 171 176
4 99 18 5 97 170 116 93 131 166 143 149 74 9 163 43 147 96 42 133
73 179 14 169 2 139 75 132 76 150 188 125 40 145 150 172 191 156 155 45
21 190 167 136 31 55 87 71 44 173 57 158 32 130 126 98 142 0 156 109
59 27 165 127 10 79 33 65 142 188 47 101 7 80 148 14 182 193 69 44
120 19 48 111 97 61 1 86 180 196 177 196 135 99 11 63 51 89 168 195
144 194 153 102 93 56 36 181 6 107 49 68 100 140 193 19 153 76 92 94
145 25 117 84 106 37 152 68 90 161 115 152 134 27 185 173 85 154 67 174
113 87 132 105 33 124 69 138 160 22 58 40 116 47 159 107 147 187 41 28
124 167 85 164 111 115 39 49 121 26 189 52 198 35 72 101 118 66 129 104
21 189 137 61 103 102 183 60 77 11 118 131 32 30 174 119 15 177 146 22
45 26 92 0 123 117 168 3 50 176 15 169 140 154 119 180 71 29 43 84
178 166 157 155 16 4 128 121 82 24 53 158 192 192 126 16 114 36 38 55
89 199 122 199 90 35 161 144 86 106 171 127 91 34 165 25 50 122 54 179
8 59 178 78 79 56 3 185 195 20 139 146 66 123 148 110 80 31 198 24
