20
84 185 14 65 154 132 66 121 152 177 43 170 166 12 190 47 32 2 183 45
95 114 52 182 48 8 85 26 40 131 114 154 139 112 7 36 34 110 1 71
193 28 186 30 115 65 133 16 86 124 90 11 118 153 35 68 162 38 24 182
59 53 160 199 72 80 94 23 9 17 140 33 120 151 55 88 148 15 150 97
78 157 94 36 42 168 24 89 28 126 123 7 78 98 174 83 10 176 106 18
107 29 126 87 184 184 141 131 120 26 41 169 171 141 135 105 21 75 4 79
160 64 3 180 53 168 156 35 121 122 9 181 10 147 22 138 99 47 42 8
147 51 91 177 193 152 166 149 135 119 32 117 43 192 25 56 44 4 103 183
172 191 87 58 110 92 64 60 81 84 3 29 19 101 144 70 150 125 69 66
56 172 69 129 103 115 130 179 162 105 18 156 11 57 167 144 164 38 21 0
194 128 34 188 191 93 159 109 158 139 44 54 49 60 140 195 104 54 100 167
197 71 92 142 57 79 31 15 97 100 143 73 111 137 173 145 6 46 188 170
101 161 82 143 146 124 62 163 128 117 187 196 22 179 189 77 197 151 109 61
30 83 50 149 174 155 137 113 178 49 20 132 82 0 20 171 93 134 25 37
161 138 5 61 39 17 19 122 6 146 63 148 2 157 98 136 189 67 164 169
108 85 158 194 142 13 59 58 5 72 185 50 74 96 90 134 13 52 81 95
175 96 123 88 46 27 178 113 176 23 112 106 80 163 199 104 102 75 119 107
63 1 86 173 73 127 45 136 159 198 91 76 74 68 14 111 41 192 27 55
129 67 165 153 70 116 16 186 145 31 37 181 180 195 130 155 133 118 89 165
127 48 102 187 51 40 175 198 190 76 125 116 33 99 196 39 62 12 77 108
