20
181 79 53 13 100 86 54 143 177 51 55 119 162 195 129 97 194 152 96 25
26 97 100 48 44 75 165 179 89 185 167 180 173 20 95 49 45 61 15 9
146 156 178 60 107 102 186 85 18 78 181 73 198 34 190 88 52 81 155 42
148 153 171 101 186 23 25 114 103 199 145 114 6 196 56 107 105 21 61 41
76 125 159 195 44 138 63 83 142 159 55 176 95 190 192 49 50 171 169 139
94 110 27 21 160 41 2 126 131 169 28 47 139 122 175 71 109 3 149 14
10 92 20 69 177 183 43 72 71 13 134 138 184 43 57 122 157 3 39 74
165 175 19 77 134 102 81 120 53 172 82 158 144 98 117 23 78 31 106 18
193 5 98 88 35 92 161 112 83 39 99 111 2 16 113 63 116 85 191 60
67 133 34 194 67 192 112 173 7 198 91 37 151 160 129 68 14 38 68 28
136 90 84 62 128 164 164 115 137 29 126 6 117 74 99 150 163 17 58 24
157 108 123 162 1 87 52 104 163 118 33 161 151 79 116 10 106 15 144 189
8 135 58 147 180 38 11 84 36 42 105 154 4 140 185 72 11 94 16 179
131 158 154 137 189 197 118 155 22 170 40 91 132 132 75 96 108 66 36 17
124 148 62 64 133 54 93 127 5 111 182 135 182 30 115 59 188 48 70 128
143 123 167 130 172 82 69 193 32 0 12 93 57 156 12 37 76 130 30 31
70 65 56 125 197 101 32 7 146 19 176 24 184 187 35 46 9 142 188 29
168 73 199 136 89 45 152 110 0 109 77 141 90 120 145 50 166 119 46 150
47 8 153 80 141 191 26 147 168 33 65 124 40 4 113 140 174 174 121 166
121 170 51 66 127 103 149 178 196 22 183 86 59 87 80 187 104 27 1 64
