20
190 140 38 52 96 173 61 185 35 40 3 152 180 63 153 25 163 122 181 150
173 26 152 1 25 7 129 199 76 99 60 109 110 95 75 6 0 162 48 187
40 79 62 59 41 26 151 38 178 131 139 84 195 107 133 57 145 114 75 156
144 56 123 84 118 86 57 28 118 11 133 47 70 101 8 20 111 55 49 185
194 101 17 43 129 29 189 127 63 146 10 134 104 69 182 32 136 159 115 9
179 59 157 135 30 77 128 193 127 44 46 143 130 166 33 54 82 110 60 4
23 108 156 3 31 80 130 168 58 145 51 53 79 7 64 180 154 105 115 87
189 148 165 30 39 24 198 53 85 2 89 124 197 112 158 138 64 22 119 89
187 126 15 97 46 103 51 72 99 167 17 102 70 41 102 71 12 100 136 164
140 158 33 183 0 170 13 36 1 48 176 85 121 121 90 50 169 116 67 199
45 18 72 66 37 182 44 155 91 143 196 31 142 36 76 104 125 86 91 112
10 183 15 193 103 8 106 5 19 22 124 21 178 81 151 172 153 120 142 165
80 12 61 186 113 146 108 123 73 67 29 65 191 23 27 49 135 160 144 27
94 166 39 155 88 174 35 190 120 97 2 191 13 42 92 175 179 16 141 192
65 66 6 175 52 196 69 114 94 98 56 139 113 195 82 4 164 11 93 74
88 107 19 161 78 119 170 98 137 150 105 42 176 167 95 161 125 122 14 137
117 157 149 34 162 100 77 177 78 188 37 141 184 184 68 28 154 54 198 45
21 134 93 174 62 83 109 5 96 71 147 111 177 50 87 169 138 81 32 160
172 168 132 47 194 132 116 55 192 16 163 24 131 73 188 126 83 92 197 90
128 117 186 148 159 171 106 74 171 43 58 14 149 181 34 68 18 9 147 20
