20
0 126 135 169 29 86 199 163 35 193 64 97 41 174 52 53 176 75 3 128
158 155 196 169 83 105 62 122 10 104 125 132 116 139 23 76 2 144 140 13
82 64 50 106 112 182 82 133 19 63 69 180 58 170 51 1 7 198 20 167
2 102 70 146 198 152 27 143 189 72 42 199 123 189 133 91 148 168 180 34
195 67 60 24 186 191 45 17 95 84 97 26 130 195 99 57 114 68 48 117
113 69 188 190 159 44 111 157 60 31 29 129 74 127 18 26 130 8 3 17
179 79 172 41 101 171 108 146 138 141 181 159 100 88 103 94 197 90 139 116
135 25 190 12 98 107 15 123 126 49 11 72 191 90 109 89 85 21 30 54
18 0 31 79 32 77 81 113 14 193 87 114 80 50 99 120 70 93 137 55
165 140 6 34 105 185 170 156 16 40 153 134 106 44 134 30 89 77 25 65
119 74 66 178 68 124 36 109 40 192 166 178 78 104 119 53 94 182 56 118
8 32 150 52 22 153 45 142 183 51 141 46 48 73 175 11 86 138 88 167
145 152 155 107 63 184 197 9 187 163 28 19 56 61 194 181 100 6 196 154
117 142 35 179 23 85 136 93 131 187 102 160 172 47 7 73 66 173 115 171
24 173 67 132 164 194 160 157 76 144 151 183 128 33 147 71 108 4 16 103
13 101 149 125 149 92 124 177 92 33 185 87 174 38 131 4 118 83 14 20
162 127 192 175 158 161 165 151 145 22 121 21 110 5 49 9 120 75 176 186
150 91 147 43 39 80 95 184 111 58 162 10 61 188 164 59 115 57 27 62
121 1 143 166 54 39 78 36 110 154 168 156 81 177 137 55 37 46 43 28
112 98 161 84 148 5 65 129 12 96 59 38 71 37 122 136 96 47 15 42
