20
170 190 72 179 165 123 114 175 123 156 83 180 198 31 173 78 190 124 185 85
155 82 54 136 100 94 65 14 74 51 146 109 45 51 42 87 49 159 46 145
37 97 10 195 139 76 34 185 69 17 177 36 161 39 169 178 90 181 2 70
163 140 15 199 138 42 197 120 107 12 68 176 55 184 1 193 132 45 71 156
99 157 5 145 147 59 154 148 134 189 73 176 73 178 60 43 188 92 9 195
44 137 122 4 101 117 105 7 95 20 43 102 66 150 81 62 77 25 146 119
103 61 192 136 96 165 137 110 41 84 19 5 158 95 3 182 117 93 19 162
34 30 152 29 111 141 140 47 30 50 110 141 130 164 175 106 150 60 81 64
94 24 118 183 64 71 189 11 22 22 37 198 172 181 187 129 57 102 28 105
97 179 26 124 126 125 164 15 48 86 8 153 197 114 47 127 134 149 69 33
39 92 188 113 44 147 26 35 4 171 10 28 199 33 91 183 53 194 78 168
129 174 50 104 7 16 191 11 151 9 16 56 166 17 119 127 0 116 108 101
56 154 158 186 29 192 91 89 115 144 85 58 193 53 70 153 58 131 67 35
182 0 57 18 77 46 13 121 112 67 99 55 21 40 89 121 131 108 82 38
72 49 115 65 112 163 130 170 184 135 23 3 133 63 172 196 125 138 14 20
166 80 191 24 90 98 139 80 93 38 75 63 128 118 157 159 155 27 88 120
98 169 2 167 52 6 13 86 52 126 61 96 79 160 142 1 152 187 128 160
132 48 109 23 83 12 74 196 135 62 25 177 32 162 18 107 27 161 174 168
68 148 149 41 122 6 76 173 40 36 100 106 66 151 84 167 111 113 143 21
180 194 59 143 186 144 32 8 87 171 88 54 116 104 31 133 103 79 75 142
