20
67 80 95 154 114 154 189 8 195 42 119 187 68 89 18 190 61 147 30 196
191 124 42 7 177 150 39 46 132 123 169 83 76 176 170 11 79 33 51 32
192 182 143 156 196 133 120 151 77 29 165 176 1 76 132 51 148 38 32 26
142 126 13 65 18 74 54 129 11 174 157 93 62 24 170 82 40 20 174 149
137 4 81 0 9 91 161 84 104 6 118 37 50 94 130 56 90 75 62 100
145 186 39 28 158 73 102 96 85 175 35 152 45 148 160 67 64 188 149 22
137 87 140 147 134 65 16 122 66 198 193 41 109 179 59 117 106 136 197 82
10 71 33 107 175 47 7 12 13 164 10 162 152 185 180 78 6 58 156 187
58 155 102 163 49 112 180 77 189 57 19 90 79 19 141 125 164 72 55 23
168 194 74 56 103 72 98 142 60 81 138 59 0 104 127 128 134 29 161 199
95 70 45 116 155 97 185 46 177 3 150 192 88 117 191 96 57 94 158 183
183 100 44 106 25 144 48 107 186 98 86 195 129 159 30 43 97 40 141 63
167 135 27 25 44 105 5 140 126 26 151 23 172 71 15 2 127 143 194 12
160 54 15 43 99 168 36 52 113 78 103 28 1 21 157 139 49 178 92 146
69 75 50 85 118 2 171 110 199 38 8 198 111 135 80 178 131 133 125 167
22 121 115 53 172 14 193 60 162 17 34 63 122 173 37 31 36 70 179 128
114 68 4 61 73 88 188 182 108 17 171 184 138 130 166 89 24 55 105 131
41 173 31 153 34 9 52 123 83 48 14 3 184 91 64 66 93 92 165 108
53 21 111 115 86 99 169 110 121 87 163 139 20 144 5 120 84 109 47 35
166 112 190 197 16 101 181 153 181 119 159 145 101 136 69 124 27 116 146 113
