20
37 1 48 122 64 94 0 5 83 81 52 21 28 171 14 120 172 100 191 104
132 3 27 105 69 176 190 172 90 185 123 96 59 75 23 98 63 76 18 179
89 106 41 192 54 164 126 99 97 163 122 190 152 110 125 58 34 9 145 7
92 183 101 8 151 11 13 57 141 137 133 64 125 72 65 86 135 29 173 115
168 70 176 55 66 173 66 182 25 123 100 62 56 139 27 191 149 133 195 73
90 127 94 194 166 111 113 25 147 92 164 14 36 147 152 18 119 58 102 156
22 37 197 150 131 177 178 129 162 68 118 196 101 38 130 31 86 30 65 1
167 59 0 19 197 188 189 51 10 75 83 88 73 80 40 194 193 186 170 98
189 62 114 23 24 4 10 78 108 96 112 35 16 6 88 31 183 161 110 105
184 117 42 24 12 32 180 142 128 48 140 22 180 138 50 142 39 136 156 46
121 91 169 38 137 39 157 93 82 69 148 97 139 43 136 131 41 108 15 78
103 154 143 165 72 20 12 109 33 95 87 111 71 174 29 134 16 84 7 52
55 126 182 163 60 2 149 53 145 199 150 114 102 9 109 113 67 121 95 15
153 91 146 195 170 178 165 198 186 51 184 130 63 185 67 85 160 135 157 115
188 34 138 179 106 193 3 44 187 30 57 153 84 32 167 120 89 82 177 116
19 26 74 187 175 124 144 49 5 21 174 6 50 146 127 119 85 161 49 2
60 47 155 198 71 17 77 107 28 151 81 166 44 181 79 169 76 79 158 93
54 112 132 70 160 61 8 80 77 45 168 104 107 61 20 124 128 159 134 35
53 40 26 140 103 141 36 155 159 144 175 17 45 42 11 116 68 181 87 117
162 143 33 192 148 129 74 118 56 46 43 4 196 154 199 47 171 99 13 158
