20
27 164 15 177 54 40 192 97 79 28 7 28 179 194 99 169 91 39 66 175
190 119 92 186 46 50 128 140 44 196 25 120 182 101 37 56 95 88 149 194
1 68 115 154 60 74 107 104 197 159 52 17 161 130 2 31 3 135 155 66
82 167 190 52 42 32 72 6 162 67 188 184 35 169 100 84 88 39 76 110
77 195 160 185 198 49 50 59 122 8 83 60 29 141 116 130 113 4 117 63
139 82 198 122 106 110 23 30 127 129 137 104 121 170 59 69 41 27 67 68
181 77 26 9 184 136 43 38 187 147 51 137 145 45 115 47 83 199 109 53
65 57 36 171 79 125 192 76 188 64 24 49 151 182 117 197 144 134 56 100
73 55 90 156 74 17 164 14 34 134 153 129 148 15 113 180 70 2 111 71
72 86 69 173 170 80 150 112 43 19 123 162 35 133 111 144 149 119 14 118
78 114 97 47 58 40 142 166 34 9 8 22 116 12 176 193 133 10 65 46
62 106 136 160 51 1 105 85 84 191 120 177 176 135 185 81 126 62 167 131
183 24 131 21 163 180 148 166 103 165 153 118 168 172 92 90 75 71 16 6
61 33 5 18 114 143 168 128 13 146 19 165 157 187 63 99 91 140 171 45
23 89 121 132 54 20 16 142 33 22 81 31 12 36 146 178 48 29 183 26
152 179 103 124 186 139 125 163 158 61 196 3 18 13 0 189 10 102 109 105
96 30 85 127 4 158 94 21 48 191 189 172 159 108 154 178 57 174 73 143
145 96 132 41 11 152 101 95 141 98 161 70 147 123 175 0 173 44 157 156
138 89 107 151 55 7 150 64 195 25 20 87 174 112 102 37 11 93 53 42
199 181 32 75 94 86 126 193 98 155 78 38 87 124 80 138 108 5 93 58
