20
165 35 112 42 34 12 148 97 13 5 24 88 75 194 173 110 43 10 104 111
110 22 160 173 96 124 71 32 165 63 119 138 99 29 59 93 198 132 150 175
170 121 94 87 129 180 86 131 195 118 49 23 38 36 21 185 117 88 68 180
13 150 116 54 10 15 137 85 75 126 128 59 129 74 102 63 44 78 194 40
139 81 197 105 126 175 151 141 130 105 9 79 164 172 36 176 23 44 43 89
7 158 66 123 12 146 11 114 80 14 3 174 22 16 67 119 168 92 3 100
80 78 56 177 113 169 112 130 162 106 46 52 87 192 101 162 159 168 11 191
51 189 199 116 77 117 47 100 187 81 68 190 65 61 107 41 30 164 73 86
131 188 172 25 26 167 50 151 187 4 33 179 182 190 19 37 82 42 29 21
133 183 69 125 196 149 101 145 154 143 108 128 104 54 133 39 156 108 136 30
138 148 115 72 76 31 178 152 163 186 71 8 141 70 20 143 135 57 91 91
169 17 77 152 103 142 53 95 149 55 170 39 157 140 134 137 182 121 57 6
145 193 144 24 179 188 5 183 8 28 109 56 159 35 120 176 184 69 33 177
19 198 18 193 90 122 66 199 93 98 136 158 166 40 125 161 118 45 92 72
102 113 73 127 167 50 90 122 146 58 47 27 1 38 37 197 64 171 96 142
26 9 2 25 28 94 189 147 127 82 178 147 195 98 89 55 70 97 18 20
17 84 99 171 84 139 41 6 0 2 120 191 1 140 155 185 83 27 61 106
53 166 161 45 107 95 15 85 196 7 67 123 154 124 103 48 34 60 52 31
153 58 16 51 74 163 184 181 132 83 181 49 46 4 156 62 65 153 14 144
135 79 111 64 76 62 115 0 157 134 60 192 160 174 155 114 48 32 186 109
