20
122 102 20 76 152 168 96 103 8 121 105 128 68 192 174 139 142 197 149 154
100 70 181 109 56 80 107 119 38 50 168 182 105 99 196 187 179 110 57 150
32 53 47 169 64 195 102 52 66 26 54 158 57 81 108 89 94 61 4 103
73 19 125 98 76 173 162 141 43 2 138 159 48 194 111 54 178 137 73 164
3 72 77 88 40 95 46 118 55 115 156 24 109 122 89 184 157 24 74 22
162 12 92 42 151 185 90 188 155 126 171 180 132 193 6 2 140 38 45 194
29 180 176 77 55 195 163 27 112 134 149 163 36 71 115 104 87 136 188 172
43 176 136 177 185 26 145 34 83 68 0 81 107 166 69 116 21 46 191 143
33 165 27 133 16 60 49 9 120 41 148 142 4 80 28 48 106 177 69 42
87 99 97 108 113 170 159 154 12 124 119 35 157 183 147 39 173 59 15 79
60 70 147 39 22 114 181 113 175 164 35 169 49 78 71 198 11 75 31 62
14 6 184 1 58 5 125 126 85 104 84 106 86 64 15 189 118 10 135 56
16 117 85 196 161 182 45 88 63 117 66 52 141 23 139 199 40 165 144 101
36 191 146 91 153 82 78 160 84 145 53 37 37 129 166 158 41 17 189 130
44 167 150 83 93 28 186 174 186 137 121 94 146 124 151 31 160 110 131 172
170 9 79 130 47 153 98 171 10 152 144 192 140 197 131 198 63 7 193 92
116 23 17 132 32 59 14 18 67 143 75 61 167 161 127 95 13 72 18 44
111 3 199 133 123 128 101 1 51 138 178 96 62 8 13 97 65 127 190 65
175 134 30 11 82 179 148 114 187 50 33 120 100 34 93 112 51 29 58 86
91 74 183 135 25 155 20 5 25 67 7 21 90 190 0 156 129 30 123 19
