20
42 80 106 73 140 148 71 107 172 20 0 119 34 18 71 46 174 195 41 160
1 127 60 45 123 158 133 136 17 13 127 88 75 70 191 162 81 49 44 97
99 159 196 7 43 134 182 61 53 31 65 120 167 145 93 179 132 114 129 82
95 94 117 158 132 61 72 120 23 157 78 53 78 135 26 150 137 5 142 40
79 188 16 118 67 23 11 131 109 108 3 146 99 184 43 156 81 170 140 75
147 131 60 171 1 143 110 85 198 104 155 52 51 197 28 193 186 161 4 64
190 139 147 122 54 12 34 73 6 180 40 139 72 48 177 199 69 28 85 172
19 149 136 92 31 33 37 94 57 189 143 197 196 121 187 186 84 192 169 151
58 30 44 86 8 187 183 181 38 101 12 179 49 176 107 168 98 47 167 173
163 192 8 58 39 112 5 166 68 133 183 59 152 178 165 54 188 77 100 35
93 96 121 185 119 116 3 130 123 174 193 39 65 141 111 111 100 126 50 22
21 190 152 164 108 55 63 137 9 102 33 15 191 57 103 79 135 116 24 125
155 37 25 25 36 138 76 48 182 184 7 105 153 16 128 32 195 115 106 130
74 125 103 38 109 24 153 177 175 144 42 64 115 2 142 74 55 82 170 51
14 80 180 171 160 126 198 52 69 84 178 96 47 91 102 2 189 56 169 162
113 122 164 166 46 10 32 134 29 62 181 9 156 63 21 148 35 138 88 159
173 10 76 97 90 104 87 68 17 176 41 87 150 91 90 14 26 101 77 92
185 95 66 151 154 145 141 0 194 157 83 56 66 4 30 117 168 86 11 146
19 163 149 112 154 110 98 29 114 20 175 161 67 15 199 165 22 50 36 62
27 6 144 124 59 70 113 83 89 45 89 194 18 124 27 129 128 118 105 13
