20
37 51 0 90 175 17 153 14 195 26 96 37 93 104 27 84 167 190 135 86
3 45 18 99 52 33 79 169 113 29 118 92 74 20 112 30 49 122 9 78
42 89 7 146 156 39 186 80 185 142 133 136 127 15 148 31 162 58 111 82
5 7 184 56 40 143 103 199 192 108 80 99 70 12 1 11 35 128 129 155
48 166 126 139 76 36 160 81 125 108 137 119 150 14 107 172 152 2 134 42
21 34 113 187 156 90 150 147 69 64 62 47 196 11 25 132 116 97 70 71
193 105 68 184 191 87 133 86 182 109 131 122 66 57 27 182 130 170 25 96
16 193 165 135 48 190 95 173 140 121 15 22 40 52 188 67 81 196 121 168
180 138 38 49 163 65 50 103 66 192 93 10 154 199 64 32 17 127 31 29
13 89 39 21 41 114 79 141 160 68 181 53 136 50 36 154 94 119 95 151
35 73 189 194 44 85 22 140 115 58 106 148 54 179 87 170 180 47 110 149
164 24 1 63 116 77 92 41 24 157 102 138 100 0 164 91 145 83 131 158
54 198 175 132 69 173 6 101 152 151 162 166 100 181 83 94 174 161 195 157
43 26 177 74 134 110 61 102 137 158 16 167 9 20 3 38 55 33 147 183
124 45 85 123 117 117 8 142 32 88 187 46 109 146 78 198 130 188 46 197
107 178 124 165 12 104 30 75 61 65 144 73 62 55 139 23 159 8 84 60
72 153 19 128 185 179 176 101 191 76 125 174 144 34 112 189 183 129 4 161
126 145 169 71 63 168 149 77 23 141 197 163 10 18 171 114 28 91 186 4
59 115 120 171 88 105 6 97 44 177 120 60 194 56 172 13 178 67 28 75
118 159 176 72 43 143 19 98 82 111 53 51 98 123 106 155 57 2 59 5
