20
145 143 197 99 103 45 119 47 150 30 83 142 130 104 69 108 59 161 88 115
104 157 53 159 125 67 44 35 162 40 134 24 163 76 61 181 9 24 58 182
161 14 51 133 42 128 123 121 105 103 82 70 68 73 109 122 101 158 44 170
97 128 5 70 179 18 85 48 35 124 167 11 125 22 151 174 18 199 6 167
81 194 168 94 160 137 38 63 72 1 79 50 36 174 62 172 72 93 131 189
96 13 184 188 98 8 124 108 8 176 32 169 195 41 54 3 52 140 193 112
138 89 153 121 190 33 166 25 31 15 77 199 3 136 77 116 100 65 173 65
27 179 187 114 43 169 196 23 116 37 184 198 19 25 136 140 106 147 113 71
139 175 112 73 28 87 46 62 78 74 12 75 31 165 175 20 102 145 90 159
6 117 182 4 0 83 195 54 110 198 188 126 141 151 185 149 166 48 134 155
135 157 119 156 49 186 194 59 10 74 26 186 97 93 154 126 7 153 123 57
21 56 9 86 11 63 28 141 55 196 1 2 181 192 36 32 5 164 164 170
75 52 94 171 43 137 2 81 109 163 19 191 46 99 183 148 88 144 147 96
86 98 178 84 12 187 101 190 156 180 84 53 173 146 71 139 172 106 0 95
113 26 111 78 149 152 34 90 7 107 105 23 135 122 91 55 127 14 193 92
95 89 85 115 16 49 34 189 17 64 38 176 29 118 45 69 148 177 132 37
4 127 107 42 130 68 155 82 177 114 146 76 92 10 197 171 17 64 30 117
162 39 120 16 67 91 110 40 66 100 80 61 132 50 33 143 80 66 138 129
60 152 47 118 111 20 131 29 178 27 192 129 144 13 79 154 39 158 168 41
102 56 120 191 21 183 165 51 87 142 133 160 57 58 22 180 150 15 185 60
