20
115 174 118 120 174 153 71 79 26 13 103 75 33 43 101 144 51 69 135 60
9 151 122 161 171 76 60 26 43 47 97 18 112 126 2 48 18 199 98 134
107 198 11 143 196 12 91 64 58 24 109 17 77 164 183 6 5 167 133 86
71 190 56 30 58 127 180 199 136 176 68 129 130 114 166 72 59 86 139 83
14 53 45 190 193 147 19 49 42 84 105 121 173 3 197 169 12 93 171 98
125 76 195 94 11 127 187 104 73 27 188 198 29 188 46 145 152 15 114 125
9 104 152 195 81 137 172 15 191 140 73 54 84 65 184 194 150 70 32 42
110 36 65 25 8 129 4 176 21 81 34 77 133 30 20 40 187 62 153 155
69 159 85 105 162 115 138 158 163 181 16 66 111 167 109 52 36 72 169 124
184 54 175 177 31 172 82 92 89 70 145 96 128 141 117 122 111 13 92 121
19 189 100 74 55 31 50 63 2 110 45 193 79 164 179 131 1 96 103 183
41 158 116 154 186 148 123 177 160 181 141 113 186 0 94 62 106 63 180 67
136 97 80 23 50 124 99 150 194 1 16 10 157 102 179 182 78 140 173 156
38 6 82 91 5 7 151 189 25 113 80 107 52 148 128 123 131 155 22 78
116 59 64 175 28 119 156 192 112 162 61 139 108 130 35 185 35 132 99 89
120 168 126 101 170 68 135 10 40 143 8 137 117 134 56 44 142 41 85 149
178 22 47 168 108 27 102 87 44 178 37 57 118 20 29 161 159 34 67 46
32 165 66 146 0 149 138 132 142 48 197 33 90 90 144 95 7 38 196 119
24 88 100 53 106 146 14 37 75 55 165 87 23 147 61 170 51 185 182 39
49 157 166 4 3 74 21 95 39 88 28 154 83 17 192 191 163 57 93 160
