20
65 171 198 135 175 94 119 34 187 138 5 171 107 169 155 14 194 119 30 59
177 17 4 185 151 155 130 186 75 19 125 168 109 166 99 80 60 21 89 168
81 1 24 51 159 161 94 197 111 114 166 124 33 146 160 8 79 20 86 55
144 129 14 45 54 194 123 134 46 62 105 199 184 117 71 86 74 16 186 109
76 126 74 73 35 146 136 58 10 68 110 113 56 172 50 134 151 27 157 19
123 140 13 136 124 51 2 135 31 118 44 196 38 93 122 17 36 140 45 160
180 26 78 49 91 76 49 170 176 118 98 184 188 81 164 32 181 60 35 1
11 22 24 173 147 3 139 189 70 97 167 199 27 29 47 64 83 93 57 6
58 183 46 172 158 127 101 97 79 169 84 63 174 92 141 43 50 181 147 57
132 15 191 106 11 189 182 143 38 144 116 85 64 102 43 3 90 192 120 149
165 40 68 72 42 48 108 103 25 12 142 30 67 96 83 179 132 40 9 16
106 179 10 0 100 53 8 114 197 193 195 122 131 28 117 9 178 116 159 88
6 148 42 61 59 75 52 72 102 90 69 47 145 128 139 99 103 196 133 39
67 18 198 23 113 87 36 39 101 98 182 105 80 33 176 73 66 148 177 92
107 52 153 69 175 137 133 91 150 127 111 110 26 104 190 121 28 192 100 70
55 154 131 22 82 115 154 85 12 150 15 53 178 188 183 145 187 65 128 180
34 7 125 41 7 120 37 25 41 29 77 115 20 2 5 156 88 23 95 167
62 77 173 141 126 108 195 61 78 156 96 153 163 82 32 190 44 21 164 89
165 152 143 18 87 149 170 112 31 129 158 0 161 112 162 193 157 191 163 63
152 138 37 104 185 71 130 162 4 13 121 137 84 95 56 142 174 54 48 66
