20
149 149 82 178 55 119 175 150 39 129 190 5 33 167 47 50 110 18 156 93
169 27 181 80 77 126 199 18 170 187 106 10 84 118 57 88 124 189 134 31
131 97 59 168 123 58 160 168 176 111 43 65 127 185 76 128 38 48 76 22
115 132 29 4 86 84 110 155 92 160 81 177 29 80 10 122 34 41 35 49
140 52 115 72 85 2 61 63 116 7 105 20 63 122 195 101 198 13 74 78
183 145 138 142 83 98 183 173 179 41 15 171 186 196 26 19 69 50 11 44
47 64 74 155 165 193 174 113 22 177 38 17 88 157 191 98 69 198 125 104
66 166 13 11 152 180 32 16 0 36 96 126 14 145 136 97 107 137 141 39
152 36 62 1 28 154 99 91 190 164 94 185 153 161 133 77 153 73 181 108
81 172 159 147 51 49 51 113 16 2 95 44 130 92 184 25 161 79 90 67
89 134 6 42 55 53 108 83 25 170 135 71 199 158 53 143 0 60 56 5
131 7 45 119 195 68 20 123 144 166 158 142 103 189 182 197 105 118 6 14
96 180 94 174 8 194 156 37 128 151 58 4 186 37 196 46 116 102 197 125
100 21 107 78 133 30 64 187 120 33 188 26 192 175 109 100 70 60 121 138
121 150 148 106 147 163 178 191 67 17 42 146 151 159 146 82 179 93 15 86
144 188 8 87 171 99 104 46 27 1 35 24 21 89 157 45 52 70 32 192
124 43 85 117 72 193 30 164 23 109 75 68 54 136 101 12 137 57 112 61
162 114 111 56 112 23 173 132 135 71 95 127 40 182 165 129 24 48 59 176
79 65 102 120 163 12 114 139 3 184 54 139 141 66 167 34 172 62 19 103
31 73 75 143 130 90 87 162 194 148 9 28 154 40 91 140 117 3 9 169
