20
68 160 17 12 175 181 186 5 177 137 145 143 62 61 132 39 37 140 58 157
169 166 176 145 12 15 142 180 150 130 64 179 58 117 77 82 112 196 103 79
168 149 191 68 136 53 87 99 34 92 161 116 147 19 198 188 6 163 50 182
98 109 8 131 51 67 168 42 127 128 133 95 126 129 7 187 138 114 17 11
184 178 152 177 16 193 29 47 69 165 102 187 74 125 36 148 183 171 105 124
110 196 70 53 14 116 119 121 91 31 149 112 172 104 191 128 8 144 107 74
83 139 43 81 54 70 123 22 174 162 89 117 51 0 84 44 190 175 179 5
4 10 38 163 56 82 33 41 157 78 148 21 86 109 76 171 55 27 124 126
160 27 139 141 111 36 61 85 192 21 193 60 49 55 52 20 150 136 96 88
181 172 93 72 141 144 13 76 162 1 50 97 80 159 98 80 45 24 15 85
140 120 31 67 35 115 38 135 113 166 115 48 46 0 18 131 151 100 170 114
2 28 121 130 164 197 41 190 120 195 81 37 138 113 184 77 19 90 185 46
84 161 94 142 158 182 56 9 194 198 34 73 25 91 66 75 176 135 99 104
129 123 59 14 199 40 165 97 63 18 122 78 147 7 26 186 42 133 32 178
25 52 169 26 6 173 2 3 54 119 167 195 59 90 94 108 188 199 28 158
180 151 16 86 118 189 71 49 132 13 111 65 30 64 71 102 155 79 3 23
22 45 167 156 44 66 40 197 155 156 23 96 32 173 11 153 69 57 134 101
60 87 108 48 170 164 57 194 143 106 88 39 9 35 154 20 43 93 83 159
75 154 110 146 127 153 100 30 24 33 29 101 1 174 118 122 134 92 62 146
10 95 89 152 72 189 183 125 63 107 65 47 105 73 106 137 185 4 103 192
