20
49 191 138 38 115 63 62 3 172 23 33 184 194 172 20 12 164 94 46 111
41 9 117 62 39 44 146 18 8 22 150 118 114 177 113 84 46 164 88 79
96 51 193 90 119 10 40 135 74 75 30 81 122 171 56 153 156 176 137 181
176 183 10 190 199 64 29 126 151 105 133 139 47 6 106 82 121 32 59 184
195 27 65 67 21 93 196 142 140 37 161 128 105 82 52 158 170 73 70 190
147 129 55 189 19 17 107 153 6 18 40 108 115 158 154 186 56 124 78 41
14 183 61 70 55 87 1 173 111 169 76 122 144 2 126 182 86 161 85 12
101 38 141 162 123 4 44 48 168 102 81 63 134 163 74 57 155 160 89 134
188 143 100 35 141 99 109 83 177 49 106 143 80 179 152 42 32 25 116 33
136 175 78 145 167 157 109 159 108 24 116 178 173 104 75 157 114 58 136 13
19 28 132 71 124 72 89 174 167 23 112 92 174 99 39 166 58 86 9 17
36 15 120 69 43 180 54 168 110 53 1 163 132 187 4 35 130 36 73 185
96 80 11 77 95 71 20 133 117 60 3 125 186 138 131 197 195 68 31 147
193 127 104 34 128 88 7 130 185 28 103 171 26 48 90 181 110 160 53 170
155 194 69 45 148 152 135 182 52 107 16 142 76 25 119 59 50 189 191 137
188 120 57 169 100 24 198 85 43 145 196 129 61 50 156 94 165 0 5 26
166 140 66 54 34 7 149 0 87 15 64 121 150 95 192 66 92 123 146 22
16 98 139 31 179 102 13 149 192 97 27 198 187 37 2 98 84 11 180 151
8 79 14 42 65 77 93 148 29 125 178 51 5 103 131 60 175 118 68 144
197 72 67 154 199 83 30 91 97 159 113 101 47 91 162 165 127 112 45 21
