20
111 150 154 127 120 62 41 128 40 170 48 111 137 195 51 147 80 193 25 19
185 117 38 133 58 171 42 167 141 57 7 181 123 156 34 171 89 21 3 116
9 12 118 167 119 142 54 198 66 175 188 77 149 27 189 151 141 136 37 184
57 58 196 100 70 186 36 114 138 26 138 163 148 130 84 23 94 176 49 173
159 29 94 177 133 3 10 125 98 164 114 107 121 35 170 47 27 144 164 74
78 139 101 197 166 182 46 37 96 56 72 140 33 154 81 95 30 128 134 56
152 165 157 104 145 122 175 23 85 183 0 87 172 91 178 180 1 16 15 110
119 108 99 183 162 45 6 158 131 29 98 169 18 113 59 39 4 140 61 68
95 62 38 52 103 135 105 196 110 169 173 43 67 115 78 82 194 186 76 60
129 79 22 53 121 176 129 105 147 161 161 130 2 172 63 152 21 96 89 4
79 52 122 107 146 92 190 6 181 168 143 85 13 143 149 124 144 20 64 198
55 16 10 163 65 132 100 11 191 166 151 174 53 158 60 49 188 192 41 39
80 190 93 17 69 157 199 5 197 70 182 71 131 178 32 109 142 73 160 146
18 30 191 54 112 134 153 193 25 15 153 139 155 61 11 194 82 101 118 44
81 1 97 137 51 28 50 31 75 116 36 97 150 174 33 65 75 66 40 104
91 77 106 24 126 195 184 28 113 84 124 24 47 165 108 8 7 50 192 9
115 103 69 177 8 156 123 74 45 44 102 90 127 83 59 90 88 83 159 5
148 117 48 46 71 187 31 42 14 99 43 86 106 14 145 22 34 180 63 109
132 135 112 26 189 68 125 55 88 2 17 199 73 93 35 160 120 13 64 136
76 179 185 187 20 72 86 12 92 87 179 162 67 32 155 19 0 126 102 168
