20
187 190 11 114 39 22 193 111 66 32 135 88 166 43 152 142 111 140 2 178
51 24 144 132 102 46 134 71 120 141 156 74 31 134 181 136 123 64 53 55
159 129 49 125 64 150 23 38 8 50 119 157 172 106 133 9 99 56 139 126
167 153 98 131 161 77 89 174 14 36 163 129 122 183 158 197 61 121 1 128
159 76 126 127 89 141 82 171 180 92 198 78 192 86 57 136 164 192 42 146
6 47 181 48 29 165 135 48 26 12 189 188 137 1 41 51 84 60 170 69
15 83 66 180 25 166 54 94 34 93 182 162 121 155 104 60 143 184 156 179
173 176 63 21 61 152 186 184 25 109 13 36 94 96 27 56 7 160 92 194
99 128 76 2 143 149 7 164 132 87 88 100 97 123 30 98 199 39 158 197
142 103 140 20 79 63 32 49 108 196 82 83 139 163 81 175 0 169 190 144
153 172 147 138 69 138 162 120 107 19 150 175 87 191 170 34 46 115 15 105
78 37 179 198 149 157 42 58 80 177 130 109 189 0 13 37 85 86 95 40
79 4 174 68 90 177 29 167 176 45 185 8 101 118 65 70 130 47 161 9
146 117 52 151 65 80 96 105 160 185 44 77 3 194 154 67 183 102 195 12
119 195 59 124 196 97 17 41 59 154 14 70 124 6 43 11 145 24 10 74
168 81 38 71 104 127 18 193 72 186 93 148 169 62 18 108 50 3 165 110
45 148 58 112 75 103 155 16 30 17 116 131 125 10 73 133 26 67 178 191
115 117 188 95 91 27 147 31 40 20 122 168 44 5 187 91 116 182 53 173
106 118 4 55 62 68 28 110 52 199 100 107 22 114 16 145 54 33 113 151
112 171 33 85 5 19 35 73 28 75 23 21 84 35 101 90 57 137 113 72
