20
65 5 135 149 28 119 33 170 70 153 61 115 7 136 9 160 192 146 164 141
38 79 172 68 77 105 190 77 150 117 31 60 100 76 55 84 92 55 136 169
2 84 171 4 23 14 15 67 39 27 73 135 104 32 62 101 97 175 89 145
97 107 174 74 82 185 30 178 98 67 57 89 149 80 43 154 22 113 28 3
72 166 93 141 6 68 138 31 76 25 137 27 29 21 19 156 0 10 114 177
132 128 111 30 8 177 92 40 180 69 39 36 164 18 191 127 123 176 90 12
66 146 21 46 140 37 191 11 33 163 196 103 197 157 158 71 62 184 54 167
103 71 20 158 47 142 87 44 133 181 96 166 17 115 40 102 32 18 37 108
139 118 83 34 17 26 195 45 99 192 107 128 109 1 104 116 5 53 108 93
73 82 12 144 199 168 193 151 148 187 44 161 46 126 165 159 157 20 63 1
114 122 199 96 124 81 162 174 118 109 134 49 147 120 183 78 112 22 83 24
42 100 50 186 51 144 155 143 111 86 168 95 180 129 24 179 138 198 197 63
172 52 160 165 56 61 153 98 4 131 9 130 78 26 42 85 161 58 7 183
137 175 124 117 181 15 43 64 134 113 122 150 170 75 133 193 194 88 186 148
10 159 147 91 59 41 51 13 126 45 176 189 167 154 101 47 169 8 53 2
87 152 59 19 132 88 35 14 142 35 198 131 194 106 94 50 16 74 54 125
95 49 0 190 156 196 112 106 116 23 145 52 121 188 125 189 182 123 173 119
48 120 185 80 139 121 155 151 48 70 38 163 66 56 69 11 72 179 81 41
110 195 129 102 64 75 13 178 29 36 91 187 140 130 171 162 188 58 143 90
65 60 25 3 105 99 127 57 79 110 173 182 16 184 6 94 34 86 152 85
