20
103 112 24 26 10 142 107 64 68 104 48 166 125 3 151 47 117 81 181 143
5 17 16 63 134 63 75 120 179 140 35 148 187 28 46 55 158 165 73 128
120 153 26 98 106 170 193 158 195 11 33 38 178 41 180 127 111 137 49 91
168 53 175 169 78 113 111 67 145 185 30 160 8 20 123 110 101 108 64 53
88 57 123 115 61 75 109 178 27 106 103 121 196 161 117 130 34 28 10 157
138 96 109 93 110 79 45 107 108 172 44 180 171 70 18 42 13 18 31 69
141 196 45 83 114 192 112 90 15 198 195 126 154 172 23 9 173 42 184 19
69 137 152 4 49 30 105 95 58 79 169 38 62 22 94 119 73 8 101 188
91 167 157 3 186 39 144 62 167 102 143 163 152 179 59 65 190 118 44 134
182 66 32 40 193 150 159 51 83 170 131 21 27 76 138 40 115 66 1 105
2 199 136 163 156 194 76 156 142 124 129 2 56 140 151 98 59 186 51 104
54 81 71 185 133 56 93 85 87 17 129 31 177 57 182 21 199 39 122 116
150 133 9 68 0 162 92 48 183 100 99 33 189 29 136 72 97 37 43 7
174 147 173 188 70 192 11 72 119 176 90 149 197 86 125 80 52 197 82 145
191 198 128 74 82 146 1 132 52 55 149 122 47 41 139 6 71 85 162 12
19 118 35 86 153 37 4 77 131 80 15 189 50 168 165 141 78 190 16 177
139 25 181 127 113 23 148 94 161 184 65 160 124 32 194 43 22 74 14 54
7 29 84 100 154 60 132 58 34 36 116 135 61 24 176 84 46 187 164 114
36 20 5 155 164 99 50 95 77 126 88 147 12 135 97 25 13 89 191 166
0 102 175 87 14 146 121 96 67 89 174 183 171 155 144 159 130 60 6 92
