20
190 65 46 124 67 92 37 27 72 20 31 118 110 84 127 159 48 41 99 168
56 176 117 177 195 43 60 53 6 135 153 108 147 92 7 23 8 62 39 9
11 93 16 164 148 91 185 61 146 145 99 160 141 42 111 71 161 118 24 35
123 33 40 86 18 98 7 34 69 5 136 122 151 36 173 183 132 140 122 10
37 55 179 87 23 73 3 103 74 108 114 149 178 102 36 155 163 131 90 2
25 197 44 85 186 58 12 44 135 112 33 61 72 94 62 51 185 126 144 28
150 96 140 46 13 75 138 47 20 42 196 85 186 184 189 87 138 129 147 157
0 141 50 24 94 158 193 199 68 119 74 73 51 113 95 103 150 188 59 86
115 193 130 93 32 83 71 30 105 106 14 78 177 82 173 79 102 165 35 151
120 65 167 109 27 77 137 131 143 14 148 49 17 50 156 133 5 112 199 167
12 41 124 48 183 128 0 54 52 60 195 100 158 26 175 15 174 163 8 162
194 172 194 159 96 66 178 63 127 18 84 180 70 169 29 57 83 179 144 56
172 165 97 21 68 170 76 66 91 67 45 30 106 81 104 63 139 11 17 129
139 29 125 1 38 77 47 198 116 101 57 40 26 98 192 136 100 169 22 25
22 187 82 45 76 80 182 64 107 162 13 52 119 58 6 78 105 166 16 97
143 142 157 1 152 170 89 19 89 101 9 107 55 104 31 192 152 53 88 154
171 128 123 197 130 59 38 145 180 69 79 184 164 156 125 174 54 190 120 166
49 114 64 109 28 168 198 111 19 81 137 153 115 133 196 21 171 149 3 15
181 121 113 191 154 121 189 95 175 4 134 191 43 176 188 88 134 182 187 4
110 132 39 80 10 90 142 32 126 75 146 116 70 160 161 117 155 181 2 34
