20
149 147 30 93 75 166 47 183 48 175 140 71 155 115 10 175 97 15 115 13
68 102 176 193 73 6 173 128 163 61 178 150 126 181 132 191 135 127 60 78
156 90 77 42 133 12 25 14 171 77 79 85 37 23 2 140 91 166 98 131
196 1 84 100 141 111 55 194 116 40 49 74 21 4 127 58 52 19 108 168
161 158 40 27 197 18 150 76 125 86 41 164 196 152 183 172 99 70 181 101
162 61 95 142 46 136 57 62 8 106 19 184 123 0 38 24 23 1 73 184
134 160 169 32 128 159 190 76 144 7 74 105 6 17 47 9 85 199 59 9
44 142 50 81 179 168 182 132 114 199 39 149 121 24 174 182 75 139 69 65
123 22 180 26 156 144 157 110 54 106 53 67 122 69 118 148 27 71 139 177
116 84 4 18 29 35 81 135 131 177 67 46 96 101 160 5 161 112 0 50
104 42 151 111 16 117 154 52 157 179 62 178 13 88 83 41 64 145 192 129
34 44 189 194 45 146 35 88 121 80 124 136 130 72 70 22 152 125 33 165
165 114 191 93 185 162 53 167 91 117 153 113 198 82 83 28 36 58 43 173
118 54 147 195 119 176 108 48 129 79 63 151 82 143 126 94 51 148 33 92
66 189 45 100 119 187 56 39 86 143 51 29 112 8 185 60 104 21 188 102
109 195 97 134 3 138 20 49 146 68 66 34 95 192 133 72 124 138 37 5
159 153 145 103 87 109 28 141 169 2 167 172 3 107 96 38 14 197 137 180
12 36 158 16 11 64 7 110 155 20 17 198 65 25 120 163 113 170 63 122
26 187 32 56 59 164 186 87 186 89 171 193 107 190 94 90 78 130 31 188
57 80 43 137 103 170 99 10 154 98 15 30 89 55 105 31 11 174 92 120
