20
168 110 147 102 154 138 96 94 19 53 49 176 149 105 170 144 99 161 189 148
50 132 32 33 120 13 157 118 11 64 35 46 196 16 110 39 27 158 166 79
59 3 18 113 45 47 123 12 8 127 75 91 189 106 5 19 55 137 81 59
126 70 131 186 96 132 84 72 122 1 80 145 184 88 7 21 55 45 24 23
77 2 190 65 176 131 153 159 169 177 33 164 123 148 108 52 107 130 43 167
79 76 118 187 80 193 195 124 58 25 156 70 102 114 95 143 129 139 130 144
88 4 171 89 28 32 134 163 30 191 185 199 69 137 56 122 199 141 42 34
29 71 66 39 89 101 165 85 64 182 104 74 98 128 90 21 93 154 84 134
86 183 146 20 197 92 0 179 31 92 68 109 52 151 10 9 48 192 101 3
44 181 182 51 38 103 94 100 12 129 162 193 50 69 196 187 184 194 20 191
194 104 83 119 117 6 138 121 43 90 150 34 41 178 172 15 10 180 152 28
22 195 173 54 160 119 112 120 188 100 44 9 125 173 167 185 190 78 74 127
128 117 126 61 61 67 136 63 99 17 57 65 115 25 171 166 7 11 16 145
175 97 97 48 108 14 78 40 136 91 62 82 197 38 106 152 24 95 198 111
27 4 2 140 169 83 82 0 98 66 172 53 58 36 177 160 179 181 14 121
87 151 72 67 109 133 168 8 146 156 178 46 142 157 150 186 183 135 86 71
116 114 149 140 23 22 60 49 17 192 147 93 161 153 175 54 63 13 116 81
68 164 51 30 159 73 31 103 155 112 111 165 37 162 143 47 115 41 155 113
141 174 36 5 139 170 73 87 180 1 57 29 18 77 85 75 35 198 188 60
133 76 135 142 15 26 105 107 163 37 158 124 6 40 42 62 125 174 26 56
