20
141 61 36 127 145 28 146 96 170 185 22 179 190 148 197 68 7 120 0 126
63 161 144 56 87 29 40 132 172 90 193 95 161 94 15 87 193 136 191 156
20 180 104 17 51 6 134 197 198 144 94 63 164 147 143 166 32 101 137 109
152 19 46 13 91 9 31 55 66 121 169 86 82 118 111 171 2 185 162 178
171 79 48 3 138 189 21 42 29 181 109 49 152 107 188 21 18 106 54 71
71 10 114 62 24 173 0 119 84 133 50 136 174 160 150 177 89 158 116 89
165 117 168 106 153 76 39 74 124 199 34 99 119 1 132 159 199 33 196 4
96 88 195 80 3 32 38 8 14 140 23 28 154 85 93 33 125 44 143 43
11 169 1 157 160 189 27 81 154 174 196 107 54 61 26 192 118 164 149 134
112 38 149 11 151 15 69 101 115 55 18 86 37 46 81 157 135 99 35 126
77 156 66 168 110 88 172 162 194 137 48 83 8 186 19 181 175 130 97 155
179 53 78 26 103 72 114 163 39 128 147 82 127 142 113 108 176 51 23 122
52 188 41 75 110 37 175 59 92 80 159 98 74 113 187 135 67 47 128 148
190 124 129 56 92 104 93 64 68 12 102 5 69 24 83 191 31 42 25 65
20 177 41 52 165 198 50 12 163 75 25 100 64 130 57 166 27 77 65 30
192 67 150 123 145 151 45 103 5 60 95 22 139 47 122 183 49 30 153 16
6 105 108 73 184 7 120 139 182 194 100 60 102 34 123 141 2 36 112 45
125 182 84 195 138 16 59 176 43 178 173 98 91 78 117 131 115 10 97 167
180 140 70 170 146 57 70 186 85 53 62 90 79 131 58 4 17 9 133 158
76 105 184 35 167 58 142 14 121 111 13 72 73 187 183 129 40 116 155 44
