20
6 15 169 57 43 174 159 168 23 135 81 128 149 177 103 130 111 85 177 196
25 110 142 1 59 18 136 75 36 132 165 90 60 63 58 2 139 184 86 117
73 180 40 148 164 155 158 104 28 190 183 199 165 47 178 58 181 172 78 18
170 92 19 40 164 91 103 33 74 72 24 185 126 70 71 81 152 4 54 94
89 166 191 77 26 150 83 72 134 46 76 121 42 132 101 16 60 94 134 133
186 163 96 131 30 64 27 62 108 160 144 37 66 104 127 33 109 22 109 166
29 137 15 22 145 92 57 171 139 143 20 93 154 80 84 129 161 123 184 5
188 144 39 198 112 51 95 80 159 44 14 151 7 10 158 167 147 14 23 20
38 34 180 8 105 171 187 147 131 150 175 152 118 98 61 36 116 119 3 52
157 67 122 97 100 21 49 78 27 50 113 32 74 115 90 194 100 197 89 192
108 9 182 107 138 135 69 110 52 195 69 176 71 79 130 65 161 12 67 148
37 49 146 21 1 124 111 102 126 84 179 163 35 173 95 123 194 0 199 66
97 87 44 68 47 154 63 143 59 174 50 19 48 189 73 62 70 183 170 53
56 93 98 181 77 31 13 198 75 155 146 88 76 82 117 189 65 179 190 142
113 182 138 101 39 133 173 193 6 56 8 162 160 3 11 32 42 45 125 31
25 153 16 186 55 83 79 193 106 12 112 136 0 149 151 128 115 51 85 129
43 168 125 96 26 9 30 121 82 68 46 141 5 17 137 178 87 48 99 157
86 53 120 91 156 10 172 107 175 2 64 45 13 153 35 4 187 122 192 118
191 55 169 105 145 127 124 140 11 41 196 185 29 106 88 17 61 116 114 54
7 156 162 34 140 28 41 24 188 114 195 99 176 197 120 167 119 102 38 141
