20
33 127 171 93 70 87 51 197 110 15 49 119 129 191 46 102 42 7 125 88
134 144 128 62 28 81 64 173 40 156 130 81 22 117 108 132 60 8 181 38
77 9 90 120 30 109 96 51 143 94 97 180 31 17 39 32 74 165 62 101
93 156 24 144 5 53 18 3 49 142 11 26 195 166 79 40 100 167 2 26
168 178 131 58 184 94 66 135 110 61 24 95 157 92 145 13 66 124 135 30
88 133 104 192 176 111 11 80 125 177 78 75 115 25 21 167 116 91 179 85
197 114 67 138 152 47 160 41 86 148 13 107 71 137 29 175 76 112 129 27
153 52 86 102 146 25 163 65 126 172 113 122 121 64 121 176 179 72 106 104
63 23 19 105 136 182 1 8 31 123 154 113 53 42 103 73 108 106 186 50
117 4 193 187 175 29 43 165 19 15 166 169 83 17 171 173 27 69 189 34
140 194 133 168 114 111 183 115 169 92 82 18 199 109 73 148 186 160 142 54
33 28 190 14 16 116 36 159 192 149 180 37 143 196 48 58 181 132 89 154
103 72 146 5 68 140 82 20 98 141 57 95 164 177 83 78 36 134 174 120
191 2 178 75 10 131 159 99 123 126 100 77 161 97 59 153 35 185 74 56
101 151 98 68 89 139 1 35 21 22 137 43 47 163 34 85 184 45 7 0
198 76 10 189 70 6 174 41 170 23 152 199 105 157 182 151 141 67 38 48
14 45 20 158 6 147 12 198 12 16 196 136 32 65 150 149 162 170 44 188
127 185 139 87 96 150 162 190 71 155 79 44 155 54 4 57 84 188 107 84
9 187 193 128 55 119 39 112 50 91 194 172 124 195 59 55 61 122 138 164
63 130 3 0 161 145 118 46 60 147 99 90 183 158 80 118 52 69 37 56
