20
165 100 44 186 48 80 179 124 109 31 4 123 60 125 49 70 87 170 162 130
118 38 26 91 153 104 9 49 47 93 43 52 175 144 24 75 128 24 58 11
41 180 36 152 14 50 137 112 101 65 46 157 159 73 169 133 111 142 71 160
116 168 150 122 81 190 176 59 146 16 43 17 18 81 33 138 127 75 54 188
42 151 174 54 103 164 53 83 140 106 187 61 196 167 190 145 92 117 159 183
15 156 52 110 185 30 39 34 13 114 28 46 175 154 132 163 128 88 86 59
103 177 28 17 58 2 79 74 108 12 197 161 42 77 78 87 149 41 195 82
40 105 0 3 162 183 50 47 165 91 171 102 133 68 71 187 141 182 143 137
56 69 97 119 31 76 192 23 181 25 85 111 143 196 101 134 56 198 193 63
94 93 106 62 174 94 120 138 7 18 194 157 171 23 32 147 189 108 65 123
135 160 179 178 66 8 83 170 6 34 126 141 127 166 148 109 82 3 21 33
197 104 117 136 145 19 80 14 193 61 51 10 20 191 122 1 69 19 129 13
115 142 30 92 22 189 27 191 7 185 172 35 55 135 60 85 118 153 136 158
139 90 112 97 188 132 95 32 66 198 98 64 99 169 148 45 95 131 115 102
130 110 89 161 70 129 192 11 15 5 89 84 131 79 173 76 51 55 186 173
10 107 147 98 57 37 178 5 25 72 36 6 8 151 74 88 134 12 176 73
20 45 155 114 22 154 124 172 90 40 78 120 64 84 155 116 140 180 27 113
126 149 167 195 99 139 39 158 29 48 163 199 105 1 26 21 4 67 194 77
37 68 182 63 164 57 35 150 144 72 113 86 29 121 121 100 156 181 53 2
44 96 0 119 9 184 168 62 152 184 16 38 199 107 166 146 96 67 177 125
