20
133 34 33 55 62 164 54 188 77 125 58 135 182 151 68 50 8 31 99 12
121 97 111 69 98 1 111 167 176 122 174 106 122 57 156 2 76 47 166 33
10 189 41 134 149 163 92 71 44 91 93 36 198 184 24 168 101 108 151 5
21 186 23 105 39 155 124 197 199 109 120 79 140 29 131 125 146 69 137 192
185 52 115 102 142 139 187 180 32 184 114 175 193 32 19 86 7 95 132 103
160 18 18 87 126 66 144 67 170 0 49 128 0 96 93 8 189 42 11 175
149 161 180 34 25 94 123 97 105 178 38 193 57 141 6 64 38 63 98 169
91 15 192 83 27 185 136 157 88 168 143 118 46 53 36 138 179 79 40 166
28 172 94 25 73 147 106 95 45 76 35 81 70 99 171 147 11 9 70 12
74 162 148 37 160 67 127 43 51 73 144 165 150 173 156 103 126 162 183 60
59 157 80 187 130 148 158 3 141 22 89 195 55 146 24 153 133 64 132 130
77 63 181 188 165 17 124 152 116 7 195 56 23 159 191 135 145 139 150 167
51 6 10 1 89 136 164 90 107 52 153 96 145 110 155 17 20 115 101 86
78 104 100 81 26 82 60 45 66 31 61 42 59 112 100 169 92 119 39 62
174 194 183 120 4 72 9 14 53 163 48 16 112 138 46 154 74 13 90 65
190 177 116 123 199 161 140 30 129 109 20 4 75 88 154 198 28 85 191 178
13 182 158 61 29 75 113 118 128 176 58 119 35 14 50 159 43 26 110 84
54 117 3 40 172 83 179 87 19 21 186 152 84 80 71 72 41 37 68 114
22 65 49 27 129 16 196 190 30 44 117 78 134 173 107 143 196 171 121 108
102 131 197 2 142 177 104 113 48 194 5 127 181 15 170 82 56 137 47 85
