20
44 63 14 58 198 149 110 194 8 83 55 191 192 167 59 152 103 108 114 131
195 188 39 85 144 122 11 38 195 17 82 4 39 1 102 188 178 70 18 29
109 60 61 116 153 173 151 121 127 176 22 59 156 84 65 77 60 29 81 88
77 16 68 63 3 155 56 180 176 75 185 97 172 100 78 140 87 68 134 5
4 137 105 134 45 76 99 26 143 42 177 164 73 61 116 66 107 187 7 179
40 33 165 104 190 27 135 0 150 148 97 141 65 46 142 31 96 46 155 91
139 34 162 117 20 67 169 91 70 113 51 31 37 166 36 106 168 16 62 124
154 180 13 193 154 35 8 184 173 112 133 161 47 181 38 123 129 64 121 129
2 80 26 186 184 182 48 163 118 96 107 183 131 69 43 146 123 28 9 118
105 175 183 72 156 128 189 21 171 49 5 19 126 19 147 167 94 34 92 153
122 111 25 87 74 132 43 78 12 95 30 164 53 125 162 7 52 115 175 12
136 104 90 159 145 41 10 94 196 20 76 177 62 51 143 40 41 99 56 101
199 67 170 72 71 98 93 79 18 185 199 172 135 174 88 32 191 15 120 138
171 192 79 2 151 21 93 117 182 33 64 75 157 25 149 127 106 66 35 197
36 73 54 82 89 128 28 198 189 83 119 166 144 132 112 58 147 49 125 170
24 1 108 86 101 113 186 69 165 114 85 174 6 95 163 109 23 159 140 53
150 115 15 86 187 3 14 152 138 37 30 32 81 22 181 92 169 90 74 48
45 84 197 24 148 120 130 139 9 50 42 110 11 145 136 158 158 80 141 160
27 160 119 190 193 0 103 111 89 157 50 137 179 57 168 54 44 126 57 196
17 133 146 102 71 130 47 98 178 6 55 10 52 161 124 13 100 23 194 142
