20
188 31 42 164 148 182 190 162 116 132 167 192 15 171 198 161 22 47 15 122
141 124 63 193 8 75 153 78 49 123 64 120 154 125 186 71 45 67 187 110
1 147 151 23 70 57 109 30 167 76 136 22 13 183 119 189 179 141 127 27
83 16 138 49 21 66 178 51 114 10 161 81 69 113 3 52 34 143 65 97
48 37 104 103 73 152 111 180 158 178 115 192 140 64 171 72 159 123 179 100
61 1 65 183 74 175 157 162 26 172 31 98 87 44 133 137 7 149 18 174
93 6 153 106 45 85 182 93 160 36 118 165 39 75 52 106 95 54 25 66
165 5 139 130 154 78 6 190 193 158 13 53 100 77 149 36 108 112 8 94
103 105 59 23 144 134 164 21 47 82 16 2 55 2 108 121 156 176 91 146
168 198 43 92 187 116 142 67 139 90 71 32 127 33 166 80 150 169 111 114
120 126 60 102 48 175 189 118 11 56 143 24 27 62 96 134 40 98 99 94
146 151 53 26 136 131 101 85 57 12 122 30 194 41 9 169 42 29 113 88
33 44 9 181 90 82 163 135 128 188 19 76 24 79 50 195 40 112 39 160
58 77 83 117 18 173 185 35 121 88 20 129 20 96 101 119 79 0 68 109
37 110 81 140 170 11 117 173 196 177 197 145 89 107 150 50 87 129 73 105
38 3 10 46 60 199 191 43 59 74 124 25 68 147 4 128 63 14 172 166
107 41 84 62 92 155 4 115 69 184 0 56 14 152 28 7 163 54 17 159
29 197 132 19 168 104 61 177 99 144 86 84 38 126 91 58 148 86 180 137
170 133 196 195 199 155 194 5 174 135 102 125 186 176 145 130 185 97 72 156
157 70 142 17 131 51 32 181 191 80 55 95 184 35 89 28 34 12 138 46
