20
191 179 158 187 105 187 49 54 88 81 143 6 189 132 130 148 74 162 42 86
133 184 24 115 104 137 76 42 177 196 103 0 98 165 155 11 133 134 86 110
89 149 50 35 75 47 78 173 175 125 135 88 103 93 61 106 150 157 12 162
16 9 119 64 22 104 30 126 31 28 73 90 125 82 169 180 135 18 190 150
84 160 51 116 33 20 111 71 106 170 60 196 193 159 179 92 73 140 155 140
99 141 127 90 72 69 40 144 51 184 124 185 176 180 30 65 109 199 151 84
37 109 49 112 1 164 181 10 40 191 41 197 147 161 137 128 19 72 93 34
171 152 67 113 143 66 78 55 100 63 156 8 185 17 167 189 152 5 56 54
101 186 0 114 177 91 34 23 50 197 56 120 65 82 134 29 136 194 89 107
55 107 59 62 195 132 77 69 146 87 10 13 117 85 153 159 75 47 122 38
32 9 163 21 98 118 57 116 145 95 192 124 121 97 46 136 117 121 108 68
111 147 138 96 160 80 11 105 127 94 22 17 19 79 178 87 20 158 154 12
46 142 48 71 154 44 199 7 68 94 166 188 195 164 151 174 110 174 5 52
168 157 23 18 37 2 194 14 170 41 120 91 53 59 13 43 4 44 70 76
145 168 29 173 114 119 53 172 8 80 15 153 6 190 148 31 113 161 149 176
102 24 156 193 182 167 139 66 60 77 39 130 39 92 28 141 146 96 45 138
101 3 102 3 172 169 33 128 74 112 58 36 64 52 14 43 25 129 165 15
183 32 182 63 2 79 186 183 118 99 139 83 27 85 36 35 7 95 62 126
188 123 166 131 115 131 21 175 1 4 97 27 25 57 83 26 171 81 100 70
181 123 198 198 192 58 178 45 67 142 26 38 61 129 122 163 48 16 144 108
