20
157 169 182 155 186 188 29 71 82 31 179 42 158 102 142 185 97 56 177 150
86 170 171 176 183 191 68 166 180 187 149 84 72 115 142 13 41 28 112 78
196 54 22 26 43 95 37 105 144 184 28 121 132 182 83 152 118 71 78 119
181 1 140 35 47 100 135 151 17 44 39 55 40 60 66 136 188 49 106 89
41 98 65 52 88 168 9 151 197 120 79 105 170 147 127 25 50 143 44 22
169 162 42 140 148 178 165 153 195 59 58 19 69 198 139 64 148 62 190 34
75 48 173 96 52 79 11 186 101 11 32 146 92 119 128 32 8 160 194 168
164 108 35 13 131 187 138 110 46 163 120 4 50 4 33 16 197 8 112 175
125 17 198 38 67 171 155 39 51 63 2 184 99 53 189 199 19 56 146 167
113 127 117 117 7 192 38 31 199 122 154 124 61 126 27 154 87 9 94 36
103 85 156 136 51 192 3 61 133 63 190 133 134 83 96 189 6 130 5 123
116 27 129 161 180 175 88 163 111 72 21 179 45 76 40 107 57 172 12 87
102 191 54 20 92 86 69 24 194 165 156 73 181 167 94 66 10 185 60 14
10 36 141 126 123 77 85 116 93 55 106 100 122 21 43 99 196 121 30 80
15 37 173 84 114 160 135 33 59 49 138 80 23 195 76 149 150 152 183 6
90 124 193 137 91 34 113 82 104 58 70 68 172 81 81 75 26 159 93 15
145 114 12 77 161 159 143 104 25 157 174 18 97 103 193 153 48 70 128 131
5 115 53 174 47 62 73 67 57 45 176 132 110 1 3 141 177 95 30 74
65 178 20 145 23 29 118 18 109 125 144 129 16 162 98 130 0 2 111 166
108 101 0 89 164 24 7 91 139 90 134 158 64 74 147 107 109 14 46 137
