20
48 155 142 90 31 153 47 20 58 132 140 41 102 23 176 147 28 12 191 76
196 40 101 193 195 169 184 161 187 25 52 177 44 172 87 82 65 62 76 162
44 121 43 139 17 99 45 125 180 150 6 7 163 126 133 81 2 88 38 9
135 13 36 148 155 173 126 152 143 33 48 17 95 112 154 191 52 120 152 42
130 39 94 178 92 111 188 84 138 35 171 174 89 181 42 4 111 27 94 165
175 24 179 192 99 85 77 137 176 156 0 80 183 63 123 23 59 108 86 112
166 131 20 22 165 138 116 80 115 127 83 3 67 182 166 132 116 54 27 60
174 110 50 68 105 198 98 41 148 164 197 160 51 66 168 72 145 22 84 115
143 159 133 16 38 145 102 34 103 39 169 40 197 21 68 66 107 122 56 149
182 61 160 8 193 128 171 175 124 15 135 158 6 179 14 87 70 109 130 50
19 163 124 105 73 139 77 29 147 104 104 47 65 189 177 75 178 26 162 121
108 180 33 157 109 71 53 37 5 131 24 118 89 140 11 46 37 136 4 113
61 70 58 14 181 97 146 57 34 110 101 10 173 141 86 123 29 53 92 118
43 199 64 97 12 107 11 198 129 144 1 91 199 36 144 13 7 5 96 71
159 113 25 21 95 164 100 149 194 32 3 106 59 90 137 15 93 119 32 167
2 75 16 69 72 85 63 190 196 18 49 136 114 88 96 100 158 67 189 35
81 69 128 185 49 195 46 170 170 60 93 56 91 117 19 129 194 183 106 74
151 82 154 1 55 156 153 78 103 117 83 185 57 26 127 55 141 167 9 142
30 187 119 134 0 78 122 30 161 62 190 186 151 125 18 54 150 146 120 157
74 79 184 31 73 8 114 64 188 51 134 98 186 168 45 28 10 79 192 172
