20
47 38 73 131 2 180 52 101 5 88 37 117 69 142 160 43 187 179 75 83
50 97 20 41 39 173 4 3 147 70 189 70 194 122 175 48 80 135 89 37
169 55 27 28 87 177 176 35 120 90 107 139 63 192 174 75 161 61 194 61
164 27 148 151 159 118 16 93 183 113 112 22 20 21 51 158 131 98 154 90
97 73 19 123 138 144 188 192 144 155 62 74 142 17 40 125 78 2 79 6
14 98 23 146 29 151 189 191 68 115 152 0 110 150 191 45 165 80 198 53
149 69 28 168 82 132 188 159 111 199 170 114 157 26 197 147 163 148 32 162
158 91 138 105 190 116 177 33 33 193 45 14 82 18 157 95 38 87 104 130
64 171 5 3 72 190 121 77 186 164 85 128 108 102 171 129 113 22 134 143
174 23 127 145 103 187 145 62 32 84 16 95 9 120 165 72 12 136 40 155
44 92 101 64 166 7 60 12 176 11 25 185 185 65 15 104 111 79 52 67
121 163 66 175 68 71 57 129 133 35 110 76 137 108 86 21 195 150 81 146
36 59 179 196 198 130 8 92 9 58 106 105 30 36 166 65 83 63 46 106
96 25 50 29 10 196 197 10 125 6 132 134 15 172 88 141 100 116 34 199
13 112 124 76 156 136 54 167 59 91 126 168 107 167 119 1 13 85 0 39
149 178 43 81 140 24 49 7 173 124 170 181 26 57 114 154 42 30 183 133
195 119 54 56 93 46 162 58 152 186 184 77 94 153 86 160 109 60 140 56
153 193 181 24 17 94 19 102 67 135 18 53 49 141 118 128 47 182 11 84
143 44 1 42 51 34 139 74 96 122 100 71 182 31 66 99 115 123 8 156
99 78 109 172 117 161 103 180 178 137 127 184 48 169 89 126 41 4 31 55
