20
104 195 145 66 25 191 7 97 135 45 116 11 71 110 191 29 42 69 97 180
20 73 177 4 33 125 107 156 19 3 58 198 159 47 133 155 54 91 82 76
88 11 104 143 193 12 26 96 180 40 114 101 39 134 76 55 52 89 60 28
91 153 132 95 84 121 142 10 78 86 68 115 81 84 132 58 166 64 192 25
71 48 123 192 63 174 18 172 34 27 167 129 65 199 115 186 99 92 37 75
197 0 153 24 105 185 138 94 27 68 157 113 160 162 161 90 150 85 2 62
160 106 167 48 113 183 2 72 50 65 189 182 137 186 43 184 131 130 196 35
184 57 57 78 119 150 8 136 181 190 46 178 122 174 198 147 122 149 128 117
74 95 87 177 103 185 147 145 56 16 194 158 170 69 109 179 103 93 21 41
15 31 79 101 98 90 108 17 5 67 187 12 114 86 53 162 38 193 149 129
152 183 7 189 112 21 155 171 4 156 87 23 83 188 187 96 165 50 176 13
159 75 126 82 59 40 45 79 158 19 51 77 148 107 80 61 173 142 6 182
30 120 81 195 74 53 157 146 166 181 17 111 190 89 28 39 130 151 49 139
22 0 154 169 66 55 88 110 93 46 26 43 112 152 136 16 64 9 163 124
109 47 106 31 9 108 77 199 59 194 134 22 100 5 179 196 98 70 63 141
140 118 135 171 172 30 131 151 32 168 14 62 20 102 126 18 72 73 164 54
140 44 33 197 10 173 161 36 118 52 6 29 154 3 111 144 36 176 102 15
146 42 41 175 117 94 80 127 56 100 141 144 1 188 170 14 164 1 34 99
32 121 35 137 85 44 8 163 120 37 67 124 13 83 168 178 24 119 138 49
60 105 133 148 165 123 116 38 169 139 61 127 92 51 128 70 175 23 143 125
