20
171 195 65 138 147 12 18 139 36 129 109 13 28 58 17 53 0 75 75 95
55 156 60 67 166 85 3 160 61 41 45 72 5 80 107 38 89 74 69 97
14 140 122 141 175 106 183 165 28 113 132 51 189 51 197 47 133 6 36 27
116 8 166 103 198 32 61 156 98 19 172 139 144 130 15 43 76 110 9 147
116 50 71 161 31 14 111 148 99 16 22 40 68 173 96 71 55 24 68 169
34 62 45 83 185 11 99 141 56 192 117 103 174 49 174 180 92 173 111 196
64 107 108 126 198 73 86 30 145 76 105 16 146 77 62 90 124 120 119 91
135 187 148 101 101 149 120 86 150 194 145 181 112 134 142 134 167 72 102 29
93 189 117 123 10 154 170 47 48 131 79 35 152 37 65 176 50 124 90 171
82 186 29 142 92 133 144 154 112 143 182 66 153 179 155 44 0 121 1 199
195 19 81 109 151 31 73 162 88 32 84 157 179 188 34 10 94 46 176 78
165 69 185 9 53 164 194 149 114 7 1 159 12 88 64 168 126 163 35 136
37 17 94 132 162 136 158 190 21 190 93 26 87 26 41 152 24 164 48 151
15 83 89 33 4 59 158 79 6 66 57 177 104 44 5 188 110 87 150 143
8 182 100 127 39 118 131 118 187 115 155 160 140 20 25 7 199 159 95 30
57 56 178 105 153 106 168 100 42 27 84 129 128 137 192 172 21 121 184 85
191 82 54 184 177 127 77 193 54 119 91 52 193 78 138 180 108 74 163 135
70 181 167 191 125 70 146 115 63 2 161 20 67 196 58 197 22 38 40 170
80 49 23 128 125 46 183 98 137 52 63 157 23 81 43 178 59 102 25 3
114 4 39 18 123 130 42 97 13 11 104 186 169 60 33 122 175 113 2 96
