20
177 40 78 96 98 150 75 94 24 98 11 174 118 104 114 132 7 140 179 153
53 155 123 111 196 30 86 102 161 193 131 192 32 6 157 93 16 63 191 191
87 77 5 69 152 41 168 71 13 197 23 159 136 39 50 130 79 42 181 137
167 121 194 101 154 27 8 130 92 73 35 158 42 147 159 55 141 139 180 103
185 131 62 111 155 44 129 1 135 169 53 88 143 142 112 66 160 187 153 122
163 137 198 35 56 54 193 148 165 103 19 125 46 180 150 114 172 182 38 90
41 88 123 46 76 115 18 61 30 86 169 156 49 36 21 144 58 20 189 25
49 124 195 27 59 135 13 113 178 107 22 45 65 99 15 9 29 48 168 43
0 34 85 14 105 185 126 31 99 113 77 40 119 89 145 97 190 26 16 50
15 70 174 148 71 20 167 84 12 192 160 139 28 51 116 133 60 47 166 158
134 164 48 133 154 54 100 188 109 85 125 38 162 117 184 144 5 70 62 3
57 10 118 87 39 43 7 179 67 28 149 115 79 149 100 4 196 78 127 106
4 47 129 173 23 165 82 110 119 173 112 105 2 84 102 33 68 96 82 72
14 58 9 108 152 56 74 64 93 108 73 17 162 104 163 44 141 80 10 60
97 126 89 26 197 184 172 121 142 109 199 1 120 199 6 101 157 90 106 29
95 19 21 91 175 72 37 52 146 83 117 156 128 171 65 183 161 188 190 170
136 81 127 91 18 81 138 116 147 3 57 67 37 33 177 59 92 80 17 146
186 76 94 110 181 170 183 198 31 66 189 151 140 134 45 8 36 74 124 0
2 164 143 25 178 151 128 107 175 51 11 145 63 24 68 32 176 12 195 171
52 186 138 122 64 34 194 69 166 187 75 120 22 182 61 132 55 95 176 83
