20
129 64 178 163 41 142 85 126 4 102 114 195 177 147 176 122 11 29 168 3
7 128 107 23 5 120 32 71 131 37 119 132 127 186 12 104 166 20 144 38
1 130 52 16 185 91 162 8 43 143 167 64 104 58 164 197 183 13 180 181
12 189 147 80 62 3 34 78 35 121 133 110 10 181 69 167 160 188 161 149
151 32 6 180 70 51 184 48 25 182 113 141 40 90 84 107 6 98 81 191
68 151 9 122 114 129 77 150 22 153 171 24 8 58 186 134 192 17 170 21
7 30 126 73 148 50 71 31 42 9 0 74 140 66 124 112 184 60 17 62
18 49 103 100 102 187 87 116 5 139 117 197 84 33 172 187 124 190 149 43
65 150 176 173 193 39 46 27 172 153 175 47 82 36 154 192 133 190 137 79
170 89 72 97 196 92 139 155 156 177 127 142 59 19 59 38 13 99 44 125
132 92 175 135 85 154 83 123 164 63 194 36 34 15 46 45 86 145 182 93
14 89 118 93 51 15 63 16 101 116 74 98 96 158 31 169 179 110 50 67
94 191 2 138 57 0 106 157 56 76 134 138 21 42 67 136 163 1 54 75
11 26 195 101 37 10 49 173 24 95 171 109 14 103 198 90 162 168 97 169
28 39 76 152 54 57 159 199 117 185 121 183 179 148 29 26 128 141 20 105
137 81 80 115 136 112 53 145 144 35 18 83 79 30 75 96 174 161 60 88
125 53 130 165 99 61 69 25 55 160 87 135 118 52 178 159 157 48 44 146
86 82 100 120 68 56 88 198 106 146 73 33 199 174 78 4 109 155 77 27
61 40 189 91 55 41 19 165 23 156 108 22 47 143 188 111 113 194 158 95
94 70 196 152 119 105 2 115 65 140 28 45 123 131 66 111 166 72 193 108
