20
99 92 66 164 62 128 153 46 184 29 65 117 69 57 199 89 117 20 74 136
54 141 41 51 170 107 61 64 107 31 101 11 40 133 97 60 45 195 189 151
105 44 149 145 166 24 162 41 85 165 185 50 32 47 108 167 140 194 23 27
78 33 143 96 73 5 120 140 148 142 123 132 162 9 147 176 67 121 77 28
3 109 26 134 71 86 34 142 83 85 120 90 76 109 115 31 135 3 127 79
19 23 169 187 164 130 58 125 182 186 54 104 118 87 57 155 198 9 14 188
190 55 152 118 51 22 4 139 84 2 49 71 196 175 84 79 38 125 7 179
100 166 195 101 182 171 114 131 183 98 168 65 126 1 157 66 10 106 192 185
191 43 138 94 62 116 153 139 112 161 88 18 188 25 30 158 82 121 30 42
187 167 123 21 128 12 61 93 111 44 56 76 173 73 99 110 159 64 165 190
193 55 91 137 53 198 25 52 83 155 124 172 63 92 24 116 16 8 13 77
191 60 43 63 193 160 119 98 58 42 172 32 113 69 17 47 154 163 181 96
169 17 177 103 26 129 45 103 184 7 175 2 180 199 189 14 178 111 75 74
1 180 149 146 15 36 148 90 59 34 160 154 168 174 15 48 68 39 40 129
137 159 10 179 11 170 91 126 80 136 152 29 53 80 27 112 87 67 81 4
89 181 82 173 33 150 104 39 13 113 50 21 161 186 48 192 81 78 37 95
183 49 56 75 134 38 108 5 22 150 122 158 146 151 0 68 86 176 6 28
163 95 72 133 97 0 105 143 102 119 52 196 36 144 138 46 132 156 157 94
178 35 130 70 145 131 88 59 6 144 19 18 8 100 102 171 197 174 127 122
35 37 106 177 110 135 20 147 114 12 93 141 197 115 156 194 72 70 16 124
