20
3 115 122 155 36 84 172 147 109 47 77 110 193 41 154 170 76 6 106 43
117 170 152 177 94 90 100 11 94 191 8 153 37 91 108 120 12 157 29 135
78 103 59 165 22 169 92 27 10 25 7 88 191 79 6 14 181 50 39 54
197 15 39 71 143 75 37 179 18 81 86 136 22 119 113 18 123 21 96 95
35 126 125 121 85 51 175 185 197 122 120 128 34 160 1 12 163 164 153 116
9 97 126 184 20 89 143 32 71 133 190 168 70 185 109 119 150 68 69 67
66 58 187 25 70 54 52 10 156 38 112 73 198 48 91 89 128 151 93 74
149 181 73 132 7 145 171 97 188 182 28 159 142 65 100 115 176 159 52 26
59 129 118 83 175 138 87 148 139 192 42 113 60 124 114 41 30 137 161 63
186 48 165 64 124 136 35 33 19 190 164 72 135 3 62 57 148 127 161 146
177 42 34 46 24 43 67 141 188 61 105 49 5 95 56 38 154 111 13 92
36 111 2 107 152 194 141 123 32 173 118 130 74 16 8 84 199 103 174 110
178 81 23 78 47 83 88 53 187 60 56 193 80 145 80 129 2 82 76 183
0 82 4 183 29 199 139 151 178 147 86 13 65 44 31 61 117 58 144 198
99 130 107 131 55 96 46 140 116 31 45 195 104 186 21 26 64 182 184 149
138 53 102 196 30 20 75 189 146 98 17 189 11 196 125 17 66 134 85 155
27 93 180 49 132 50 134 101 14 167 9 192 137 144 69 114 33 45 51 180
90 133 174 98 163 157 127 68 19 4 99 142 162 168 16 179 166 176 79 131
160 40 121 40 112 150 172 72 87 0 63 171 167 194 162 15 44 28 24 158
5 102 106 1 173 169 101 108 195 77 57 104 158 166 62 140 156 55 23 105
