20
109 125 101 180 160 102 142 10 115 145 122 128 6 46 140 39 143 48 132 40
19 85 91 119 157 113 98 112 63 154 77 105 60 12 35 121 134 76 24 15
61 167 184 190 135 156 187 171 86 62 1 172 74 69 126 55 136 103 57 82
2 43 17 11 92 0 16 49 93 5 72 108 179 170 50 166 98 151 128 71
123 138 36 4 196 148 97 195 166 182 193 111 149 33 188 80 153 99 88 194
35 59 169 77 198 30 181 181 178 95 79 136 83 3 73 13 107 92 41 105
151 51 25 74 192 3 42 113 177 5 16 37 10 183 146 94 76 133 64 14
114 56 155 137 21 29 88 146 120 168 60 96 9 27 51 20 192 198 36 12
89 81 116 84 18 57 185 53 132 90 163 118 48 44 191 165 131 34 73 183
189 196 190 108 111 149 101 158 115 71 173 33 66 164 126 118 44 152 133 79
68 131 65 163 160 144 13 112 23 142 14 86 17 139 148 109 84 103 195 87
159 175 154 20 120 199 197 157 53 95 124 72 110 176 155 70 134 22 114 32
177 52 143 52 1 159 147 49 185 54 58 137 31 164 182 188 8 81 42 26
7 100 124 28 43 139 30 50 70 102 41 85 179 156 173 47 107 68 54 31
110 186 75 66 170 117 0 147 99 168 18 45 174 28 23 64 97 67 37 46
150 82 189 178 58 175 193 123 162 180 161 122 100 104 62 96 45 27 2 65
104 162 161 184 127 199 186 129 167 90 117 7 119 158 59 32 8 165 121 38
78 47 4 106 116 187 34 140 135 194 191 75 127 172 129 26 69 22 6 141
11 83 21 106 91 40 144 61 125 78 145 169 87 19 38 29 9 67 171 152
63 25 94 80 39 197 55 138 153 93 174 89 150 176 15 130 24 130 56 141
