20
124 60 120 62 95 31 69 115 117 15 14 57 94 145 4 189 54 13 64 76
34 80 167 63 15 165 105 42 162 25 104 32 157 78 176 27 156 36 106 70
194 158 22 19 16 138 125 59 179 168 104 198 33 17 146 187 39 63 87 12
14 172 154 92 3 38 45 164 184 102 43 71 189 188 28 157 9 116 188 143
164 65 174 175 35 128 135 177 12 99 77 97 83 79 75 58 18 173 151 117
121 72 35 37 127 40 198 129 163 103 136 135 37 99 127 133 101 159 161 134
50 6 147 58 150 74 21 7 89 187 180 1 109 196 170 112 152 168 44 111
93 120 199 138 88 91 61 184 45 74 73 92 171 46 47 10 18 182 66 62
89 147 195 169 160 80 84 53 179 183 44 50 97 90 39 100 185 52 111 27
190 87 186 82 64 186 195 129 141 192 103 48 81 42 28 41 152 116 51 181
85 29 114 23 77 6 137 193 183 119 33 61 149 161 151 172 122 76 131 8
124 134 17 166 48 72 141 22 145 150 121 176 49 128 81 30 107 140 197 38
139 185 86 159 131 0 133 171 79 160 169 132 10 9 148 85 25 139 190 16
119 71 126 90 125 140 11 178 78 153 2 49 5 165 126 166 109 82 24 2
100 88 108 112 122 144 96 95 130 55 193 137 68 118 13 182 53 110 142 132
144 26 194 155 197 123 105 52 0 167 47 36 20 40 113 66 154 59 24 191
43 70 118 107 177 191 34 114 11 73 56 156 98 136 21 158 68 115 199 162
19 32 57 91 41 29 86 113 67 175 75 153 30 142 96 60 26 173 31 23
148 181 20 98 110 130 178 192 55 5 170 101 8 146 51 106 54 7 149 174
1 102 93 83 3 46 155 56 4 123 143 67 69 108 84 163 180 65 196 94
