20
134 127 169 20 162 51 61 111 171 185 58 9 82 41 52 104 88 54 52 198
21 79 132 4 30 168 168 192 25 184 156 198 47 164 102 72 93 80 3 64
178 28 193 100 170 34 0 155 51 95 182 4 65 58 160 165 63 175 39 94
54 170 155 22 85 141 112 191 125 131 46 66 44 157 11 195 194 24 141 82
160 136 188 173 181 199 101 140 22 107 6 67 53 150 90 145 77 23 0 119
97 116 191 45 150 151 94 61 93 100 25 128 27 149 49 73 116 15 166 140
106 62 45 19 41 43 130 2 129 101 99 76 68 92 126 37 144 136 186 172
27 44 36 110 96 59 189 153 84 115 122 21 88 57 50 143 38 48 95 26
35 79 99 1 186 49 139 57 108 11 183 117 66 138 71 134 47 98 34 28
42 42 87 32 157 83 167 6 127 121 138 130 77 147 43 60 169 69 56 72
137 105 16 189 8 188 18 65 196 142 158 139 137 185 87 97 178 110 161 197
86 78 199 9 71 104 64 161 181 13 17 197 152 56 152 76 84 179 159 59
174 118 91 117 70 107 74 120 83 7 131 5 7 23 153 173 180 103 69 123
30 109 143 91 194 96 81 24 114 89 144 103 78 98 14 108 196 183 159 32
177 156 192 135 182 148 75 13 15 80 92 46 63 16 12 149 10 33 1 55
124 158 14 125 176 60 118 18 109 135 190 126 122 90 68 124 123 167 164 148
147 36 26 184 2 151 105 62 3 50 38 70 40 142 17 89 179 128 190 180
119 176 163 19 120 166 133 193 175 8 74 5 67 12 162 171 154 39 113 33
85 55 174 154 29 112 53 40 163 129 146 37 106 35 10 113 145 187 177 75
133 102 86 146 48 29 165 195 121 31 31 20 115 111 172 132 73 114 81 187
