20
55 0 159 60 90 100 20 140 156 76 22 27 45 194 68 30 34 109 23 35
12 198 183 108 145 53 102 46 191 67 21 141 5 97 124 175 176 122 30 115
120 158 124 80 84 199 134 41 44 156 146 63 58 128 106 138 190 57 14 81
72 86 138 82 63 106 162 154 80 70 76 131 164 69 66 186 61 13 155 60
130 33 187 7 97 52 133 149 42 139 173 176 161 142 69 157 99 94 18 52
81 78 151 79 153 91 180 15 108 149 171 145 0 113 179 166 178 10 182 96
26 101 116 51 29 107 89 53 62 42 151 134 19 3 48 177 168 181 152 155
92 144 142 54 41 167 160 189 90 168 85 164 148 127 31 94 175 28 6 84
40 154 39 47 59 33 96 198 169 129 27 128 5 169 167 123 98 188 36 143
24 186 194 20 91 31 179 95 58 8 174 49 195 193 118 28 44 57 119 113
160 100 157 158 170 95 105 26 29 38 86 16 121 56 11 79 117 172 185 74
92 174 133 75 73 132 8 83 161 55 22 75 197 110 165 2 163 45 173 115
193 103 68 73 148 153 99 135 127 89 126 180 105 191 18 11 85 117 82 170
62 199 66 125 187 64 93 64 25 72 114 110 182 137 1 47 184 88 196 140
65 50 135 59 129 2 143 43 171 21 166 88 146 43 65 16 67 32 103 12
104 46 165 35 1 54 121 23 50 136 13 126 17 196 51 74 32 116 139 38
9 111 14 87 37 131 102 178 150 24 49 34 77 130 83 190 6 78 3 70
48 195 7 77 147 189 4 61 107 120 4 101 119 162 183 36 25 71 112 172
150 19 123 136 177 10 17 144 40 118 192 125 71 159 147 87 152 104 93 98
112 163 132 39 188 111 9 114 185 56 181 197 192 184 137 122 109 15 141 37
