20
169 7 15 118 154 26 132 106 27 31 51 21 60 176 24 92 184 178 64 52
29 25 89 162 98 45 26 45 183 25 89 47 119 131 18 58 68 165 44 46
196 83 41 126 146 178 81 174 67 2 105 198 160 81 137 4 179 117 181 6
172 173 187 90 115 145 144 12 4 99 129 93 0 74 73 190 180 155 122 75
185 71 34 134 2 188 196 29 113 12 75 61 163 110 131 101 164 103 86 1
168 56 128 35 73 20 163 22 144 33 79 30 165 43 150 187 116 143 154 82
192 152 158 161 42 186 193 34 13 16 57 62 70 8 113 125 134 77 78 31
85 48 156 153 129 52 38 3 116 164 141 55 142 88 139 109 138 198 188 97
194 5 96 143 51 54 156 9 152 149 151 136 103 53 3 92 14 50 170 23
101 64 82 66 120 162 83 55 174 85 50 111 195 59 157 63 70 107 111 49
185 184 58 41 24 94 109 16 18 79 104 142 72 159 48 46 71 11 125 123
21 195 147 0 123 110 135 148 151 88 112 39 114 23 139 37 132 145 80 181
10 141 33 35 107 126 175 36 199 65 157 150 175 120 167 19 114 108 13 69
94 128 177 6 78 169 56 121 167 10 168 124 106 191 66 93 177 72 158 36
173 193 1 105 84 127 62 136 149 42 166 171 49 32 182 54 32 43 90 122
192 189 74 112 133 47 95 87 124 99 95 61 180 102 63 166 182 130 5 161
170 140 197 38 87 97 115 171 197 119 153 30 60 199 176 22 9 146 57 14
20 59 117 37 98 159 69 86 100 137 67 183 121 8 191 147 91 39 27 130
53 148 17 133 15 189 138 160 65 155 17 40 80 186 44 28 102 91 190 135
108 179 104 84 19 76 40 194 28 7 118 77 68 11 76 127 96 100 140 172
