20
170 11 142 106 148 199 33 99 64 129 177 19 178 194 199 198 75 94 90 80
59 35 150 65 29 77 5 15 166 143 27 94 175 16 169 76 92 119 45 156
90 43 61 188 176 151 53 14 56 136 58 23 149 195 198 155 116 64 74 102
78 12 32 100 99 194 168 171 118 62 104 0 182 30 169 57 182 145 60 22
156 26 174 197 101 97 142 68 159 138 44 35 197 33 102 120 132 89 160 7
40 168 83 91 116 127 79 72 88 47 6 84 88 39 14 188 13 158 3 92
57 87 20 134 4 66 122 49 113 163 48 135 45 28 39 1 77 172 58 95
112 105 184 123 113 125 9 117 51 123 177 114 104 2 118 170 181 100 171 167
9 115 191 71 140 0 66 82 181 37 127 65 187 108 109 31 21 93 5 87
17 144 186 151 24 141 81 19 18 120 48 41 96 163 63 38 41 95 42 31
70 62 55 26 121 186 122 128 110 166 75 110 61 190 174 121 103 107 143 96
36 6 36 21 3 23 76 138 7 44 72 78 10 133 147 2 16 8 67 54
114 83 180 139 131 158 91 106 196 22 46 134 107 12 49 126 55 189 34 112
42 164 140 145 192 18 25 137 164 69 73 101 67 157 38 193 63 98 54 47
24 46 1 146 52 179 165 32 173 137 37 190 133 97 153 85 80 173 98 126
191 108 132 152 176 129 50 93 119 8 131 157 60 10 180 53 155 43 179 165
56 11 59 172 51 161 130 149 139 15 183 34 40 74 13 85 148 154 117 153
73 52 178 196 160 175 128 71 27 184 30 82 162 111 192 109 105 68 130 193
161 135 25 187 50 159 147 103 89 146 86 185 183 144 124 28 29 124 162 141
167 189 154 79 81 136 17 125 84 152 4 20 70 69 150 111 115 86 185 195
