20
124 104 187 27 52 162 48 195 11 74 68 7 93 136 31 90 42 107 84 110
30 140 147 25 24 19 143 146 68 27 158 12 134 167 173 67 26 22 168 98
188 125 174 42 64 71 33 170 7 135 74 66 86 111 15 113 197 38 26 20
106 35 116 185 3 78 6 47 129 106 59 171 77 70 143 98 125 4 48 142
141 100 55 161 6 161 99 4 162 138 183 70 190 44 79 85 53 73 194 176
114 92 126 142 119 82 40 90 196 9 182 96 165 52 195 10 5 2 43 175
156 29 183 1 73 154 23 41 8 158 199 176 8 145 198 14 77 1 144 88
102 51 57 154 159 138 24 175 109 69 188 139 151 187 102 197 103 127 18 36
89 134 22 118 137 59 36 16 60 129 136 21 62 105 44 40 47 122 148 157
60 0 31 84 5 87 147 165 85 160 181 50 185 16 91 63 97 101 46 20
121 140 126 58 34 66 164 137 177 101 30 63 163 80 61 131 179 186 180 62
56 133 95 51 41 108 166 49 67 117 37 87 164 76 81 120 178 193 121 39
199 61 56 182 153 177 99 150 39 153 117 127 193 172 159 180 65 45 58 71
14 114 55 181 105 172 13 93 192 149 21 75 107 171 104 118 115 45 12 15
82 103 88 113 145 144 109 186 119 128 65 178 78 57 112 184 123 170 169 46
131 157 32 34 160 81 120 198 10 23 141 169 37 108 100 179 96 18 190 79
0 80 130 50 38 11 173 192 72 152 35 189 64 86 3 54 112 43 19 9
166 116 17 94 49 150 163 130 92 168 135 97 32 25 110 196 148 152 95 122
13 191 151 28 83 2 167 17 115 124 76 53 83 133 89 123 91 128 191 132
155 69 149 94 139 194 28 155 174 132 184 54 189 72 33 156 111 146 29 75
