20
19 46 25 177 138 36 163 120 98 197 112 134 194 153 41 75 88 149 94 83
23 68 193 14 85 72 69 84 168 128 191 90 19 28 186 88 186 86 15 55
24 143 162 17 8 179 126 67 172 100 140 6 2 112 119 172 60 22 157 63
85 10 131 1 60 29 74 82 108 50 106 142 187 196 77 34 7 192 139 147
159 61 121 165 27 146 12 188 21 52 53 47 25 182 44 127 37 40 173 140
128 180 71 76 188 48 170 31 89 133 107 130 145 189 66 102 110 144 182 183
195 72 83 44 144 166 124 126 196 177 155 64 124 80 175 178 92 33 190 161
195 148 108 174 5 73 109 166 116 42 38 62 11 164 159 119 70 141 122 59
191 123 40 78 52 7 37 31 102 118 69 118 139 12 82 160 35 15 180 45
197 32 91 193 51 125 11 190 3 93 38 42 3 129 79 24 77 97 116 98
152 129 198 18 54 39 153 103 45 58 20 181 1 76 5 156 183 62 41 53
137 176 115 4 109 14 143 138 95 26 34 131 110 28 125 165 105 78 135 26
163 61 71 167 113 90 86 87 133 23 65 8 123 47 147 39 79 184 32 33
171 80 43 111 54 175 132 113 16 194 57 121 101 36 185 162 130 107 66 155
58 145 114 169 111 2 70 74 68 9 49 51 0 94 134 93 46 56 89 114
104 101 185 173 49 199 13 56 115 29 198 64 91 169 105 99 149 136 137 99
136 57 16 81 75 181 132 154 10 171 161 151 164 117 48 27 97 65 21 189
4 55 176 127 50 92 0 6 135 150 20 170 103 100 151 199 9 84 178 13
22 18 17 43 150 87 146 142 156 192 117 158 152 179 120 148 160 168 158 96
30 122 63 154 141 95 96 59 187 35 167 73 106 30 174 157 184 67 104 81
