20
92 1 187 195 82 197 43 182 155 194 146 170 120 79 154 149 71 168 13 85
147 49 168 186 97 63 11 119 66 56 148 188 48 123 33 144 20 30 36 119
146 113 88 67 93 5 111 134 28 145 131 110 122 48 77 62 155 127 26 78
59 23 158 93 33 0 37 73 167 164 64 24 89 80 55 15 44 56 68 185
34 58 165 83 198 99 18 50 38 77 2 121 60 105 53 139 61 140 46 169
76 24 150 116 120 141 91 35 51 116 54 132 104 150 131 74 192 49 153 125
191 149 94 81 17 111 122 100 157 104 50 151 102 41 13 3 28 46 29 137
78 108 173 167 8 63 72 55 42 179 133 144 94 100 16 143 42 1 138 65
25 138 127 130 128 35 183 83 84 45 170 103 84 160 18 3 15 71 166 87
156 108 88 98 181 70 142 4 171 126 177 65 193 175 185 34 74 86 91 2
98 163 90 22 117 172 115 103 183 39 45 112 169 86 69 51 128 105 157 62
172 135 143 19 117 140 173 9 67 123 69 81 10 7 136 32 161 87 137 12
199 14 197 75 118 21 152 31 171 36 79 99 195 180 10 0 113 145 191 164
194 153 107 136 156 75 139 26 142 192 96 29 180 72 102 47 151 43 22 73
162 118 95 101 175 85 159 11 178 134 30 52 27 196 166 165 109 59 154 76
90 9 148 47 147 14 129 61 124 190 176 57 184 174 64 124 4 199 80 21
179 163 181 114 196 60 121 189 57 115 187 160 152 107 70 112 37 58 32 19
17 184 174 135 68 6 41 38 20 31 101 27 141 7 54 125 52 133 106 182
158 189 82 96 130 40 95 114 106 176 16 66 188 53 23 193 161 39 162 89
198 132 190 126 178 12 25 109 97 129 8 6 44 177 40 159 110 186 92 5
