20
17 105 60 76 36 148 78 168 181 40 15 168 80 34 48 127 113 140 56 56
46 41 120 172 72 164 3 12 47 137 59 84 94 155 176 133 64 191 114 169
167 54 139 126 85 6 19 89 79 162 18 14 156 123 21 182 167 185 54 28
177 162 91 114 183 4 94 42 63 169 85 44 61 137 35 140 107 109 15 26
31 119 151 199 153 138 97 0 35 111 20 71 110 159 152 88 149 51 163 113
196 95 171 20 34 175 130 87 44 38 83 195 39 9 26 197 151 150 181 103
83 50 163 121 70 1 130 16 5 157 170 99 18 71 77 52 77 49 189 45
63 143 188 125 74 134 30 98 112 107 128 90 38 33 106 164 124 7 175 123
184 155 5 197 173 191 22 147 17 188 82 1 67 66 2 145 16 57 79 141
8 179 111 89 65 87 12 180 75 27 86 160 23 156 49 55 195 142 192 25
88 48 186 81 115 108 142 178 171 7 135 148 58 139 68 31 117 150 13 119
84 24 129 104 36 91 14 78 37 75 194 10 108 47 11 120 158 64 154 43
30 180 25 198 118 74 70 161 93 112 116 110 60 138 76 135 65 19 187 11
165 141 145 21 82 27 185 4 157 160 122 129 43 124 66 73 131 72 102 42
177 187 147 81 127 189 90 6 92 100 68 10 13 193 192 132 146 24 55 28
62 101 99 146 132 53 92 182 32 128 9 62 117 184 53 161 159 58 69 186
37 95 97 115 51 136 131 183 144 46 125 61 8 174 149 3 172 170 166 2
98 166 116 73 179 45 174 143 32 39 144 67 158 121 134 80 106 102 103 105
198 178 50 101 29 22 196 193 173 86 40 154 69 96 176 57 126 133 109 0
59 165 41 29 93 153 33 118 100 52 152 199 190 96 23 190 194 136 104 122
