20
173 184 68 139 1 29 46 37 157 190 180 104 152 143 174 158 151 107 22 118
24 115 71 74 42 49 109 193 103 112 44 40 82 34 0 51 76 62 58 110
127 16 108 156 178 176 192 160 140 178 169 177 126 123 102 136 101 79 183 27
18 164 135 64 32 72 106 9 131 101 81 147 125 129 128 28 112 25 4 91
197 13 38 47 49 100 149 60 73 188 97 99 69 61 165 131 30 35 92 94
148 141 168 130 150 41 105 167 14 119 88 62 108 152 148 186 120 78 79 155
113 170 189 48 159 164 41 144 117 83 147 7 85 166 186 107 54 89 31 181
43 75 109 153 120 144 98 0 5 19 15 114 125 35 113 145 40 91 24 68
31 171 171 196 13 53 198 80 127 36 159 9 160 198 134 104 177 96 3 154
183 61 180 55 197 199 42 121 57 20 59 137 6 12 30 77 170 21 70 53
105 172 129 146 45 17 110 174 2 149 94 80 82 179 138 119 142 33 192 196
63 39 172 123 194 187 50 99 43 126 28 142 153 81 87 50 167 74 38 45
23 59 76 8 86 66 3 151 188 193 84 161 168 133 20 118 133 92 44 19
132 85 86 54 23 179 57 21 187 26 75 84 97 162 15 11 195 60 5 140
163 65 121 93 17 36 98 73 34 33 27 163 64 77 191 67 158 71 83 157
122 166 14 78 39 182 165 55 10 137 52 4 199 93 22 56 115 184 12 65
103 95 141 181 195 150 8 135 63 11 155 124 156 139 111 134 162 154 88 194
56 106 138 124 116 114 95 52 182 47 51 90 58 100 116 161 29 185 189 89
102 48 70 175 169 128 18 143 46 7 173 191 2 37 136 67 130 69 176 190
146 111 72 185 26 117 87 96 10 32 175 6 16 132 25 122 1 145 66 90
