20
190 66 130 91 75 12 167 82 185 181 35 72 168 145 119 105 88 43 106 168
34 17 79 91 13 48 165 193 109 2 174 124 108 103 173 45 74 198 1 97
20 104 175 79 26 135 171 90 59 85 179 6 125 123 118 29 28 169 66 3
166 10 36 115 47 98 55 180 162 27 182 178 138 142 3 162 50 189 153 42
39 68 71 148 46 11 5 117 136 111 109 164 14 142 132 198 104 153 100 89
39 38 8 141 57 15 149 148 118 1 33 18 193 10 34 197 43 127 2 195
122 64 67 36 192 187 18 73 144 53 45 48 73 69 13 56 49 105 152 62
150 163 51 173 113 194 120 130 63 21 52 146 54 170 12 108 47 139 191 156
177 42 103 95 70 178 63 122 191 41 169 155 16 9 140 17 107 96 41 197
75 4 161 137 64 37 81 190 155 44 80 126 24 99 40 134 97 133 181 110
116 28 83 30 129 143 115 107 156 151 113 78 76 0 94 183 189 160 24 194
183 37 49 165 19 140 124 145 25 186 52 195 192 65 54 101 83 172 117 96
185 14 72 114 93 78 74 44 196 127 84 136 21 35 188 157 88 128 57 76
4 154 94 6 106 9 60 167 84 59 56 163 199 196 114 65 25 30 171 112
26 152 143 172 27 186 58 60 87 157 80 187 159 135 129 188 160 19 158 161
126 22 7 69 95 120 182 121 58 98 53 62 85 138 29 92 154 158 50 23
102 87 22 11 123 131 67 77 40 112 68 93 32 31 121 111 101 16 199 125
174 61 55 15 166 86 132 46 99 71 20 180 151 144 70 164 176 92 149 82
89 38 128 179 51 147 81 32 110 119 102 31 33 7 77 134 139 131 0 133
90 61 23 147 175 176 8 116 184 184 177 100 137 170 159 141 150 86 146 5
