20
125 0 54 23 152 103 132 63 176 60 53 145 91 102 11 93 193 111 140 84
97 182 14 73 26 140 112 26 115 8 13 56 168 31 16 74 34 39 98 149
176 14 89 82 142 114 127 183 108 64 19 50 85 59 150 187 91 174 189 104
48 152 190 114 88 33 41 63 68 50 32 107 192 55 61 130 143 170 161 128
59 29 72 9 117 2 193 115 156 40 41 142 87 12 37 22 67 78 169 157
159 191 189 69 6 84 45 123 39 0 10 173 73 148 45 174 101 144 122 160
113 171 44 58 179 183 17 52 29 102 199 9 131 188 51 35 42 47 74 57
25 69 78 129 129 22 187 120 136 12 107 132 58 83 109 162 27 10 133 139
44 49 197 18 66 31 89 4 167 128 121 177 154 21 65 118 150 155 110 2
178 158 34 49 160 86 15 169 131 35 43 71 52 66 144 75 185 99 81 153
77 166 103 119 196 138 94 191 141 83 16 194 28 70 20 186 62 17 146 109
122 54 5 56 75 100 61 184 38 175 92 94 124 48 7 190 116 46 168 123
46 138 37 70 27 110 170 28 88 95 30 5 90 195 179 161 119 96 36 98
136 198 134 146 20 172 93 43 71 186 68 155 197 96 76 25 11 112 163 151
97 159 154 180 147 125 198 121 38 90 104 15 72 79 134 165 55 1 76 13
196 165 181 162 81 171 101 153 62 177 92 100 184 130 95 86 7 185 158 199
192 133 137 166 147 105 80 156 143 4 124 180 33 181 82 8 85 105 6 139
24 175 106 53 67 87 151 126 79 164 32 141 163 60 36 30 77 1 137 167
19 117 116 182 145 157 135 21 65 194 126 178 3 80 188 18 173 164 47 172
148 118 23 149 40 57 113 135 24 99 108 3 195 120 127 64 106 51 42 111
