20
136 18 89 152 169 69 60 91 108 24 49 130 113 142 154 24 65 128 187 193
68 158 125 122 19 84 78 114 176 32 188 145 81 44 14 76 102 71 195 90
40 175 62 22 86 37 177 35 33 189 32 125 52 180 97 40 190 186 29 115
165 139 88 137 127 73 121 182 97 112 31 155 70 106 180 58 135 161 146 12
72 124 74 75 86 72 168 95 106 104 30 47 73 163 148 74 164 105 11 174
185 131 197 81 197 63 198 195 92 153 172 103 154 37 107 140 158 133 41 96
140 131 10 162 136 127 162 175 87 144 149 138 173 79 13 55 57 155 63 4
35 68 110 17 20 30 133 88 36 28 11 80 181 76 109 111 60 145 54 151
121 149 54 171 7 31 27 194 8 168 179 90 107 15 0 38 83 119 135 134
141 163 184 96 166 19 183 45 5 177 196 49 171 101 75 112 89 59 5 94
46 139 166 164 47 59 66 52 3 6 10 39 176 82 53 113 122 16 26 152
21 44 141 83 129 41 98 21 170 84 50 94 132 130 117 51 156 56 182 138
93 184 167 147 193 104 120 105 1 159 3 29 25 123 82 179 64 199 159 167
170 128 70 39 61 146 2 78 6 57 58 157 123 153 23 7 77 132 69 42
126 18 71 9 13 43 85 103 142 34 116 100 62 87 101 4 119 137 165 115
186 55 178 100 61 43 134 147 118 124 25 185 172 160 126 178 17 26 109 12
0 85 189 174 129 45 64 66 117 191 42 33 95 157 28 181 79 93 56 108
196 151 192 120 27 150 50 161 190 77 173 23 188 38 150 36 143 67 34 48
194 111 1 144 8 65 169 92 15 118 192 191 183 143 199 102 14 114 198 98
160 22 46 9 99 148 48 67 20 116 187 2 51 156 91 53 80 16 110 99
