20
99 46 5 23 177 70 169 170 196 102 84 11 180 55 71 18 117 155 137 42
43 29 56 4 147 61 62 60 199 179 150 132 104 22 31 184 149 50 193 38
129 33 27 145 133 47 155 138 82 71 119 162 17 67 153 3 73 161 52 12
89 133 126 85 1 134 184 107 135 95 43 112 20 44 148 69 130 3 165 46
156 83 142 188 162 12 81 186 157 103 63 106 28 13 36 109 108 192 59 125
115 65 145 166 58 138 154 65 77 34 191 101 72 131 175 17 177 98 183 31
146 66 60 54 100 8 120 171 152 6 128 98 30 42 84 166 180 150 187 189
75 116 194 45 139 115 9 82 63 123 51 24 186 74 69 196 173 2 142 89
121 109 83 70 92 148 2 183 101 86 66 58 5 53 118 124 195 146 32 113
195 7 44 197 179 40 57 157 110 147 68 34 16 144 39 167 14 125 92 87
131 56 151 4 78 25 107 126 168 27 91 190 86 94 79 168 185 160 175 118
189 14 112 7 128 0 33 136 79 190 15 97 49 110 87 132 117 104 171 93
122 108 194 176 94 88 122 73 99 164 78 114 21 136 174 121 103 39 28 10
90 22 50 18 13 41 143 80 193 160 32 111 159 170 96 45 178 81 64 21
59 41 74 113 100 185 51 54 105 135 67 151 68 163 20 197 30 181 6 140
173 38 25 105 55 77 62 35 76 52 90 37 91 188 181 26 114 182 154 19
164 141 37 129 169 16 47 36 192 29 102 156 153 49 198 198 10 137 172 64
123 26 97 152 178 182 161 187 163 116 76 127 174 130 119 139 15 8 48 111
127 35 106 61 158 48 40 1 85 149 0 53 134 165 143 144 120 72 11 24
23 140 191 75 176 199 19 141 172 159 95 88 96 9 93 80 124 158 167 57
