20
175 78 149 130 17 29 129 186 116 59 1 103 155 19 112 162 97 149 199 159
185 48 45 57 72 20 168 136 176 61 75 181 144 168 21 53 127 65 70 84
139 44 110 47 190 171 63 62 152 159 131 143 115 83 65 33 49 16 131 117
108 93 124 191 74 173 46 179 155 49 107 193 173 85 12 45 26 147 150 122
81 133 138 189 125 33 1 152 88 181 108 105 100 31 86 151 96 191 121 178
72 122 89 15 111 174 28 41 153 13 133 38 164 35 180 94 89 60 40 101
102 156 66 195 25 198 141 39 137 170 184 153 165 59 182 51 17 172 0 148
63 75 43 12 58 104 97 197 88 100 76 102 90 56 158 125 42 135 14 96
110 5 84 42 145 186 30 93 31 28 11 53 185 56 66 157 107 197 183 167
187 62 106 27 109 18 58 169 86 166 163 3 123 85 95 8 146 9 34 161
79 7 74 174 161 20 194 90 80 38 112 179 119 46 69 67 109 91 22 188
54 119 135 21 145 98 117 170 101 120 184 64 78 111 166 156 87 154 6 77
196 172 140 37 167 192 48 198 175 147 124 5 68 118 16 190 41 61 43 52
71 8 141 2 98 163 10 94 95 176 60 22 2 82 32 142 182 160 121 27
36 23 165 126 196 189 114 106 35 180 70 79 158 50 177 116 99 92 187 118
99 92 126 194 4 52 127 51 192 137 11 13 146 6 140 54 134 162 44 87
132 157 169 83 26 177 143 14 3 103 68 160 76 136 37 15 73 154 25 151
115 36 34 188 144 129 40 55 57 55 29 199 113 193 4 148 113 50 123 183
138 7 114 24 30 0 39 24 120 178 18 128 105 9 104 32 67 47 69 139
132 164 73 81 130 77 142 150 19 23 71 82 91 195 10 134 64 80 171 128
