20
142 46 30 80 54 25 134 49 125 138 27 192 177 146 62 31 71 165 190 42
191 37 53 119 182 50 132 0 166 23 162 20 180 175 105 128 111 28 98 9
31 88 185 198 167 188 46 174 35 12 186 141 120 107 39 169 157 96 76 166
94 171 36 70 13 109 57 183 171 131 103 181 187 14 6 115 117 13 63 159
50 97 4 178 160 73 164 147 110 52 197 188 66 95 44 172 23 16 177 36
150 17 194 129 56 42 78 119 100 162 107 34 108 163 170 33 35 178 160 122
181 135 10 57 121 17 111 136 149 116 47 84 74 24 12 105 25 68 19 161
95 113 148 84 113 82 22 148 172 0 54 47 86 40 91 152 156 153 48 102
179 174 97 198 71 69 193 55 29 2 15 77 41 175 67 90 106 143 155 120
28 53 139 81 155 52 33 2 108 195 93 130 101 55 7 87 129 37 11 61
109 126 197 179 67 3 51 6 173 26 68 34 65 101 16 141 27 51 144 89
103 63 104 38 189 21 144 151 39 118 158 173 140 167 98 104 19 151 22 123
9 18 4 72 138 117 49 161 85 168 145 77 59 43 43 99 139 118 165 14
184 100 112 142 135 134 114 92 180 10 48 115 40 128 164 176 82 169 152 64
156 73 150 8 80 195 136 190 90 78 96 64 126 29 121 189 15 133 75 41
69 199 140 30 114 60 32 8 38 122 131 83 59 154 127 157 65 87 137 24
58 145 88 133 5 137 92 93 112 159 147 61 45 182 149 194 94 1 20 1
168 191 99 60 11 91 130 86 5 56 3 183 62 89 124 170 186 196 79 158
102 123 192 127 26 32 176 184 74 116 185 153 21 106 70 44 154 187 85 72
110 45 75 163 196 7 79 143 193 58 81 83 76 18 124 66 146 199 125 132
