20
125 30 192 169 83 12 107 163 179 156 172 8 162 122 1 29 181 118 112 198
11 20 30 42 27 111 48 135 191 67 137 29 155 194 143 66 117 46 60 131
115 24 109 78 164 141 46 114 176 180 92 109 84 173 19 17 55 199 126 0
141 135 41 174 161 43 61 60 132 97 8 134 102 89 170 10 14 175 99 40
120 71 133 65 49 51 38 107 101 172 161 58 35 162 119 77 167 56 148 3
34 174 199 163 121 140 47 191 187 119 137 6 33 15 144 72 110 198 59 131
75 82 98 103 140 23 160 195 196 86 136 87 192 166 186 59 184 69 39 53
170 149 138 134 168 186 44 80 26 81 72 114 45 152 76 13 9 64 104 93
159 183 190 99 151 88 58 148 130 54 97 50 77 189 132 102 118 127 128 158
86 133 70 37 83 125 171 79 52 26 93 168 36 90 57 155 196 195 35 68
153 164 143 153 62 116 156 31 69 91 4 39 112 151 1 197 14 183 171 106
74 73 142 2 138 34 55 96 124 165 10 108 120 33 64 113 121 0 28 180
9 149 85 146 87 100 182 16 169 147 12 63 130 73 61 17 146 47 106 158
50 48 115 111 42 139 78 36 185 49 139 56 92 105 145 193 173 145 181 66
129 126 185 123 144 7 5 154 128 37 142 154 98 21 124 160 45 27 136 22
166 122 157 54 44 85 82 91 5 89 177 103 57 175 4 18 117 177 11 147
178 7 165 193 113 67 182 74 129 95 179 71 13 190 167 110 53 15 24 79
51 6 38 188 20 116 105 157 189 90 19 94 52 21 178 18 150 28 80 2
176 88 40 94 101 25 23 75 16 187 127 70 63 184 32 188 197 152 123 100
41 81 3 95 108 65 68 32 22 104 96 31 84 25 43 76 150 159 194 62
