20
175 66 3 184 143 41 65 126 82 122 182 169 199 95 28 70 123 148 57 98
109 14 97 139 103 162 110 50 104 92 133 152 63 190 40 5 168 198 53 76
103 42 174 185 125 20 31 99 48 90 196 180 51 179 174 82 139 4 42 85
102 147 38 44 23 156 18 34 35 10 11 7 85 38 56 78 84 13 92 81
28 110 154 16 135 80 169 67 107 24 64 121 61 133 21 83 150 180 58 56
52 17 140 68 60 27 155 119 197 44 118 175 41 83 55 9 107 109 167 64
57 26 120 158 166 97 62 113 143 192 67 25 25 29 165 77 106 27 4 32
11 144 101 112 161 160 197 29 63 153 76 196 162 114 194 79 96 127 3 119
115 177 188 54 78 45 179 84 157 125 62 43 70 189 142 9 69 157 135 182
173 8 173 60 15 130 36 122 145 88 75 153 186 165 19 7 156 181 178 87
17 129 158 116 187 194 176 171 195 95 104 88 93 108 160 58 73 74 86 170
152 39 21 149 112 106 192 146 91 37 184 136 147 128 14 30 12 59 69 167
132 124 127 0 198 128 149 141 185 163 47 49 123 43 26 134 8 144 81 2
181 86 140 187 0 89 22 77 74 113 137 161 136 141 32 72 118 150 145 195
46 155 159 105 61 186 71 49 55 50 1 96 164 188 151 6 129 22 137 51
189 131 33 54 148 163 142 183 164 193 126 98 178 108 72 90 34 59 166 18
168 91 30 16 191 172 24 131 73 31 134 120 10 172 1 100 138 15 130 12
52 53 48 171 45 6 191 190 75 138 40 100 94 39 2 87 94 176 124 47
36 101 79 37 66 80 146 89 193 117 111 68 71 114 93 170 199 132 177 46
116 13 20 65 159 23 33 19 5 35 121 154 151 105 117 102 183 115 111 99
