20
197 27 6 131 130 173 171 61 91 112 86 52 144 35 82 92 175 2 114 87
13 76 77 47 148 143 162 149 96 100 155 102 52 172 1 196 122 96 11 40
83 17 157 3 101 159 63 123 198 113 185 41 190 172 8 36 189 58 19 189
167 149 111 83 132 19 121 69 65 107 23 33 166 141 110 147 10 14 81 39
110 56 188 75 137 181 184 150 1 150 65 125 18 67 68 35 118 192 5 151
152 2 11 51 118 64 105 34 62 6 37 158 178 115 174 184 31 193 90 117
97 30 36 148 15 167 99 8 42 60 78 170 195 176 168 159 93 161 185 156
151 70 94 53 7 23 122 131 14 92 195 38 4 58 17 80 20 98 135 190
56 73 130 113 155 165 142 104 72 120 134 119 34 29 43 79 132 87 136 21
137 16 133 101 129 71 79 191 12 146 55 153 26 43 44 198 134 63 67 30
46 40 32 181 100 89 178 54 57 127 186 55 49 168 29 156 9 7 88 135
89 38 124 176 163 24 80 103 25 94 166 26 143 161 95 126 88 60 98 13
182 69 194 199 5 78 59 107 18 140 182 12 41 112 57 102 187 146 116 86
108 90 33 59 28 28 171 126 42 123 157 51 74 124 21 119 22 91 147 160
50 109 140 104 175 173 45 108 180 9 84 31 121 183 164 4 193 16 120 177
128 97 188 197 3 170 174 191 105 139 27 152 70 68 141 61 85 125 72 154
106 117 99 85 138 142 50 158 20 82 145 62 139 115 49 84 46 73 169 71
66 54 138 24 177 37 45 0 93 48 128 163 103 192 116 22 53 136 187 133
15 129 66 165 0 114 164 106 162 180 48 64 25 144 77 39 186 44 194 183
111 196 95 153 74 32 76 127 109 179 154 179 75 145 169 81 47 199 10 160
