20
55 19 29 56 107 114 1 87 170 66 157 164 196 59 33 0 63 44 53 146
185 86 118 64 189 199 81 73 3 122 130 7 154 40 46 12 135 152 116 79
87 111 23 94 167 43 149 55 95 7 5 106 27 4 32 33 155 59 117 125
163 142 88 70 76 42 89 195 28 195 48 120 12 51 99 141 97 182 17 168
4 150 183 191 187 38 9 129 80 107 39 166 8 124 13 156 61 35 101 193
60 25 197 76 10 93 157 54 150 104 65 15 162 189 50 71 100 29 147 14
104 6 91 176 108 72 18 78 114 137 156 186 50 22 48 81 64 197 121 138
140 80 186 141 180 144 149 143 2 47 41 47 139 16 56 36 120 134 31 142
62 100 52 83 194 45 0 82 164 179 135 84 125 93 151 61 126 78 145 117
91 173 90 58 129 20 18 82 41 109 119 23 62 139 118 165 37 71 113 40
108 127 72 44 171 32 34 192 190 112 3 166 70 159 88 49 124 148 167 170
122 16 24 178 123 163 196 144 15 34 143 21 27 190 153 111 103 10 75 36
46 160 14 102 137 5 119 19 74 132 198 183 22 133 106 67 39 188 11 26
160 30 110 115 25 158 92 182 169 136 20 185 110 169 84 165 191 145 28 85
37 138 98 133 89 184 199 193 105 99 1 194 77 17 103 147 174 92 192 31
187 69 131 180 79 69 96 151 172 128 83 121 98 94 35 154 126 9 177 52
57 11 132 161 85 174 90 175 97 161 105 181 95 188 42 127 115 96 43 131
198 77 148 73 179 109 67 57 153 171 13 51 158 6 49 175 172 184 176 146
68 75 159 136 112 130 74 21 178 173 128 54 152 102 66 8 155 113 181 123
38 177 58 101 63 30 134 140 45 86 60 116 53 65 24 168 68 26 162 2
