20
40 49 41 188 31 66 26 187 122 191 15 116 157 145 170 165 72 78 52 98
134 44 199 80 97 171 60 7 43 162 101 174 179 53 156 89 198 147 129 87
100 113 95 127 79 83 118 186 133 188 82 167 50 117 164 126 13 51 178 109
176 61 43 55 90 98 54 110 135 24 37 183 173 9 67 119 100 108 28 163
148 5 60 99 199 112 19 137 101 166 22 86 31 138 153 95 8 76 131 54
0 143 33 198 139 73 18 28 159 40 131 148 167 104 17 107 42 105 108 169
79 22 172 1 158 47 53 197 149 35 182 58 155 183 122 50 59 123 193 3
112 48 126 24 152 192 142 74 140 14 63 139 5 185 13 65 107 7 93 153
191 120 144 160 150 29 103 118 38 192 146 25 195 115 156 39 68 157 87 6
161 94 123 15 73 114 57 21 152 196 52 194 163 51 175 135 88 49 23 32
75 9 6 158 84 69 0 164 72 162 64 128 102 109 134 168 169 46 91 4
145 142 68 12 138 143 186 11 58 62 36 18 74 182 137 177 125 119 195 181
144 177 133 48 32 160 44 77 113 132 81 12 179 2 75 63 124 128 168 86
29 38 56 146 116 66 172 91 20 82 71 110 80 41 136 77 20 178 141 10
76 181 34 184 17 173 14 23 26 165 97 174 117 85 47 190 161 81 39 149
92 147 88 171 30 180 30 83 71 45 193 175 111 27 27 104 176 1 106 197
8 19 25 64 11 120 65 84 67 78 130 70 129 166 115 180 154 151 3 114
85 34 185 159 127 132 187 2 59 21 106 140 151 57 33 103 121 130 189 124
196 102 121 93 99 125 92 96 105 96 90 61 46 69 141 42 56 10 4 36
89 155 136 45 111 194 62 154 16 150 190 55 94 189 184 35 37 170 16 70
