20
95 155 53 166 9 159 190 145 114 14 91 116 73 190 78 99 96 186 5 173
160 16 127 56 1 74 10 70 71 77 57 21 148 198 178 107 96 142 191 49
2 78 178 199 83 28 97 134 69 187 85 71 137 140 54 45 109 136 95 0
167 154 192 36 135 11 168 92 121 51 180 153 149 27 42 184 100 74 10 180
26 120 58 115 130 112 161 106 19 143 151 122 195 124 39 176 64 76 45 196
193 165 72 38 39 9 41 104 59 186 30 157 52 144 197 7 183 192 153 167
100 6 48 77 198 199 36 150 121 156 115 79 29 125 165 27 47 154 65 23
81 170 195 43 193 33 84 112 105 4 129 181 149 157 194 40 122 171 125 19
11 132 68 147 24 44 189 17 68 51 66 88 98 172 28 191 177 105 148 162
146 150 15 25 164 133 62 145 84 194 131 104 174 119 158 94 181 3 135 140
101 196 159 139 60 69 188 93 58 110 46 108 175 82 110 116 57 65 132 106
90 40 30 20 50 50 33 18 146 197 109 98 42 89 102 7 123 88 179 17
187 152 131 49 22 129 8 114 163 118 15 168 55 25 12 61 75 38 60 107
138 182 166 55 113 29 170 108 126 61 13 34 37 85 66 52 44 137 120 24
143 124 53 14 156 91 130 76 79 8 161 35 172 162 20 83 82 93 117 103
87 163 188 182 185 32 73 13 64 12 46 118 102 189 147 23 141 126 80 97
184 169 56 103 139 179 21 86 0 86 185 113 94 101 1 183 18 174 151 173
26 90 34 87 43 92 3 2 127 128 41 81 80 72 89 123 31 16 175 134
136 160 117 6 142 158 169 155 63 176 164 59 141 133 32 37 128 54 111 75
5 67 171 62 111 48 63 138 47 152 144 177 31 22 119 67 70 35 4 99
