20
138 184 143 99 151 11 70 37 23 20 92 20 77 175 171 89 15 98 133 19
12 74 147 74 122 116 11 56 0 171 13 125 183 155 54 106 134 19 116 16
67 148 48 195 90 34 146 8 196 173 21 85 105 192 179 139 84 2 189 128
117 153 78 45 149 108 75 3 18 172 57 145 39 103 132 197 170 169 6 140
32 122 183 98 78 158 178 96 73 16 72 103 149 51 79 163 100 112 52 158
76 37 55 174 63 50 132 182 57 147 130 59 41 110 139 50 191 59 124 198
35 82 190 97 155 192 31 152 154 150 32 111 51 137 159 25 3 129 121 89
127 185 91 58 120 176 71 187 61 173 179 198 123 90 42 136 199 115 56 174
193 39 194 47 106 9 30 42 43 162 188 72 10 121 165 188 41 70 49 81
35 53 111 97 64 68 187 166 30 130 7 7 46 23 156 157 31 29 143 36
154 91 142 4 36 101 60 55 52 142 24 66 163 48 100 146 9 160 186 172
181 69 182 110 161 87 137 164 118 25 181 43 83 8 5 40 175 168 165 153
119 113 108 102 189 196 93 2 135 77 66 104 13 73 180 17 64 167 126 14
168 125 124 135 123 27 81 114 79 99 67 101 95 76 69 82 151 118 40 46
83 190 194 38 80 95 148 134 128 29 178 177 22 68 84 161 167 22 38 126
28 109 33 96 113 199 58 10 162 28 63 14 0 169 6 136 27 144 140 1
94 164 193 65 62 12 141 44 131 62 133 127 18 156 166 92 107 102 176 88
45 141 54 185 105 112 5 71 195 65 26 150 1 21 60 186 80 104 88 53
157 160 109 184 85 114 61 26 17 94 170 159 191 180 177 87 24 49 4 86
119 197 145 129 15 131 47 144 93 117 75 115 120 86 44 33 34 107 152 138
