20
96 163 7 127 150 167 167 29 178 40 162 184 123 60 103 120 4 39 76 14
157 71 11 136 149 90 152 125 36 176 51 118 191 193 152 171 185 70 180 133
55 33 89 87 106 39 161 15 145 124 99 155 168 46 71 33 129 89 44 187
57 150 178 77 84 42 182 9 164 25 79 132 186 108 6 165 2 48 98 47
59 111 198 146 116 137 50 68 3 109 176 194 17 153 0 56 79 122 181 107
171 158 53 143 130 61 37 139 182 134 179 32 144 129 38 62 192 194 18 190
26 88 40 134 105 12 54 91 8 81 27 15 43 12 186 65 192 144 195 80
93 168 131 175 94 142 35 55 135 52 63 14 73 10 166 54 149 69 141 70
28 22 136 128 7 137 170 42 64 20 37 119 133 13 154 75 113 185 174 10
21 174 119 102 27 51 128 95 58 151 23 151 1 155 25 84 20 83 198 82
41 156 28 75 97 148 72 122 22 2 93 113 67 181 199 49 114 183 160 91
59 63 35 116 86 183 82 132 124 52 135 86 23 172 72 34 78 32 187 85
188 90 117 100 140 109 30 123 172 8 147 104 18 154 127 106 57 169 24 88
179 64 170 19 180 78 158 117 87 69 177 45 153 140 173 143 130 162 4 111
34 159 173 160 66 5 17 80 65 197 44 184 189 41 99 102 46 112 9 24
53 73 38 95 148 19 104 31 16 47 30 121 97 105 56 13 85 76 92 3
26 58 120 61 43 166 45 196 191 121 139 190 31 142 199 131 193 98 118 0
66 101 175 92 157 110 11 60 164 188 161 141 21 77 156 50 112 5 101 100
126 189 163 110 114 169 146 126 147 107 108 83 62 6 67 138 68 197 74 103
195 196 48 177 115 165 81 145 49 96 74 1 29 94 138 115 16 159 36 125
