20
112 65 39 100 167 85 91 125 1 194 49 186 147 142 198 135 59 56 18 98
140 190 117 77 11 173 114 99 3 27 118 142 108 176 43 110 160 113 105 144
68 161 107 61 40 186 70 118 151 124 159 183 117 171 97 48 55 110 79 113
38 75 34 36 156 108 59 32 158 127 151 120 54 48 156 131 44 133 182 72
178 100 37 53 194 149 163 189 152 195 148 64 92 17 136 177 34 161 116 52
9 46 173 158 94 31 94 96 95 123 105 19 58 103 185 103 24 140 101 27
190 198 60 134 3 187 31 138 164 74 90 84 87 28 104 11 39 21 174 175
163 20 93 42 121 35 155 49 33 115 197 131 17 102 38 97 86 172 77 174
150 157 87 76 67 124 32 184 78 184 166 88 25 192 33 40 133 145 29 197
104 89 7 82 12 196 93 26 170 181 96 154 181 30 180 182 193 195 45 0
178 99 6 143 122 127 111 60 153 122 176 138 51 111 22 66 164 135 188 15
73 8 146 56 41 10 165 20 6 2 130 81 136 9 16 85 145 137 144 68
199 13 123 26 112 115 119 79 71 153 116 46 50 45 7 22 192 63 74 149
162 193 92 28 166 109 63 14 47 199 14 132 196 72 106 168 4 187 120 19
35 125 47 43 4 29 165 91 137 5 83 147 52 36 155 139 107 75 5 80
58 57 57 86 70 89 171 37 21 90 10 114 177 78 80 16 157 126 175 24
69 167 62 64 185 129 12 132 189 152 18 65 172 130 148 8 88 139 119 25
83 55 134 0 30 54 71 179 2 128 191 129 51 106 126 191 73 168 188 160
67 141 128 162 44 61 84 98 143 69 170 23 141 159 53 23 150 66 146 179
109 102 101 76 169 13 180 82 169 1 154 41 81 15 50 121 62 95 183 42
