20
106 69 87 37 51 53 102 180 48 64 7 177 0 89 70 151 23 150 35 113
186 148 114 1 19 113 119 8 175 189 136 92 157 187 132 40 137 167 142 181
41 47 4 45 175 107 161 144 162 146 116 138 138 51 191 80 58 198 109 147
34 37 93 97 90 130 36 41 82 134 94 67 74 66 126 145 47 17 122 164
101 95 185 38 18 4 171 116 19 162 50 176 46 20 188 69 158 134 92 60
31 168 163 195 105 178 133 6 29 24 106 55 85 118 36 129 57 185 121 127
79 108 49 39 193 39 21 150 151 197 6 86 21 123 170 10 109 121 15 33
45 43 13 73 194 157 61 164 149 153 49 198 16 55 22 98 111 43 179 124
154 148 199 85 59 42 63 44 139 103 3 169 65 91 73 141 84 83 168 16
114 107 76 9 196 28 147 152 184 2 35 80 176 17 146 140 15 65 103 118
141 111 78 124 152 160 86 193 172 156 59 188 30 78 101 135 120 159 89 11
133 18 102 81 100 126 52 187 165 0 167 137 75 173 186 27 87 61 34 122
173 2 58 127 159 123 1 29 7 129 8 178 182 23 25 68 144 12 112 26
62 25 24 90 11 32 166 112 10 13 44 5 77 56 93 110 189 28 110 196
96 163 48 31 104 77 75 190 130 125 66 131 140 155 22 171 71 20 46 64
54 136 68 42 62 67 139 197 14 84 63 115 143 119 97 50 104 174 81 60
194 88 199 94 9 128 83 40 52 96 99 174 182 74 190 125 161 183 57 145
135 79 14 128 72 172 120 195 132 155 192 33 53 156 76 72 117 117 3 100
88 54 153 191 56 95 32 158 70 179 71 184 192 105 115 154 12 160 30 183
166 82 108 38 5 143 26 170 99 91 180 98 165 149 177 131 169 142 27 181
