20
193 137 37 132 39 34 101 174 145 35 190 123 181 12 65 0 61 114 111 60
148 50 147 43 58 112 67 102 197 1 87 160 71 70 90 162 0 163 102 24
15 43 116 171 146 85 124 62 86 163 178 75 162 133 14 113 150 186 8 69
195 28 177 26 169 103 65 37 97 19 63 57 169 105 196 144 125 51 197 140
12 30 117 40 89 41 25 73 99 112 157 170 190 189 168 107 32 94 84 187
35 28 92 19 175 161 21 25 78 188 154 80 75 17 184 167 20 2 199 85
38 145 111 177 42 130 137 23 74 119 24 120 64 158 96 92 77 68 118 115
49 156 51 96 18 40 88 34 86 59 126 31 91 141 140 38 192 168 82 87
183 48 136 157 3 142 18 128 160 148 187 76 50 119 105 156 48 101 149 91
173 79 66 36 1 6 45 14 194 186 109 13 192 129 122 88 195 194 191 172
16 93 103 108 191 133 62 73 124 114 32 54 179 11 29 95 144 98 159 36
70 176 47 16 196 82 182 15 90 11 174 56 180 17 109 53 59 4 29 134
98 41 185 108 104 179 80 106 71 199 49 182 113 135 26 84 107 181 60 5
153 138 54 172 149 178 23 132 81 129 94 52 121 52 81 171 27 164 184 89
126 167 130 173 72 2 67 116 183 30 150 131 4 127 8 134 53 21 22 97
76 142 33 155 189 193 33 165 170 22 153 20 55 66 198 7 123 161 185 9
151 77 143 198 166 110 166 100 122 159 135 143 44 64 5 155 55 115 139 128
106 99 61 39 10 83 147 83 151 95 100 6 117 58 74 125 139 104 56 188
63 46 69 93 164 180 27 68 79 78 31 57 127 152 131 7 10 46 175 120
176 13 3 72 110 47 138 165 44 42 154 118 158 152 136 121 146 45 9 141
