20
80 41 64 34 2 61 183 103 42 115 100 116 13 17 106 178 155 2 64 199
167 182 39 87 49 66 12 166 97 151 198 183 18 199 129 57 67 47 10 93
46 189 195 142 148 164 159 170 99 122 120 152 37 174 27 196 184 153 32 82
100 83 89 104 79 20 70 132 149 55 124 122 77 162 34 16 141 10 23 33
94 176 71 43 188 119 173 21 43 57 112 180 179 184 68 90 22 72 7 24
106 172 145 15 88 151 149 169 78 137 131 74 133 19 92 179 123 123 190 74
11 157 98 58 60 85 162 86 105 114 11 78 140 45 39 54 130 171 8 48
196 75 178 65 101 0 137 135 24 73 81 192 109 121 161 127 167 133 121 38
102 30 185 108 110 156 53 99 147 168 71 40 138 98 177 14 111 186 0 65
139 30 82 126 114 61 110 115 51 108 72 186 125 155 12 73 4 44 92 197
113 52 161 75 118 131 187 36 55 111 60 95 172 7 171 97 32 20 28 158
6 9 63 36 13 136 166 45 35 23 104 46 16 157 182 135 109 54 44 130
176 165 48 141 185 59 117 63 105 150 80 125 173 5 62 170 153 191 31 89
112 128 113 152 21 144 58 29 160 41 136 148 76 95 181 50 79 118 128 134
94 18 142 197 129 50 17 42 40 175 143 14 70 69 59 154 101 31 93 26
146 194 139 68 85 102 147 5 120 88 146 25 165 76 19 144 56 154 86 140
90 1 187 138 195 84 159 77 67 107 33 134 35 87 156 69 38 9 127 91
119 6 49 25 158 83 143 132 66 3 28 145 150 163 15 192 163 96 47 177
193 56 191 190 27 126 53 103 180 107 169 4 1 168 181 29 116 164 8 194
96 62 124 52 189 84 160 26 3 91 22 175 37 81 174 193 51 188 198 117
