20
107 120 133 125 53 176 36 15 26 193 143 161 17 147 108 137 59 86 153 21
80 150 191 69 133 2 154 60 7 134 173 32 117 58 79 56 109 155 154 145
119 129 40 138 63 170 83 94 127 54 75 98 77 13 134 10 16 125 26 121
29 185 76 184 190 130 0 54 25 168 172 123 131 93 186 183 88 81 43 105
46 43 144 181 28 51 32 160 62 165 163 50 188 196 47 119 106 156 152 69
147 12 39 4 194 143 92 51 166 137 9 39 195 122 151 139 169 33 73 89
153 19 36 92 130 15 91 31 159 101 14 65 37 71 1 111 163 103 105 38
64 57 38 62 34 157 97 171 135 58 192 190 20 165 3 75 131 30 91 6
142 94 97 40 136 84 114 189 95 61 149 78 12 108 179 180 4 197 113 113
194 176 19 48 124 22 96 146 82 17 109 175 120 140 102 158 48 139 83 110
70 188 18 72 182 77 102 162 56 74 0 20 80 28 49 8 116 110 89 191
81 27 151 24 112 187 155 90 53 34 60 67 189 156 128 55 44 167 52 23
148 117 179 5 49 93 76 42 63 132 86 149 35 186 124 33 1 85 196 199
127 3 152 115 142 180 173 128 129 41 11 64 168 68 25 66 9 121 161 171
78 181 122 104 166 187 104 138 159 198 47 41 135 24 84 182 169 140 167 141
87 164 74 96 2 193 174 16 72 21 22 177 50 18 172 8 10 14 30 146
100 45 112 126 158 55 7 79 136 185 132 57 160 87 59 98 184 157 116 85
195 177 178 148 197 6 106 198 175 141 42 107 11 145 101 162 52 123 118 70
95 174 27 199 144 183 88 126 170 150 68 37 103 61 111 90 82 46 45 114
115 71 118 99 31 29 13 66 100 5 23 192 67 178 99 35 164 44 65 73
