20
187 133 82 2 137 126 39 44 144 16 173 4 168 66 151 104 75 86 99 70
92 69 28 174 96 166 149 14 131 161 136 155 88 77 57 193 141 182 146 32
30 197 68 91 33 112 55 111 125 18 181 29 183 158 188 23 95 38 181 42
62 73 118 74 186 77 85 9 38 194 11 28 72 98 22 114 185 84 87 123
12 51 162 79 78 131 7 24 180 30 174 94 61 182 41 15 196 197 166 157
5 150 68 185 142 58 190 164 153 98 55 6 138 101 0 52 129 168 156 119
69 134 120 112 117 31 82 3 93 109 125 103 190 110 113 60 123 42 50 57
56 180 184 48 1 60 152 94 143 96 15 76 196 71 198 45 10 89 26 147
106 116 76 176 193 136 35 54 13 179 109 122 33 158 122 179 105 25 54 148
72 177 145 105 130 62 151 61 198 171 9 89 83 121 99 47 8 47 51 19
13 132 119 141 23 169 160 153 189 14 103 186 169 163 78 90 86 142 22 64
165 73 48 37 199 71 64 155 149 65 133 187 29 191 70 63 159 135 167 20
50 161 0 53 192 118 81 26 139 124 114 92 164 140 171 165 173 87 195 140
16 106 34 93 44 53 4 150 36 75 100 35 46 121 24 3 80 108 170 128
146 49 130 148 172 17 159 81 17 102 194 126 167 132 2 100 101 189 147 145
178 43 172 129 154 110 36 39 37 127 152 91 115 58 45 88 6 43 137 20
5 59 8 175 65 177 46 134 199 12 157 115 104 84 1 31 143 74 160 27
163 40 21 83 66 19 32 97 63 183 21 117 195 124 108 135 144 95 56 27
52 79 188 40 154 176 178 138 111 25 85 128 116 184 10 49 34 41 162 107
170 156 80 102 191 11 175 127 107 7 139 90 113 192 67 59 97 67 120 18
