20
39 175 11 109 9 150 125 37 0 73 144 41 79 53 12 70 48 145 153 199
188 143 181 131 153 76 98 17 44 112 50 103 7 25 188 82 139 172 44 86
92 1 186 158 65 59 40 61 180 120 19 86 30 142 128 167 107 199 56 187
109 192 43 117 94 151 85 37 93 163 81 158 155 42 183 169 16 166 27 143
47 75 196 99 138 147 58 80 84 107 190 114 71 130 180 89 6 184 26 8
147 165 60 127 106 161 142 33 187 11 48 166 152 185 46 126 174 45 160 78
25 69 28 195 7 36 132 90 82 92 80 118 62 164 198 55 61 2 14 196
146 52 113 34 137 115 169 167 2 45 173 22 108 91 135 43 111 160 182 132
63 4 197 189 193 21 154 31 60 97 111 146 135 149 131 85 96 15 88 81
84 119 171 64 120 123 173 102 77 145 20 116 194 87 101 162 24 91 88 66
22 40 79 52 41 66 65 72 38 75 164 31 176 110 126 29 118 57 129 68
13 170 78 176 63 141 190 105 130 148 191 154 123 159 100 174 116 161 29 175
27 184 30 122 195 177 186 83 117 98 134 101 50 124 182 103 46 102 189 4
39 113 96 74 1 68 163 54 192 33 179 57 141 72 121 170 89 105 183 74
93 5 54 55 95 62 100 121 148 10 165 134 69 20 18 42 185 5 47 122
32 15 67 157 70 151 198 156 157 171 99 36 77 104 59 193 23 38 71 144
124 8 104 194 83 17 3 19 197 76 168 128 115 97 35 51 12 32 114 49
23 34 110 9 56 95 6 150 155 64 106 73 152 14 90 178 179 140 28 53
51 127 140 49 149 0 139 35 133 13 94 177 67 10 181 119 24 26 191 21
18 58 172 162 16 3 159 156 178 168 138 136 125 129 136 133 112 108 137 87
