20
147 199 174 111 88 114 47 39 193 152 148 2 141 62 101 32 43 115 130 126
5 15 150 96 119 5 181 67 133 30 122 132 173 19 49 126 33 61 21 81
109 32 31 43 159 34 0 64 42 112 139 140 21 6 188 187 37 94 129 149
17 72 172 177 40 101 2 168 169 188 191 93 39 140 50 156 135 52 40 28
183 7 85 16 186 106 16 196 198 68 55 151 88 60 80 158 111 194 108 61
102 127 80 57 90 78 24 97 62 191 163 127 54 23 165 73 92 120 94 82
134 131 141 45 79 162 121 195 56 44 15 178 47 85 99 189 104 182 103 14
4 177 87 75 128 139 98 185 171 86 69 196 190 118 137 54 79 122 4 74
157 173 134 50 11 81 113 75 189 70 11 56 125 84 98 95 108 70 74 13
100 51 117 28 113 36 67 130 114 59 89 17 25 6 93 138 83 123 102 58
183 1 105 84 110 156 29 165 146 131 192 60 73 91 125 18 103 71 162 118
46 3 164 31 41 53 42 161 124 117 25 170 160 143 1 128 82 184 198 166
29 154 155 34 9 181 159 77 38 14 86 180 3 44 10 10 63 135 145 105
176 18 48 167 164 142 38 24 115 193 37 160 41 184 46 172 120 8 30 58
154 169 8 148 109 69 20 144 26 110 158 163 76 167 136 145 187 153 112 12
19 129 71 179 9 83 194 45 132 72 146 186 152 51 92 190 180 87 68 197
49 121 150 66 33 59 65 63 119 36 91 143 100 197 96 52 90 179 151 57
144 23 97 185 161 107 157 48 123 166 147 27 0 35 149 13 142 192 64 26
170 138 136 53 195 66 124 155 171 175 182 178 107 22 78 175 7 133 95 77
22 174 199 99 104 35 137 27 20 116 12 153 106 168 176 116 89 65 76 55
