20
190 115 15 35 189 5 21 108 126 166 47 139 123 9 70 19 91 131 44 41
129 185 67 9 32 151 54 3 99 110 175 173 83 106 57 188 138 150 13 24
32 130 60 27 5 47 96 93 184 1 176 17 86 136 84 18 130 125 72 104
127 135 117 196 40 103 179 101 29 3 107 187 180 10 93 57 85 104 16 157
156 20 86 85 117 174 195 146 94 88 127 112 159 102 162 84 182 195 154 177
31 189 2 168 194 131 132 21 98 161 146 73 33 119 30 159 1 56 144 186
82 102 14 64 153 11 77 26 196 39 171 144 38 63 191 37 17 66 156 134
188 91 169 186 116 173 74 39 135 184 105 23 154 92 54 46 33 81 143 177
49 28 79 81 0 42 87 193 141 43 76 166 24 36 109 128 4 103 194 72
20 48 37 174 169 111 52 95 158 122 178 89 171 44 140 139 79 61 137 38
18 168 129 94 55 161 172 8 183 80 87 192 197 101 22 133 151 65 45 143
108 190 64 172 50 12 15 121 19 145 71 182 22 89 181 28 75 51 192 46
14 185 138 148 97 136 53 96 160 6 122 142 128 68 100 160 99 163 199 123
133 2 170 68 198 58 53 70 112 105 170 97 7 78 158 121 147 175 35 41
56 162 66 155 183 88 61 60 106 59 63 164 118 90 8 134 124 26 155 69
42 113 150 52 164 82 140 165 76 167 25 75 157 199 67 145 191 141 167 149
58 165 142 109 111 71 178 59 95 107 147 13 69 50 45 98 149 118 49 120
27 114 132 119 198 181 4 43 176 74 51 34 12 80 77 29 120 193 163 90
137 6 62 180 31 10 7 92 116 16 152 48 152 115 187 126 40 36 179 114
23 153 125 83 11 124 197 113 62 78 30 0 148 73 34 55 25 65 100 110
