50 20
11 5 17 19 9 0 16 1 15 6 10 13 14 12 7 3 8 2 18 4
17 11 2 1 8 9 12 6 0 4 19 13 10 3 5 18 15 14 7 16
18 19 4 17 0 3 9 6 15 2 14 8 10 7 1 16 11 5 13 12
1 5 4 10 6 16 7 3 9 18 2 17 19 13 15 12 0 8 14 11
9 19 3 6 16 18 11 4 14 7 0 12 15 10 13 1 8 17 2 5
14 5 2 19 1 7 12 18 0 17 9 15 16 11 4 3 8 6 13 10
15 5 19 10 7 8 3 2 17 12 11 18 16 0 14 6 4 9 1 13
17 13 7 1 10 8 11 18 2 14 4 6 16 5 0 19 9 12 3 15
9 11 12 15 0 18 16 2 7 3 4 1 13 14 5 19 10 8 6 17
5 16 2 18 17 7 11 6 15 12 10 9 0 4 13 1 19 8 14 3
13 14 8 3 4 2 16 18 19 12 6 7 5 15 11 9 17 0 1 10
1 6 16 17 8 13 11 3 19 9 15 18 5 0 4 12 7 10 2 14
14 3 7 0 11 6 9 19 8 1 4 15 13 18 12 17 5 16 2 10
3 13 11 1 19 2 15 8 17 9 6 16 18 7 4 5 10 12 0 14
1 18 13 2 17 12 0 14 4 9 8 5 6 11 3 16 15 10 19 7
7 3 16 9 0 12 4 2 19 18 5 14 11 17 10 15 1 6 13 8
8 2 5 7 9 12 19 0 18 17 11 4 10 1 14 16 13 3 6 15
3 7 2 8 10 16 5 4 11 15 13 0 14 1 17 9 19 12 18 6
19 1 2 6 5 11 7 14 13 9 10 4 0 8 17 16 12 3 15 18
3 17 1 5 8 18 16 13 4 14 12 19 10 11 6 0 9 7 15 2
16 12 3 15 9 7 10 17 4 6 1 13 18 19 8 5 0 14 2 11
8 2 1 14 0 10 6 11 13 3 15 9 4 16 19 5 18 17 12 7
6 16 0 5 2 15 7 8 13 19 10 18 17 1 3 12 9 11 14 4
0 11 19 1 9 16 8 13 4 10 18 2 6 14 15 17 12 7 3 5
11 3 5 10 13 8 14 18 17 7 15 2 16 6 9 1 4 12 19 0
13 18 2 17 14 3 4 16 0 12 10 8 15 9 6 11 5 1 19 7
4 1 17 10 18 14 9 6 12 7 13 8 2 0 5 3 11 19 15 16
15 11 12 0 4 3 13 2 1 19 9 18 8 5 14 10 6 17 16 7
15 14 4 6 9 3 12 7 13 18 11 5 2 1 19 0 17 16 10 8
8 6 15 14 12 11 7 1 13 9 3 18 4 2 0 5 16 17 10 19
11 4 0 12 19 2 14 1 13 3 8 5 10 16 17 18 15 6 7 9
5 0 17 19 11 1 2 7 4 15 13 12 14 6 8 18 10 16 9 3
15 1 16 19 9 18 3 6 11 7 10 5 13 17 4 14 8 12 0 2
19 7 11 5 9 10 8 4 14 0 17 16 3 18 1 2 13 12 15 6
9 0 18 13 4 17 2 7 11 6 16 14 10 3 12 1 15 5 19 8
16 13 14 6 1 9 2 7 8 17 4 5 18 11 12 0 3 15 10 19
16 17 12 19 0 1 4 13 10 14 2 5 3 7 9 11 18 6 15 8
11 8 14 10 2 17 13 1 18 15 4 12 0 19 16 9 6 7 3 5
9 19 7 12 4 15 13 18 14 3 10 5 6 2 17 0 11 1 16 8
12 19 16 5 11 14 7 10 0 8 18 6 13 15 2 3 1 4 17 9
1 14 0 9 10 3 15 8 17 16 11 5 12 13 7 6 18 2 19 4
5 3 2 17 4 10 6 18 14 15 16 1 0 7 9 12 19 11 8 13
12 9 19 17 14 10 0 2 18 3 7 15 4 5 6 16 13 1 8 11
3 2 17 0 5 10 12 4 13 9 1 8 19 7 16 6 18 11 15 14
14 18 15 16 4 9 8 11 1 3 5 13 10 2 6 19 0 12 17 7
10 6 17 13 19 18 5 9 7 4 11 14 16 8 0 15 3 2 12 1
3 9 8 17 18 16 1 0 7 12 6 19 13 14 15 4 10 11 2 5
5 4 18 14 6 3 7 19 11 8 15 16 9 2 10 13 17 12 0 1
17 12 16 7 4 19 6 15 1 10 2 5 13 0 9 8 14 11 3 18
14 4 1 5 19 16 6 3 9 18 11 13 2 10 0 8 7 17 15 12
90 58 35 93 30 76 14 41 4 3 4 84 70 2 49 88 28 55 93 4
16 96 43 93 92 65 55 65 86 25 39 37 76 64 65 51 76 5 62 32
91 79 76 75 51 83 22 22 65 30 2 99 26 70 71 30 52 66 45 74
65 53 63 46 54 45 1 69 70 80 79 43 59 77 4 30 82 23 71 75
9 22 21 33 68 22 85 35 83 92 38 59 90 42 64 61 15 4 40 50
58 91 65 87 55 70 29 81 89 67 58 29 68 84 4 51 87 74 42 85
76 28 73 59 22 100 91 80 66 5 49 26 45 13 27 74 87 56 76 25
28 35 87 13 49 71 45 88 69 63 99 69 31 9 93 6 11 18 22 22
10 49 19 17 44 15 79 76 49 10 74 71 29 73 11 35 47 38 73 69
21 15 58 22 88 31 21 96 14 56 49 70 38 71 33 92 62 41 13 27
28 80 100 70 89 61 85 46 34 24 70 27 40 26 32 47 11 36 12 97
3 32 52 10 35 71 10 94 10 3 82 2 38 97 46 64 61 20 13 65
23 39 56 69 21 7 92 86 32 33 100 9 88 58 56 71 33 70 57 69
18 34 36 51 73 52 23 79 12 30 63 1 23 68 41 65 84 57 88 82
40 39 89 39 71 48 22 90 90 95 60 77 11 16 78 66 74 49 23 20
35 95 11 18 100 79 85 88 90 11 57 31 49 56 51 22 42 57 17 80
34 27 23 37 19 70 26 35 40 75 97 33 88 58 22 70 46 63 54 16
74 40 56 65 87 46 98 68 42 1 16 57 92 58 45 40 70 52 44 94
90 22 58 80 86 68 26 47 68 1 87 50 75 55 52 44 80 75 94 90
91 53 88 70 39 20 60 34 63 22 60 66 6 35 66 13 96 76 55 9
9 10 90 67 85 48 60 66 72 95 7 22 39 84 95 92 72 35 46 79
98 32 35 25 10 81 94 22 75 57 75 94 19 78 34 59 68 21 18 100
6 8 77 3 97 28 88 5 64 91 68 93 79 57 44 85 36 16 79 89
43 64 76 15 28 11 6 2 1 62 41 50 75 37 26 52 21 98 83 20
100 16 56 12 25 4 64 82 17 96 36 88 25 85 58 50 43 81 35 34
85 9 92 35 96 79 93 97 10 33 23 13 20 8 27 55 6 7 82 12
12 33 42 11 39 5 50 8 94 34 41 95 17 34 49 15 87 39 13 55
26 48 50 67 42 13 53 45 17 74 9 6 39 84 69 41 54 39 41 46
11 75 8 18 7 68 63 74 33 32 90 74 96 44 47 83 48 52 40 60
92 14 27 34 9 81 74 68 83 11 10 28 83 23 66 56 3 76 48 63
66 63 10 52 79 66 75 75 55 6 46 59 1 25 39 90 89 83 1 70
71 99 21 33 82 2 55 95 85 73 5 48 54 52 37 85 97 86 3 12
19 3 23 34 48 17 76 37 53 34 66 37 95 54 89 36 56 43 100 63
1 12 55 79 7 71 28 69 55 45 7 84 14 95 71 87 54 86 95 16
78 62 14 20 50 79 90 26 22 67 33 54 96 69 37 64 82 70 28 98
53 19 17 33 25 53 72 81 77 8 69 78 66 20 53 35 36 62 90 40
83 98 28 41 80 64 62 43 16 17 18 90 33 29 12 82 69 90 7 73
3 16 43 45 18 15 33 99 19 88 74 6 45 10 12 93 14 39 41 32
83 93 17 78 35 52 12 87 74 80 93 68 61 73 54 69 51 39 29 81
52 91 14 96 48 9 84 70 47 70 72 93 65 88 75 4 80 40 58 88
35 38 86 88 82 78 2 69 2 83 17 49 96 72 13 59 4 100 56 77
71 35 73 84 46 61 90 32 80 31 14 72 46 21 15 100 6 91 41 55
44 97 91 16 75 3 62 27 50 81 23 51 92 30 13 32 43 43 85 32
14 4 84 10 24 59 99 49 86 65 37 20 20 68 14 33 3 60 51 82
55 31 6 67 93 25 90 65 89 79 84 69 10 32 51 100 60 16 73 83
99 69 82 58 65 54 71 22 90 51 90 50 26 64 36 47 20 34 73 36
75 69 80 26 70 55 92 31 74 18 71 59 51 92 26 11 81 10 20 86
46 96 23 29 39 91 19 45 63 69 38 12 66 39 27 91 60 3 38 80
65 65 51 16 91 28 50 85 67 18 92 75 33 93 1 92 16 26 98 73
64 13 86 17 24 72 3 59 97 6 63 28 51 94 69 44 32 13 10 87
