50 20
17 19 10 14 5 18 16 11 4 8 6 0 13 1 2 15 12 3 9 7
10 18 14 2 12 6 17 3 9 11 0 4 16 13 1 8 15 19 5 7
4 7 12 2 1 19 0 10 3 16 17 9 11 18 15 5 8 14 6 13
8 11 12 1 3 7 10 0 5 19 17 16 15 18 4 14 6 9 2 13
11 2 0 12 5 14 16 9 19 15 17 6 4 8 13 3 1 10 7 18
15 2 8 5 4 9 16 18 6 7 0 11 13 17 14 12 3 19 1 10
2 13 15 18 16 0 17 3 14 6 12 9 7 10 11 5 1 8 4 19
2 7 6 11 18 9 10 12 13 17 14 16 1 5 0 4 8 15 3 19
6 16 8 1 0 4 10 19 7 14 11 12 2 17 18 5 3 13 15 9
0 12 3 5 4 2 19 6 11 18 15 7 8 13 16 9 14 17 10 1
17 18 2 3 4 6 7 12 16 1 8 13 15 0 14 9 5 19 11 10
18 1 9 2 0 11 3 19 4 5 13 8 6 12 15 14 16 17 10 7
3 10 9 5 14 18 11 13 8 6 12 0 17 16 1 19 4 2 15 7
19 10 5 15 12 18 9 14 6 1 8 7 16 3 2 13 4 0 11 17
12 9 1 8 4 7 19 3 2 16 6 13 10 18 11 14 5 17 15 0
5 4 9 12 6 13 18 3 8 7 0 17 2 1 14 11 15 16 10 19
14 3 15 10 13 5 18 4 17 8 1 19 6 2 0 16 12 9 11 7
6 15 19 7 17 13 10 3 11 14 2 1 5 18 16 4 9 8 12 0
12 7 3 4 19 15 17 16 2 11 14 13 10 18 9 1 8 6 5 0
7 10 8 18 0 13 2 6 15 12 9 17 14 16 3 11 4 5 19 1
5 13 8 10 4 9 12 1 3 6 15 18 2 16 7 0 17 11 14 19
0 3 19 13 14 18 15 16 2 12 10 8 17 11 6 7 9 5 4 1
7 5 10 15 6 3 14 0 4 18 8 16 9 13 12 19 2 11 17 1
17 15 7 12 5 4 14 8 0 10 18 11 3 2 19 16 6 9 1 13
5 15 6 3 2 7 18 0 12 11 17 13 1 14 9 4 8 19 16 10
1 0 9 6 16 13 11 7 8 3 12 17 15 2 4 5 10 14 19 18
2 3 14 9 13 0 16 5 1 8 4 6 18 15 10 19 17 12 11 7
5 16 0 7 4 13 3 10 2 19 1 8 17 9 14 11 15 6 18 12
3 18 16 8 10 0 12 5 1 4 6 19 14 17 9 7 11 13 15 2
1 0 13 12 18 5 3 16 14 7 9 15 19 17 2 11 10 4 6 8
2 6 13 12 15 5 8 7 11 1 16 0 18 3 9 14 17 19 4 10
4 9 2 7 19 16 12 15 1 6 14 11 5 13 0 18 17 8 3 10
7 1 18 12 8 11 2 0 13 4 10 3 6 9 5 19 15 16 17 14
11 5 7 16 12 13 6 3 18 4 17 8 15 1 10 14 19 0 9 2
0 14 17 12 3 15 4 18 9 2 19 13 7 8 11 16 6 1 10 5
7 13 16 1 12 15 5 10 17 6 18 0 19 4 9 3 11 8 2 14
9 13 15 11 3 16 14 10 12 2 0 4 5 7 8 19 6 17 1 18
14 17 12 13 19 6 16 0 7 1 2 10 8 9 15 4 5 3 18 11
1 12 3 11 14 15 7 13 2 17 9 18 19 6 4 16 8 10 0 5
5 1 0 7 12 18 16 6 4 3 13 15 19 17 10 14 2 8 11 9
14 10 13 1 6 0 15 8 3 17 4 2 11 5 16 9 19 7 12 18
6 0 15 12 4 1 17 5 18 19 13 9 8 7 10 14 3 16 11 2
19 14 5 15 6 0 9 12 17 18 16 7 2 4 8 11 1 3 13 10
3 15 16 6 2 11 12 5 13 4 19 7 14 0 17 1 18 8 9 10
19 0 14 13 17 10 7 16 5 12 8 3 6 2 4 1 15 11 9 18
15 11 18 9 0 8 6 13 10 3 12 14 4 1 2 16 5 17 19 7
13 11 12 1 8 0 10 9 4 3 18 14 2 16 5 19 6 17 7 15
17 9 14 18 11 15 8 3 10 0 2 4 12 7 1 16 5 19 13 6
15 14 1 6 17 11 9 3 16 19 12 18 7 4 13 0 8 2 10 5
4 14 19 17 0 10 18 8 13 5 2 1 16 3 12 6 15 11 9 7
14 34 28 4 83 34 35 25 22 40 38 81 94 48 12 78 44 86 50 65
21 30 40 34 6 11 6 60 81 36 67 69 83 61 90 44 19 87 26 9
16 43 23 38 59 4 6 46 90 11 37 95 87 42 3 42 37 42 20 100
38 74 13 57 27 55 27 15 8 8 8 95 22 77 87 20 78 6 70 63
54 57 32 83 55 28 64 25 5 5 33 33 32 68 27 99 30 54 34 19
85 61 83 41 54 68 28 84 88 35 44 51 64 10 36 81 86 25 6 51
15 51 99 49 29 71 7 26 21 86 78 43 72 100 61 68 57 4 11 5
50 30 98 63 52 13 10 15 80 47 66 56 54 92 100 57 9 81 26 82
16 70 15 63 92 77 62 68 10 67 32 53 38 46 30 99 24 81 1 87
18 56 11 78 19 87 80 23 37 48 26 74 45 87 80 12 10 52 83 23
98 15 23 84 62 87 96 29 80 85 39 89 52 77 31 63 91 29 40 48
89 72 79 47 52 50 80 4 20 66 9 59 81 45 78 40 12 97 34 62
5 41 11 16 35 8 83 37 79 81 90 23 94 20 84 54 17 91 93 11
52 43 22 50 8 55 4 36 87 3 39 20 11 21 15 78 2 30 30 71
77 95 5 81 28 33 75 85 76 40 62 81 44 11 31 41 14 85 90 5
90 40 15 65 66 1 10 29 80 36 80 3 94 5 2 62 90 19 28 47
42 23 28 3 62 56 36 43 97 53 81 53 42 97 80 27 33 36 66 12
2 59 73 27 22 12 32 67 13 15 41 38 73 75 85 20 96 10 85 23
87 34 91 86 86 64 14 26 18 51 62 77 70 64 70 42 47 56 96 52
24 69 28 3 4 16 25 38 89 94 42 70 64 6 40 93 51 21 18 49
21 87 68 8 24 79 31 77 43 77 3 93 85 3 49 56 30 75 18 80
69 5 70 20 47 74 26 64 61 16 10 81 77 26 21 19 71 92 18 77
98 37 68 89 97 8 18 37 54 6 1 45 68 78 47 10 26 56 87 11
67 82 44 86 22 81 26 66 89 71 8 89 8 9 18 56 18 14 98 67
98 20 68 47 69 59 32 80 58 22 62 84 75 70 4 75 72 73 25 34
41 13 30 43 82 25 23 57 13 40 5 67 1 6 1 84 88 72 23 29
1 51 21 56 88 95 6 72 29 48 44 66 45 88 17 1 45 47 13 98
37 13 17 17 59 57 95 45 98 53 41 52 86 40 51 94 14 44 49 66
100 62 30 67 46 55 57 54 69 86 16 64 2 90 56 98 46 61 95 96
96 86 56 33 76 80 89 24 83 69 23 3 59 88 74 40 17 6 1 30
70 79 21 23 26 1 25 66 25 29 2 65 62 42 45 34 74 52 74 17
47 9 98 82 92 11 19 93 58 91 94 55 66 49 90 14 22 19 5 22
91 16 21 66 100 25 21 89 100 50 85 70 17 84 24 79 25 72 10 70
35 68 35 1 14 52 47 77 21 95 63 77 93 44 91 96 25 63 32 22
89 98 97 10 59 63 35 34 20 15 91 85 33 96 57 77 65 84 63 90
29 81 32 52 69 22 25 61 92 86 59 39 50 35 43 56 27 90 83 5
45 57 47 51 74 4 50 95 17 18 61 53 33 99 22 92 94 57 68 47
53 35 64 22 4 14 18 53 36 72 58 100 10 82 42 34 70 95 92 57
13 64 77 36 53 94 16 50 56 100 60 67 81 58 74 21 87 61 66 23
80 60 48 71 45 19 29 30 79 48 77 10 34 54 58 37 84 54 65 22
78 3 20 41 51 43 47 96 18 11 77 66 8 60 48 21 93 45 96 47
23 29 93 57 25 82 53 17 70 4 40 21 70 31 77 43 20 65 85 30
18 18 79 10 23 74 34 22 7 88 44 41 83 35 60 61 20 95 15 65
86 9 62 54 60 65 61 72 96 63 42 73 6 67 28 87 85 75 22 51
75 96 75 58 16 24 15 86 93 92 85 87 93 10 94 62 19 52 73 13
37 67 51 28 10 50 57 59 81 97 66 62 90 36 39 96 46 25 35 25
68 68 8 80 81 45 60 85 100 51 67 75 4 92 80 40 30 98 20 9
43 49 28 51 39 18 55 21 39 16 14 31 13 34 51 51 97 93 35 25
9 56 52 95 77 81 82 86 4 100 17 3 64 69 46 42 17 78 78 54
95 62 24 14 84 2 14 15 65 13 55 11 85 94 17 27 39 56 13 89
