50 20
2 19 9 3 12 6 16 18 1 7 17 15 0 10 13 5 4 8 11 14
18 14 19 7 1 17 10 9 16 11 3 0 15 5 4 12 6 8 2 13
15 3 5 18 4 8 7 0 14 17 9 11 1 16 10 19 12 2 13 6
8 2 12 4 1 7 13 10 5 16 0 17 9 18 15 6 14 19 3 11
17 16 11 15 1 6 0 9 10 4 19 18 14 5 8 12 3 7 13 2
12 0 1 19 5 14 10 4 15 18 6 8 11 16 7 13 2 3 9 17
7 3 13 18 14 11 19 1 4 16 6 12 9 0 10 2 8 15 17 5
3 19 5 12 4 13 17 8 16 14 11 6 10 0 9 2 1 7 15 18
8 10 18 13 5 6 14 0 9 1 16 17 2 12 19 7 11 3 4 15
11 14 19 6 17 12 7 2 4 0 10 3 9 5 18 15 8 1 13 16
7 3 8 15 9 11 4 10 16 1 13 0 6 5 2 12 17 14 18 19
5 6 3 19 9 4 2 0 16 1 11 8 14 18 12 10 7 15 13 17
18 1 7 3 17 19 15 4 0 11 13 2 14 9 16 5 12 10 6 8
12 9 17 14 10 1 4 18 6 13 19 15 16 2 7 3 5 0 11 8
6 9 12 1 4 11 19 18 2 3 13 17 8 10 14 0 5 16 15 7
3 8 10 17 9 1 5 7 11 15 2 14 0 19 13 4 18 12 16 6
19 13 17 1 15 12 7 5 4 6 11 10 2 0 18 16 9 8 3 14
16 19 14 2 15 17 0 12 11 3 10 18 6 9 8 4 7 1 5 13
9 1 19 18 14 8 15 4 0 7 6 17 10 11 12 3 2 5 16 13
0 1 8 12 15 19 10 7 4 3 14 6 11 13 18 9 17 16 2 5
16 5 12 2 18 14 6 10 1 7 4 11 0 8 9 3 19 17 13 15
10 0 5 14 17 2 11 18 13 4 15 7 12 6 16 1 19 8 3 9
0 12 19 18 1 6 11 7 9 13 16 14 15 10 4 5 17 3 8 2
4 15 7 11 14 6 0 9 1 8 16 13 5 18 2 10 17 12 3 19
16 14 15 19 8 17 5 13 12 6 1 9 2 11 10 18 4 7 0 3
18 19 14 9 1 8 6 12 0 16 10 2 3 4 13 11 5 17 15 7
13 18 14 8 11 12 16 1 5 4 9 17 15 7 0 10 6 19 3 2
1 18 0 16 3 15 12 5 14 8 7 13 9 19 10 17 6 4 2 11
0 9 5 15 10 3 16 6 7 12 13 19 14 8 18 17 11 2 4 1
2 16 18 11 19 15 9 6 13 17 3 7 4 12 0 1 8 14 5 10
4 15 19 18 6 2 8 1 17 3 14 16 7 10 5 13 0 9 11 12
3 4 12 14 9 17 19 18 7 15 1 0 2 5 8 11 13 10 16 6
14 16 13 19 5 2 17 10 18 8 15 4 11 0 6 3 9 1 7 12
15 17 18 6 16 4 19 1 13 0 10 5 9 8 2 7 12 3 14 11
10 6 9 5 14 11 4 12 18 19 15 16 13 3 2 1 7 0 17 8
12 6 15 8 14 4 7 11 1 16 0 13 9 17 10 2 19 18 3 5
12 6 5 13 8 17 10 0 7 19 1 18 2 3 9 11 16 14 15 4
0 3 12 17 9 16 19 14 5 8 6 7 13 10 11 15 18 1 2 4
14 15 10 1 7 5 18 9 3 13 12 11 2 6 17 0 16 8 19 4
4 8 13 7 17 5 16 18 14 10 3 6 15 1 19 11 2 0 9 12
7 1 15 13 4 11 17 16 19 10 12 2 9 6 0 3 8 14 5 18
0 12 16 7 4 13 15 8 6 5 9 2 1 3 10 17 11 14 18 19
15 2 18 12 8 7 16 5 13 4 14 9 6 1 3 10 0 11 19 17
1 8 16 12 2 9 17 18 14 5 0 11 15 4 10 19 3 13 7 6
14 0 17 19 4 9 7 5 11 6 3 10 1 13 15 8 18 16 12 2
11 13 5 19 6 7 3 0 16 10 8 9 4 14 2 12 17 1 18 15
16 5 19 7 14 0 6 3 4 2 11 18 15 13 10 17 9 1 8 12
7 5 9 12 0 16 10 19 4 18 8 6 13 1 17 3 14 15 11 2
6 2 16 4 14 13 8 17 10 12 19 1 3 0 11 9 15 7 5 18
1 18 19 3 5 6 14 10 9 16 4 17 7 8 0 2 15 11 13 12
93 55 21 22 31 7 15 17 65 76 9 100 89 50 96 14 38 27 87 29
95 15 77 1 16 98 75 26 26 43 2 11 18 70 3 65 11 74 64 69
95 74 5 16 91 52 31 21 79 65 6 95 47 87 67 76 73 100 89 12
42 12 40 81 37 14 67 8 4 49 100 72 55 64 45 91 100 32 73 95
78 19 2 7 8 58 27 50 38 79 2 46 37 19 62 72 36 18 12 96
7 36 68 17 23 81 11 21 100 29 2 26 23 61 59 76 72 70 50 11
93 18 14 13 90 63 59 8 63 82 94 7 87 78 4 48 32 59 30 48
4 46 80 61 71 69 61 4 91 100 10 43 11 42 2 60 58 76 20 50
60 81 67 26 48 82 11 31 1 33 98 67 88 26 2 57 33 79 3 14
39 13 4 41 57 32 54 78 42 63 73 45 52 56 27 11 36 39 60 60
85 18 81 11 44 58 78 77 98 86 94 50 28 90 70 99 43 10 3 86
41 6 12 20 43 21 89 13 66 52 84 51 50 76 65 18 66 89 46 46
97 12 35 37 19 67 58 62 88 30 23 43 19 96 87 45 96 77 7 70
100 92 46 64 48 8 48 52 60 56 81 94 25 72 13 22 76 11 46 34
37 91 17 43 39 51 5 10 52 100 32 59 60 89 6 41 23 19 74 92
67 34 33 48 79 99 45 69 2 26 95 8 83 68 60 40 14 27 2 26
18 95 27 12 7 27 3 34 91 57 46 46 72 99 91 10 13 91 53 91
38 37 56 69 55 96 98 14 8 46 94 88 85 29 53 34 47 58 48 9
22 78 4 31 38 91 2 67 16 76 74 1 26 57 79 14 49 65 36 89
8 76 69 82 91 62 12 11 53 97 100 93 44 10 62 21 76 69 79 20
66 95 57 67 99 48 42 99 23 21 90 41 90 91 41 43 62 11 42 90
27 22 88 16 74 9 11 12 99 85 37 2 62 38 100 7 58 94 22 21
60 32 52 90 12 33 35 20 94 95 24 97 3 78 77 49 18 59 64 16
87 58 70 84 1 81 58 33 88 75 44 21 48 9 38 27 35 79 21 52
20 36 14 83 65 20 19 62 68 34 1 48 13 73 75 83 37 83 16 1
93 62 3 92 88 7 96 94 25 39 83 39 70 10 56 71 27 87 66 27
6 47 89 11 19 98 43 90 3 34 73 31 23 4 75 7 55 1 91 83
61 35 57 8 61 74 27 19 58 21 61 15 55 48 96 24 43 60 80 13
66 41 46 20 26 9 6 7 43 93 76 9 59 54 81 47 92 78 86 3
84 52 15 54 78 11 67 38 45 32 3 91 61 21 53 24 7 97 47 55
62 85 87 25 48 50 32 73 47 15 38 9 55 76 40 40 60 73 25 50
45 87 31 74 97 77 45 8 22 38 16 65 17 2 3 27 65 30 98 83
42 40 11 84 82 77 1 15 13 22 40 29 85 66 95 4 100 60 96 84
14 97 91 44 11 43 6 15 7 83 21 88 71 8 51 78 95 28 76 77
37 12 4 2 12 33 41 72 92 50 32 50 95 10 3 80 78 16 49 99
39 43 91 64 54 95 47 89 12 45 14 43 88 47 24 39 88 76 17 59
10 78 97 31 28 66 14 96 12 99 28 59 53 5 2 99 73 38 41 76
97 60 26 19 84 68 94 53 5 9 91 83 21 83 99 20 4 94 60 29
2 91 65 92 14 25 43 73 58 5 5 89 87 32 20 80 14 39 10 84
56 44 65 79 95 71 46 93 52 99 71 89 67 29 78 87 43 35 19 54
84 67 1 56 28 6 56 32 97 97 100 65 59 60 30 17 88 32 85 78
51 58 87 82 78 12 72 37 89 66 57 24 5 9 64 85 22 25 56 65
52 88 56 74 81 27 45 36 83 2 83 69 58 9 15 35 60 24 48 33
12 55 19 5 53 39 79 80 97 15 42 95 73 54 4 25 31 52 54 87
85 12 87 25 38 56 65 50 51 75 7 21 93 31 14 39 50 60 92 57
7 94 35 40 31 5 73 74 17 70 90 2 81 40 6 49 55 29 80 24
23 96 16 48 81 57 64 70 96 66 51 6 16 17 62 46 93 42 83 26
8 71 12 78 100 43 94 86 98 58 36 100 62 71 52 67 24 52 32 36
50 21 61 98 40 35 67 10 97 61 54 58 49 50 45 29 98 97 89 8
81 23 26 43 43 26 66 97 74 13 95 31 15 49 87 93 12 42 21 52
