50 20
14 11 5 6 19 8 9 12 16 2 10 4 17 7 3 0 15 13 1 18
18 13 9 2 17 6 10 16 19 11 14 5 8 15 3 4 7 0 1 12
9 17 1 15 12 0 13 8 2 4 10 19 7 18 16 11 6 5 14 3
2 6 17 19 13 1 0 9 7 16 4 8 11 3 10 15 18 5 12 14
12 0 9 1 11 16 17 10 18 5 13 8 6 7 19 15 14 3 4 2
8 11 0 12 10 7 4 1 14 13 18 6 19 16 2 15 5 9 3 17
10 7 8 15 11 18 3 9 4 5 0 1 14 16 17 2 6 12 19 13
18 6 1 15 3 7 10 8 17 14 0 4 19 16 9 2 13 5 12 11
7 3 14 8 15 4 2 19 5 12 13 0 9 11 17 1 10 16 6 18
16 12 4 15 18 9 0 2 17 1 3 6 7 14 8 10 13 11 5 19
9 13 18 1 3 10 4 8 14 0 16 7 12 17 19 5 15 6 11 2
16 13 19 18 2 14 4 6 15 7 10 8 1 3 11 12 5 0 9 17
10 2 13 18 5 15 1 0 12 11 8 17 16 3 14 7 19 9 4 6
19 6 15 3 0 9 8 4 2 16 17 11 13 7 18 12 1 5 10 14
14 12 7 5 9 11 15 6 18 2 13 0 8 3 10 19 17 1 4 16
14 17 0 13 2 9 1 6 10 16 8 7 3 4 11 19 5 12 18 15
16 0 8 1 13 14 10 11 9 19 4 6 7 12 5 17 3 2 18 15
8 13 17 4 9 11 1 3 15 5 18 10 16 7 0 6 19 14 12 2
18 9 11 15 10 17 7 4 0 19 8 6 1 12 16 5 14 3 2 13
1 4 10 2 3 6 16 5 17 13 0 19 7 8 11 9 12 14 18 15
17 6 9 4 12 8 3 13 5 11 15 18 2 19 0 7 16 1 10 14
17 15 8 4 16 0 2 18 6 14 5 12 11 19 7 3 1 13 9 10
0 19 14 4 17 5 6 3 13 9 10 11 12 16 7 8 1 15 2 18
9 7 19 15 4 17 13 3 14 0 8 12 10 18 11 2 6 5 16 1
14 4 16 11 18 3 6 0 1 12 15 13 2 5 17 9 10 19 7 8
0 7 11 3 19 9 2 5 4 10 12 6 8 13 15 14 17 18 1 16
9 8 3 16 10 7 1 11 2 19 6 18 13 15 12 14 0 5 17 4
9 3 1 2 11 13 12 16 5 6 17 0 4 10 15 8 19 14 7 18
14 9 7 6 11 1 5 4 12 0 15 10 16 18 17 13 8 19 2 3
1 11 8 17 5 18 19 10 7 14 13 12 2 6 0 16 9 15 4 3
13 9 14 12 8 5 2 10 17 15 7 1 11 3 16 6 18 19 4 0
3 2 16 11 4 10 7 14 6 8 13 12 17 5 0 18 19 1 9 15
19 10 1 3 9 15 16 18 12 4 5 11 8 13 6 2 7 14 0 17
19 18 2 14 10 7 13 6 12 17 9 16 15 5 3 8 0 4 1 11
19 4 5 17 8 11 18 16 15 2 14 6 3 1 12 0 13 7 9 10
6 13 0 18 17 5 14 16 7 15 3 11 4 1 9 10 19 8 12 2
17 5 7 4 14 9 11 16 13 1 10 18 19 2 0 8 3 12 15 6
3 16 12 1 8 14 7 11 10 17 4 13 15 9 19 2 18 5 6 0
11 4 10 8 19 6 17 13 16 2 9 7 0 3 12 18 1 5 14 15
12 14 10 4 6 19 13 8 11 0 7 17 18 9 2 16 5 1 3 15
14 10 1 5 2 0 18 11 4 15 9 12 7 8 3 13 19 17 16 6
16 18 7 1 15 0 9 3 6 5 19 17 4 14 11 2 12 13 8 10
3 10 2 14 19 7 4 6 15 9 8 0 16 5 11 1 17 18 13 12
5 4 3 0 15 11 2 8 7 17 18 16 9 1 14 12 6 10 19 13
18 0 7 6 15 10 12 11 13 1 2 14 17 3 19 5 8 16 4 9
15 0 13 12 16 17 3 5 8 10 1 6 7 18 19 9 2 14 4 11
7 19 9 16 1 4 5 14 17 10 6 3 15 11 18 12 8 2 0 13
11 1 0 17 4 6 3 18 9 7 5 15 19 13 12 2 10 16 14 8
16 11 13 9 4 7 14 19 6 17 2 10 12 8 0 3 18 15 1 5
10 12 7 0 15 3 8 19 11 5 16 1 18 13 14 9 4 6 2 17
18 78 46 49 54 37 87 34 59 23 88 39 85 47 18 59 99 31 57 79
29 53 31 5 5 64 39 78 85 10 69 11 20 50 73 48 77 20 15 100
85 84 23 100 23 62 99 45 42 56 29 1 70 92 6 43 41 32 11 34
54 70 75 45 69 50 63 90 22 72 57 13 54 5 1 57 69 9 7 45
42 80 5 88 26 83 76 74 81 62 4 15 38 56 32 92 38 12 6 77
60 96 97 89 67 93 55 58 86 96 72 27 35 77 47 15 81 81 1 27
65 64 65 34 52 57 82 44 45 93 36 62 58 62 76 62 11 89 70 93
31 22 40 13 72 7 29 73 96 10 54 25 73 74 57 76 3 51 26 44
22 4 93 69 66 45 12 51 57 74 45 8 19 57 91 61 79 58 93 57
7 78 7 22 40 29 7 75 23 13 82 73 47 24 39 6 51 77 98 55
13 51 16 31 14 55 93 82 40 93 38 69 84 13 45 67 80 61 78 32
80 72 68 4 10 52 5 3 84 56 44 23 94 7 46 42 81 61 22 3
16 89 50 9 2 85 56 95 85 24 80 54 7 71 22 7 90 49 75 59
36 11 68 40 19 99 14 69 16 37 91 80 43 1 74 34 82 97 67 55
60 60 23 81 19 4 52 78 20 58 85 90 99 23 44 65 86 61 20 6
59 7 87 43 68 67 7 49 79 100 11 90 93 5 17 5 2 47 56 29
93 20 49 28 66 77 63 88 85 50 25 9 69 94 96 20 78 76 69 17
63 54 46 44 1 42 87 38 65 100 90 76 7 53 92 37 59 22 15 54
62 29 51 3 57 59 82 73 92 64 90 54 39 72 85 20 58 22 30 61
29 48 78 21 68 100 4 70 73 5 8 22 54 98 40 22 99 26 4 22
33 6 19 84 88 86 31 15 66 92 61 100 99 38 45 41 71 55 100 90
37 26 1 94 75 55 93 99 6 98 94 22 21 62 47 51 16 50 32 26
91 72 25 88 55 90 30 56 53 25 30 93 90 47 62 92 17 97 26 74
75 81 23 61 32 49 52 60 66 14 54 78 67 94 12 32 8 14 93 9
21 77 18 53 31 61 60 9 22 11 44 84 85 35 99 20 82 8 57 90
46 9 34 91 38 84 45 90 72 14 33 81 49 41 60 55 52 22 36 15
73 69 71 20 8 74 38 46 60 98 47 40 33 10 26 84 46 9 83 10
63 37 69 63 1 48 33 75 75 83 61 24 30 50 56 42 88 36 14 44
22 41 2 44 61 25 58 8 77 100 62 73 18 3 72 38 66 23 67 76
90 99 36 52 25 76 66 77 92 62 49 31 44 70 29 47 74 75 5 74
89 97 45 4 38 20 67 78 63 50 12 17 61 10 39 86 24 64 100 91
30 86 54 7 10 39 6 53 48 43 66 78 79 79 38 50 33 50 2 72
22 21 45 64 13 96 47 29 41 7 82 40 95 1 66 37 15 96 96 92
41 93 1 85 17 38 25 46 45 81 65 37 54 90 13 58 19 29 49 69
83 10 3 53 31 90 9 72 86 56 64 34 15 3 70 14 26 73 80 81
7 56 17 56 33 19 97 47 19 73 93 100 37 86 73 82 82 66 71 52
52 84 65 90 5 99 93 13 17 55 40 7 29 55 41 37 57 79 70 56
51 33 63 55 74 51 87 57 46 54 42 72 30 41 69 51 6 3 97 89
78 48 79 100 21 92 7 67 60 31 19 91 86 60 83 10 99 100 83 32
10 77 77 75 27 96 98 99 14 26 15 82 74 91 85 48 22 68 36 41
14 79 53 53 39 56 10 39 21 99 45 19 15 9 49 82 35 24 31 6
3 27 23 25 2 16 34 34 61 15 45 11 75 85 71 91 52 88 42 14
16 64 74 21 50 10 34 15 18 90 92 86 35 45 39 78 69 32 86 13
82 34 56 95 34 20 17 51 39 8 74 47 74 59 70 92 48 61 2 73
47 91 21 92 13 88 69 5 67 85 94 73 34 12 47 78 77 93 40 73
48 80 30 90 6 28 49 5 73 13 7 91 27 76 44 63 53 92 2 59
83 70 61 24 67 10 12 14 6 29 93 75 1 97 8 98 53 41 74 94
88 36 71 20 18 18 4 94 90 46 32 6 2 20 80 12 82 52 14 58
97 89 62 49 77 78 65 46 60 66 56 76 76 43 64 80 43 44 71 45
31 97 21 70 8 82 21 31 54 87 90 52 95 51 33 20 58 40 58 53
