50 20
19 6 15 16 0 18 17 14 1 12 2 11 10 3 13 4 7 5 9 8
0 18 4 6 5 1 13 12 15 19 7 2 17 9 16 14 8 11 3 10
17 19 9 15 10 8 5 6 16 4 18 11 7 2 3 1 13 0 12 14
13 17 14 0 7 4 15 16 11 2 3 1 8 19 12 18 6 9 5 10
9 13 11 12 7 1 5 2 8 6 0 18 14 19 3 17 16 15 4 10
2 3 11 17 10 15 19 12 13 4 18 5 16 8 7 14 6 9 0 1
12 15 6 9 8 11 13 16 7 18 2 17 3 0 14 19 5 10 1 4
7 15 13 3 10 16 6 18 14 11 2 12 0 5 1 8 19 17 4 9
0 8 5 1 3 19 9 16 14 4 6 17 12 15 2 13 11 18 7 10
14 5 12 3 1 11 7 6 8 16 10 2 9 19 15 4 18 17 0 13
12 0 16 7 6 8 15 9 1 17 19 5 10 2 13 18 14 4 11 3
4 11 18 19 0 2 13 7 1 9 6 5 17 15 14 3 12 10 8 16
6 17 8 15 13 1 7 14 9 11 0 16 5 18 10 12 19 4 3 2
17 2 14 1 10 5 0 3 19 4 6 16 11 15 12 18 8 7 9 13
2 6 9 5 8 17 18 14 12 4 13 1 19 16 0 3 11 10 15 7
1 4 11 7 5 16 12 14 10 0 6 9 2 17 8 18 15 3 13 19
2 10 11 9 15 16 8 12 14 3 5 18 19 4 17 1 13 7 0 6
2 8 3 0 5 6 15 17 10 9 11 14 1 7 13 4 16 18 12 19
11 14 6 8 13 15 12 16 10 3 7 2 17 1 9 5 0 18 19 4
2 17 0 15 3 10 16 6 13 1 18 11 12 8 9 7 19 5 14 4
19 14 9 10 15 12 11 2 1 16 6 18 7 3 5 13 4 0 17 8
15 8 7 16 4 0 18 5 3 9 1 13 12 6 14 2 11 17 10 19
14 10 12 19 11 2 17 5 18 3 4 9 7 16 8 13 1 0 15 6
17 19 11 18 4 6 10 8 14 13 2 5 1 0 3 15 16 9 7 12
17 4 15 19 0 6 8 5 10 12 11 14 3 16 1 18 7 9 13 2
14 17 6 7 4 3 13 11 0 18 10 5 1 16 19 2 15 12 9 8
10 18 19 16 15 17 1 9 13 4 3 5 0 7 11 14 8 2 12 6
4 9 14 18 5 7 15 6 19 10 16 1 12 17 2 8 0 3 13 11
17 19 9 8 12 1 18 5 16 7 10 11 4 13 0 14 2 15 3 6
2 10 7 6 19 3 14 17 16 4 5 11 0 9 8 13 15 1 18 12
12 2 10 13 5 19 8 9 16 7 11 0 15 6 4 3 17 14 18 1
1 6 18 4 14 16 15 11 7 9 3 8 17 0 13 5 12 2 19 10
5 0 15 18 10 4 19 14 16 1 3 2 6 17 7 13 11 8 12 9
15 5 7 18 10 1 14 3 6 17 11 0 8 4 2 12 9 19 13 16
11 1 12 13 2 9 5 6 0 17 16 3 4 15 10 8 18 19 14 7
8 2 4 3 13 18 0 7 16 9 15 11 5 12 6 19 1 14 10 17
11 1 0 19 16 15 7 12 9 2 18 6 14 17 13 4 5 8 3 10
12 13 4 11 16 6 10 18 8 17 5 14 15 19 2 7 3 1 9 0
7 14 9 18 0 17 3 1 12 13 19 10 5 2 4 16 15 11 6 8
18 14 6 10 17 4 13 0 3 11 12 15 5 2 19 9 1 16 8 7
11 19 6 5 13 18 16 14 15 7 8 2 0 17 1 10 3 4 9 12
9 0 6 2 5 1 16 18 14 3 13 17 11 8 19 15 10 12 4 7
15 17 1 3 0 7 12 10 8 16 6 5 9 4 18 13 19 14 2 11
8 15 19 16 4 14 13 3 0 17 11 5 10 7 9 12 18 6 1 2
5 15 19 12 6 10 14 11 4 18 16 0 13 17 8 7 1 9 3 2
8 13 11 0 2 15 17 19 5 7 4 16 9 14 6 10 1 3 12 18
14 18 5 2 9 17 6 0 7 1 15 3 11 19 13 4 16 12 10 8
10 13 1 14 19 8 9 0 2 5 15 11 12 4 16 18 7 6 3 17
17 15 3 16 1 6 9 13 18 4 7 12 2 19 10 14 5 0 11 8
2 6 8 1 19 9 7 0 13 10 12 5 15 3 17 16 4 18 11 14
36 19 11 34 58 96 56 18 33 46 30 63 97 71 73 55 86 47 56 82
59 34 78 36 51 17 74 63 71 31 73 31 25 90 47 17 10 56 84 81
67 92 85 18 91 78 31 93 64 28 80 6 75 90 76 5 46 75 94 73
83 12 68 1 17 40 16 53 39 35 73 77 90 10 61 67 47 5 1 41
34 55 76 31 46 99 32 76 37 55 27 83 45 55 5 41 51 59 12 9
28 40 39 78 50 38 5 45 17 13 47 63 57 75 75 56 6 45 69 38
86 31 67 98 57 25 74 51 80 7 71 7 15 79 18 69 98 48 69 51
98 6 15 13 40 52 50 61 50 35 20 20 58 39 1 68 4 69 34 36
25 4 74 5 62 65 23 17 14 1 76 18 40 11 64 74 67 93 8 28
32 41 68 65 2 74 58 98 44 84 29 78 7 68 90 55 31 66 95 2
8 70 83 19 79 95 66 4 100 60 46 49 74 74 64 74 66 53 9 57
62 73 96 8 11 33 28 1 19 69 42 39 68 27 56 72 38 2 27 81
90 11 63 66 20 15 7 45 80 7 67 67 100 96 23 12 91 100 55 40
97 33 20 29 80 40 13 14 64 57 77 14 6 91 74 70 54 18 91 62
20 55 56 3 46 47 43 97 45 96 25 14 19 95 21 73 22 81 55 8
52 22 77 97 72 7 60 57 14 69 97 66 93 58 96 19 100 72 6 72
97 73 51 8 51 52 29 85 95 25 73 55 27 5 5 90 3 58 68 93
82 23 31 93 15 4 54 90 72 27 60 62 5 54 6 26 36 94 64 68
9 93 77 9 50 68 90 23 25 73 8 94 4 49 80 27 93 58 87 43
37 58 99 97 1 14 98 57 59 31 92 86 24 34 3 93 99 60 28 72
15 47 11 80 98 86 99 23 96 73 63 74 60 74 92 1 60 66 92 3
75 38 88 64 37 96 86 54 26 64 25 14 74 69 50 39 6 10 40 58
68 43 5 38 96 96 56 1 55 18 88 55 7 48 20 22 97 47 99 87
2 2 95 25 97 34 9 71 94 94 31 18 14 54 51 57 38 41 72 33
25 76 66 41 16 11 88 42 53 60 89 54 50 52 10 47 73 53 66 23
21 14 84 28 93 51 81 65 14 78 92 27 16 86 81 51 53 63 87 67
6 41 12 98 19 30 97 84 34 38 76 47 4 62 12 23 74 49 60 55
91 43 14 70 56 68 11 16 55 75 79 52 7 58 38 9 81 73 40 33
94 41 35 49 20 42 81 71 5 11 63 27 55 69 98 38 45 55 79 27
86 88 27 10 71 57 3 17 60 63 27 1 2 14 24 5 65 17 38 39
86 44 70 68 4 6 35 21 36 41 82 82 80 50 46 30 27 37 72 29
87 35 61 13 61 83 91 79 45 33 61 76 4 100 76 17 42 67 38 23
6 42 19 83 44 14 89 72 76 91 66 58 44 66 73 47 1 27 2 75
89 23 87 17 53 21 55 74 34 91 28 89 96 68 66 100 84 1 6 53
85 42 83 58 58 31 41 17 43 90 100 30 84 34 97 25 41 50 23 44
6 12 81 59 12 59 55 70 36 16 4 72 28 44 64 81 6 70 40 90
34 58 80 15 46 13 47 8 31 43 32 4 87 75 15 44 27 4 68 69
71 44 54 21 70 7 39 46 90 29 64 1 75 7 17 58 14 84 12 10
47 69 7 60 75 63 35 96 74 85 3 32 33 7 62 94 62 60 91 39
90 65 15 16 36 78 70 27 96 11 70 63 36 76 39 19 54 49 77 92
47 32 93 22 15 62 1 50 47 64 36 32 69 31 7 34 66 23 6 88
9 23 65 19 79 35 38 78 34 84 40 98 67 95 61 66 49 20 7 80
88 73 57 31 1 77 80 2 23 78 9 36 90 21 96 20 18 22 88 99
45 83 15 89 82 21 11 48 88 57 55 77 51 68 76 18 29 27 56 43
65 96 50 62 48 43 58 6 89 78 57 14 75 87 16 10 87 6 40 75
75 42 44 88 65 23 63 54 3 76 43 78 28 29 20 45 62 3 60 20
74 94 62 62 35 11 37 7 10 52 67 83 29 85 57 67 83 48 58 94
90 56 52 92 27 25 65 88 24 15 29 72 11 93 83 46 96 2 71 28
29 4 76 45 54 47 36 3 100 53 63 25 27 48 85 12 76 19 21 85
66 22 71 20 82 4 39 14 14 27 19 90 1 15 22 72 37 37 52 94
