50 20
1 19 17 16 5 2 12 8 14 4 10 6 0 7 3 13 9 18 15 11
3 1 18 12 14 16 19 0 4 15 10 17 6 7 5 2 13 8 11 9
19 18 10 1 9 16 3 12 13 11 8 17 5 6 14 7 4 0 15 2
15 11 12 9 19 3 17 8 6 4 2 10 13 1 14 16 7 0 18 5
11 15 0 9 1 10 17 5 2 18 3 8 13 6 14 16 19 7 12 4
6 4 12 16 11 9 19 18 5 8 14 13 1 7 0 10 3 2 17 15
16 2 3 19 5 15 9 0 11 18 13 14 10 12 8 6 7 17 4 1
16 18 14 13 5 8 4 0 10 17 12 2 1 15 9 6 11 7 3 19
1 7 11 18 10 4 15 5 8 17 3 9 0 16 14 13 12 19 2 6
11 7 10 3 19 6 4 14 5 2 16 12 8 17 15 1 0 13 9 18
13 19 11 18 17 16 2 3 10 7 4 6 5 14 1 0 15 9 12 8
7 2 16 3 17 10 9 12 13 14 19 0 4 15 8 1 18 5 6 11
13 8 7 18 16 17 9 4 1 6 14 3 10 0 15 2 11 12 19 5
8 12 10 11 13 6 1 9 14 18 15 3 4 2 16 5 0 19 17 7
1 13 8 11 12 2 14 5 10 7 18 19 15 17 9 6 16 3 0 4
6 14 7 18 2 4 13 8 19 15 10 17 5 3 0 12 11 1 16 9
8 10 17 12 18 11 13 5 3 1 0 4 9 15 2 6 7 16 14 19
0 8 4 17 3 10 18 16 15 14 1 5 2 19 6 9 7 13 12 11
16 6 18 3 12 0 7 17 8 19 15 9 13 1 4 5 2 14 11 10
13 18 19 3 4 15 11 6 1 12 10 17 5 8 16 9 14 2 7 0
14 5 1 8 6 3 2 7 10 11 19 18 0 16 15 12 17 13 4 9
3 8 16 2 13 0 1 19 18 4 17 5 6 10 14 9 7 12 11 15
11 18 2 16 19 5 13 17 12 0 7 3 8 10 4 1 14 6 15 9
13 5 10 18 14 9 17 0 7 2 12 6 16 1 4 15 3 8 11 19
8 13 6 2 11 4 17 10 9 1 3 7 16 5 15 18 19 12 14 0
2 3 12 1 0 5 16 9 11 15 6 17 10 8 4 14 13 7 18 19
15 18 3 1 6 14 9 4 0 13 19 16 17 10 11 8 2 5 12 7
2 6 12 18 5 7 0 13 8 19 3 16 15 10 9 4 11 14 17 1
15 5 16 11 2 1 13 12 3 4 14 6 8 9 10 19 18 17 7 0
14 4 1 11 18 3 0 7 2 16 12 6 5 9 8 19 15 10 13 17
10 16 11 12 8 7 17 5 2 19 4 13 18 6 14 9 3 1 15 0
2 14 1 0 6 16 11 19 17 8 4 18 3 10 15 7 9 5 12 13
12 17 14 10 11 4 6 9 19 3 15 0 1 7 8 5 16 2 13 18
15 1 13 5 7 11 3 8 12 10 17 6 16 18 0 2 9 19 14 4
15 10 9 19 8 1 11 6 14 13 3 4 5 17 18 2 7 0 16 12
0 17 14 8 6 4 9 19 12 10 11 5 15 3 18 13 2 1 16 7
7 15 8 16 9 1 11 19 12 4 17 5 0 14 3 10 6 13 2 18
18 13 8 1 10 4 12 6 0 9 17 14 2 3 7 15 19 16 5 11
16 2 12 19 1 17 0 13 14 3 8 9 6 10 7 4 15 18 5 11
12 6 8 19 1 5 14 7 13 3 4 0 11 15 10 9 16 17 18 2
0 16 9 12 2 1 19 5 15 6 10 13 3 11 4 14 18 8 7 17
12 18 17 19 14 10 16 4 9 8 7 13 0 6 15 1 2 3 5 11
11 18 13 12 3 4 5 19 6 7 0 10 8 2 17 16 9 15 1 14
11 19 0 8 2 9 13 12 16 6 5 10 18 14 7 17 4 15 3 1
6 11 19 1 17 3 15 16 8 7 4 13 10 12 2 18 5 9 14 0
2 7 1 0 12 4 16 6 10 18 15 14 9 3 11 13 8 5 17 19
2 4 7 12 5 17 11 13 6 16 1 15 14 10 0 9 3 8 19 18
2 7 6 4 13 19 11 16 12 18 9 8 3 5 1 14 15 10 0 17
10 14 4 9 12 11 16 17 8 15 7 2 0 13 19 18 3 6 1 5
17 12 2 19 13 10 7 5 9 14 1 6 15 16 8 18 11 4 0 3
96 78 40 3 29 78 33 3 20 78 86 81 4 60 59 77 81 91 38 29
20 40 39 41 59 59 9 22 90 62 94 2 57 63 2 61 90 16 59 79
91 12 70 16 32 2 51 81 6 15 95 88 7 98 51 20 82 89 33 31
5 8 4 91 26 55 86 33 65 50 14 28 15 54 81 14 37 15 59 56
3 63 39 74 38 16 10 97 40 95 64 31 69 83 61 27 76 57 65 18
9 29 25 59 27 92 2 81 1 29 43 51 78 80 27 8 35 82 3 50
45 18 92 59 96 92 23 14 25 3 12 48 94 37 84 83 13 20 5 24
6 97 46 15 88 52 53 34 16 79 50 77 25 46 96 57 48 56 3 45
54 31 42 22 52 8 49 6 52 82 96 58 84 5 19 1 22 95 25 86
37 73 79 53 69 11 89 100 19 79 6 39 34 39 84 90 57 93 41 10
11 54 20 76 29 44 53 74 99 14 96 35 98 2 41 22 48 54 76 38
3 1 9 91 33 88 54 16 43 54 77 62 49 31 78 26 40 21 29 85
51 26 43 32 59 4 69 3 45 3 57 70 53 66 53 76 12 68 19 90
93 43 32 38 53 83 2 53 1 27 81 83 56 82 20 1 28 78 77 85
6 68 37 19 91 33 42 45 16 32 11 64 7 39 81 32 35 51 67 20
25 79 93 78 83 12 76 17 55 71 24 95 72 80 17 26 78 21 28 90
74 14 2 12 85 86 13 21 19 5 50 56 47 40 30 72 21 23 44 90
74 98 83 24 26 56 71 9 98 78 49 69 53 14 2 67 79 32 60 85
56 31 88 70 42 10 55 59 32 66 48 36 47 67 41 57 66 12 32 44
88 13 48 87 68 52 38 80 25 5 43 38 74 33 21 45 72 97 40 84
7 98 100 60 22 64 69 46 54 28 3 9 44 61 3 35 5 88 63 93
14 65 2 97 54 38 93 98 63 48 48 26 26 54 92 21 50 40 91 11
10 25 26 49 99 78 58 99 58 15 80 86 60 16 4 97 98 91 12 45
21 70 13 24 50 51 18 47 14 71 67 20 11 2 10 5 100 77 86 7
73 100 1 80 39 95 35 11 76 47 2 1 78 93 68 7 79 26 27 18
58 86 33 87 34 83 72 85 18 49 67 14 14 64 60 90 54 22 47 67
57 59 7 98 29 86 1 37 33 86 44 32 63 88 13 65 95 89 47 82
18 95 9 39 13 60 85 40 6 42 64 74 38 27 27 91 41 15 45 29
20 79 32 57 65 23 93 21 37 98 88 45 24 94 93 79 25 74 97 16
20 78 70 16 35 96 27 9 59 8 15 95 31 1 40 70 55 84 80 18
79 54 69 71 95 6 34 20 57 42 76 56 57 81 52 55 47 86 42 88
40 39 95 96 90 79 60 67 66 11 62 35 45 96 61 8 65 37 59 49
17 64 55 35 35 4 15 10 5 11 7 48 81 93 21 83 73 100 16 57
4 52 24 78 100 62 90 61 4 50 84 60 65 83 11 2 6 21 5 68
63 71 54 64 46 14 89 5 11 54 82 36 97 84 80 88 71 8 45 91
77 60 65 89 86 93 12 10 49 83 34 54 39 2 29 69 17 12 78 68
36 48 23 32 4 70 96 63 36 7 97 88 33 60 70 46 55 62 70 74
15 25 18 36 61 86 21 95 56 92 6 47 18 16 64 13 79 57 6 37
44 78 58 42 91 58 32 9 71 43 13 34 96 30 73 74 52 24 69 73
29 17 24 76 86 74 13 78 99 83 97 59 70 49 66 30 27 98 4 16
13 37 76 31 99 73 32 22 34 81 13 96 54 77 79 76 5 17 9 87
17 3 4 96 78 29 43 31 11 83 47 59 34 15 10 89 43 3 57 42
7 6 85 1 69 45 47 48 43 77 14 11 89 34 49 99 61 65 77 7
1 53 42 25 23 76 77 50 40 30 58 89 35 28 44 84 14 92 5 36
2 32 3 78 5 93 6 42 98 38 6 7 49 71 72 41 73 45 68 60
31 96 51 38 39 80 5 55 82 83 96 100 84 43 13 10 93 26 11 82
77 41 67 36 4 53 98 16 45 76 53 25 18 48 98 32 89 45 90 19
83 9 91 34 32 10 93 41 79 85 86 64 12 72 91 93 3 88 7 57
50 97 67 97 17 33 76 41 85 19 2 91 50 50 75 53 45 8 31 58
7 84 15 81 26 34 34 47 73 52 18 27 92 35 14 23 59 60 87 94
