50 20
7 6 15 14 5 3 10 0 1 4 8 18 19 12 2 17 11 9 13 16
11 1 17 7 4 12 3 0 5 8 6 14 16 18 10 15 19 13 9 2
3 15 7 6 9 0 14 13 1 11 2 12 5 16 10 8 4 18 17 19
7 11 17 9 16 13 19 14 8 0 3 1 10 2 4 6 5 12 18 15
4 0 5 13 2 17 9 3 11 19 16 10 14 6 8 7 18 12 15 1
11 13 5 6 1 4 12 10 7 17 19 9 15 0 8 3 16 2 18 14
2 7 15 5 4 19 11 1 18 16 10 17 12 13 8 14 0 3 6 9
12 0 18 9 8 5 2 6 11 19 14 1 16 17 13 15 7 4 10 3
18 0 7 14 8 19 4 5 6 12 11 2 3 16 1 13 9 15 10 17
16 13 19 1 7 0 3 17 8 5 6 12 15 11 2 4 18 14 10 9
0 16 17 4 1 11 14 5 19 10 3 6 2 18 7 9 8 13 12 15
11 8 4 9 13 14 18 1 16 0 17 2 3 6 5 7 10 15 19 12
10 5 14 3 6 7 2 19 15 18 9 13 4 17 11 0 1 8 16 12
15 6 17 18 5 13 11 9 4 0 7 8 16 10 19 14 3 12 1 2
6 10 3 17 8 0 7 5 12 16 13 11 18 9 4 19 2 15 1 14
4 0 6 2 14 11 16 17 8 13 1 9 3 12 5 15 18 19 10 7
2 8 6 15 1 0 12 7 4 3 13 16 19 14 9 11 5 18 10 17
2 17 12 18 13 0 8 1 9 7 16 5 11 6 3 15 4 10 14 19
7 10 16 0 13 4 15 9 2 8 18 17 14 12 5 6 19 3 11 1
18 6 0 16 14 8 17 3 7 10 13 2 11 15 19 5 9 4 1 12
4 0 10 15 8 16 13 17 9 7 18 5 12 1 14 6 19 11 2 3
1 14 9 16 18 5 3 15 0 6 12 19 7 13 11 2 17 8 10 4
18 3 19 6 5 2 15 0 14 8 16 4 10 9 17 7 11 12 1 13
2 19 16 5 1 7 14 6 15 4 9 17 10 18 12 8 3 13 11 0
19 2 11 9 4 1 15 18 0 8 6 7 16 12 10 3 5 14 17 13
12 3 0 5 14 11 15 19 6 8 13 18 7 10 1 2 9 16 4 17
13 8 17 7 5 1 15 6 18 19 0 3 2 10 4 16 12 11 14 9
3 16 19 8 7 9 15 10 18 1 5 4 17 12 14 2 13 11 6 0
7 6 8 11 14 4 12 17 19 9 2 3 16 10 18 5 15 13 0 1
6 11 7 14 16 2 19 9 3 17 10 0 8 1 12 13 18 5 4 15
14 10 4 7 5 15 17 13 12 6 0 18 2 11 16 1 3 9 8 19
1 4 5 14 17 9 15 13 3 0 2 12 6 7 10 11 8 16 19 18
13 5 16 12 8 7 10 3 18 2 1 4 17 14 6 9 0 15 19 11
11 5 1 17 9 19 18 10 2 7 6 4 8 13 16 14 15 0 12 3
9 15 6 1 11 19 8 0 12 18 14 2 3 5 10 4 13 16 7 17
17 16 7 19 14 18 6 1 11 5 10 3 4 2 15 13 0 9 12 8
13 9 8 10 14 16 4 11 7 6 5 12 1 0 17 2 3 18 19 15
15 6 16 1 19 7 9 4 12 5 11 3 8 2 10 18 14 13 0 17
1 19 17 0 16 7 9 15 14 4 11 3 8 5 12 6 18 13 2 10
3 8 4 1 2 16 5 12 6 14 7 18 10 11 19 17 15 13 0 9
4 11 19 5 15 14 10 6 17 8 12 1 0 13 16 2 3 18 7 9
17 5 14 18 6 0 8 7 15 16 10 3 4 9 12 11 2 13 19 1
16 19 8 6 15 17 4 3 7 0 18 1 11 2 13 12 14 10 9 5
2 12 14 15 5 8 1 19 4 7 10 16 3 0 9 11 18 6 17 13
11 9 0 18 1 14 10 6 4 7 17 13 3 15 19 8 5 2 12 16
1 14 11 6 8 15 3 19 17 7 4 0 2 18 10 5 12 16 9 13
4 13 19 17 16 18 6 3 12 7 14 15 10 0 5 2 8 11 1 9
17 14 16 2 5 19 8 4 6 13 0 18 1 3 7 9 11 12 15 10
3 13 2 9 10 5 12 4 1 18 14 6 8 7 19 11 17 0 16 15
15 10 19 13 6 9 5 1 14 16 0 18 8 3 7 12 17 2 11 4
82 88 93 52 18 71 8 18 26 20 91 69 72 88 27 43 70 16 92 82
7 62 48 75 100 1 52 31 15 72 28 32 68 47 8 35 9 36 25 96
96 35 61 82 7 94 26 40 34 10 96 92 63 3 80 73 68 88 18 52
12 89 99 40 33 85 52 62 10 70 11 70 82 31 29 69 34 74 21 38
96 74 73 67 55 7 43 75 22 72 30 79 41 48 23 97 28 39 56 46
38 34 24 2 60 44 97 43 28 7 35 13 67 86 90 2 4 15 61 91
35 46 45 70 75 54 52 1 68 97 44 11 97 96 5 81 94 37 42 42
28 65 74 20 38 11 56 57 68 50 100 67 78 98 20 85 72 19 22 76
64 33 65 25 48 1 82 16 43 64 10 56 12 66 49 32 22 10 38 10
70 48 94 56 49 35 11 40 52 83 27 41 2 5 73 75 8 46 87 84
10 59 85 26 46 93 65 17 75 62 95 57 83 12 17 31 56 99 51 30
4 34 61 17 26 21 33 19 5 16 38 57 7 12 38 79 83 34 69 40
6 48 48 62 58 43 98 64 47 29 2 77 15 45 67 20 49 15 79 72
40 83 39 39 78 43 71 3 56 12 50 1 82 60 14 42 69 97 42 95
11 14 98 49 8 63 66 53 53 98 87 34 74 31 73 65 95 52 78 17
26 16 32 1 34 7 34 92 47 55 50 91 6 69 72 67 99 2 4 81
65 20 92 57 76 1 1 23 49 49 85 90 52 13 36 25 26 19 92 3
14 34 67 93 75 33 42 58 34 66 51 2 58 35 96 21 66 28 28 14
92 98 84 59 53 54 43 67 70 60 75 8 4 12 9 80 22 37 98 75
73 77 55 40 60 70 40 81 8 91 99 68 96 43 18 42 5 1 94 39
54 4 31 71 25 99 68 83 10 53 75 32 61 36 76 38 69 23 44 58
62 37 16 79 82 82 47 34 66 47 90 39 89 30 5 32 4 64 10 97
71 17 87 58 5 41 12 79 99 77 48 5 26 39 66 33 72 94 28 66
73 89 22 59 79 84 40 15 22 12 7 26 26 30 48 67 37 64 1 9
35 42 79 25 24 88 74 77 26 50 92 96 16 35 86 28 26 34 18 47
35 50 39 22 25 78 52 82 70 44 29 35 100 3 25 44 68 100 46 87
7 32 23 25 88 28 13 16 67 55 41 92 88 8 32 17 66 19 45 33
56 5 8 22 54 86 7 8 74 9 44 68 53 90 22 75 78 48 46 36
7 43 10 30 4 3 81 1 76 19 74 12 44 83 27 42 70 95 4 8
71 91 28 32 58 18 18 55 59 64 52 13 87 89 100 13 82 51 22 92
40 50 81 96 34 5 82 34 74 64 39 70 24 67 91 92 32 66 11 5
37 72 70 49 23 84 40 8 15 69 59 27 93 12 68 68 56 34 41 2
41 11 11 44 22 85 20 44 68 38 55 77 88 26 82 27 49 79 99 87
28 83 99 84 69 73 7 12 54 56 53 35 69 26 99 36 51 30 56 27
73 43 28 59 86 5 22 74 50 58 99 37 19 29 65 41 64 56 26 2
66 54 56 4 81 38 13 41 13 3 76 90 18 60 10 32 58 47 38 76
34 62 13 86 46 40 56 54 34 41 14 5 81 37 67 65 2 18 60 58
41 42 52 22 37 3 89 70 7 53 63 77 91 35 35 58 86 29 51 33
96 51 7 63 3 67 92 88 16 52 1 48 82 57 76 21 4 29 83 98
1 56 18 87 68 47 47 92 54 75 80 97 54 38 8 8 87 80 58 3
38 94 6 12 70 74 27 9 14 22 11 58 23 25 53 49 49 44 98 3
62 18 18 47 29 13 83 80 34 38 85 97 69 5 86 5 64 68 54 10
36 77 62 81 20 80 11 44 32 60 31 40 78 69 40 61 53 99 86 86
72 71 66 60 75 49 26 32 100 22 60 44 56 49 98 24 56 45 40 3
19 56 24 98 17 80 18 65 84 90 8 63 3 46 48 97 86 86 39 94
19 76 15 35 68 82 12 24 99 57 100 65 94 12 50 48 67 23 46 59
100 95 21 88 42 25 31 66 85 45 9 44 28 81 67 47 5 47 29 80
19 56 27 36 8 95 69 92 28 45 35 3 36 97 20 19 2 41 32 31
61 95 25 98 96 79 5 14 69 2 89 14 84 40 56 33 63 78 67 55
32 73 68 94 87 9 74 99 22 33 6 23 11 81 82 11 21 58 75 99
