50 20
13 7 0 12 14 17 10 19 11 2 9 4 8 5 15 6 18 3 16 1
0 18 2 4 15 13 7 11 1 17 8 3 6 10 19 5 16 9 14 12
19 5 8 6 1 17 15 9 13 7 2 4 16 11 10 3 18 12 14 0
14 17 13 0 19 15 10 11 12 9 3 1 7 16 6 5 4 18 2 8
2 0 1 3 6 7 5 9 15 11 13 17 18 8 12 10 4 19 14 16
12 19 10 4 8 2 0 9 7 11 6 17 15 5 18 1 13 14 16 3
6 18 11 15 12 5 0 13 17 9 16 4 14 2 3 8 1 7 10 19
11 10 3 18 1 13 9 19 14 0 17 5 7 16 8 12 4 15 2 6
11 10 9 5 1 17 13 12 14 6 8 15 16 3 4 19 7 0 18 2
15 18 3 8 12 0 16 10 9 5 4 7 11 6 13 19 1 2 14 17
4 17 9 5 14 15 11 2 3 13 16 1 19 7 8 6 0 10 12 18
12 9 8 16 3 10 5 15 2 7 17 14 13 19 11 1 0 6 18 4
19 11 8 0 16 9 4 1 14 18 17 15 10 5 13 2 3 7 6 12
16 13 1 5 18 15 8 4 12 9 10 14 19 3 2 11 6 17 7 0
16 14 17 19 2 12 3 1 13 4 7 6 0 8 9 11 18 5 10 15
3 16 15 13 1 11 7 2 17 19 0 4 9 18 12 8 10 6 14 5
1 17 11 10 6 8 2 12 0 4 19 15 3 16 7 5 14 18 9 13
0 5 19 15 1 13 11 7 8 18 9 2 17 14 12 4 16 10 6 3
9 8 0 5 15 4 1 7 13 14 16 12 3 18 2 11 19 10 6 17
18 2 8 12 13 6 19 10 1 4 3 17 15 16 7 5 9 14 0 11
8 13 4 0 15 14 17 16 18 6 7 9 3 12 10 19 1 2 5 11
18 3 6 19 14 5 11 1 4 10 12 13 0 7 8 2 16 17 9 15
18 5 17 11 19 15 0 8 7 16 10 6 9 3 1 4 13 14 12 2
0 19 5 4 17 1 2 13 12 6 14 3 16 18 10 7 11 9 8 15
4 7 19 3 15 17 2 12 14 8 5 16 11 0 9 1 10 6 18 13
10 5 2 3 6 7 16 11 1 14 4 9 19 18 15 17 0 8 13 12
19 10 3 1 9 4 5 16 11 8 12 13 7 2 14 17 6 18 15 0
2 17 0 4 5 18 1 19 12 10 3 9 14 6 8 7 15 11 16 13
12 5 4 18 1 17 7 11 0 15 9 14 10 3 8 16 19 13 2 6
3 5 10 18 13 16 19 0 15 2 12 1 14 6 17 9 11 7 8 4
12 19 15 11 13 8 1 9 17 2 18 4 0 3 16 6 14 5 10 7
5 3 10 11 7 2 13 16 18 8 1 6 19 9 0 15 17 4 14 12
4 14 1 13 17 2 19 7 6 12 8 5 0 18 11 9 16 10 3 15
13 18 11 8 4 7 14 15 12 3 16 9 6 0 5 17 10 1 2 19
17 0 19 11 1 10 7 6 9 2 18 12 16 3 13 5 4 14 8 15
16 6 9 4 18 12 11 7 14 8 17 10 5 15 1 2 3 19 0 13
0 15 2 12 3 5 7 16 17 11 10 4 8 18 14 19 6 13 1 9
17 18 16 7 8 10 1 13 4 12 5 0 9 19 11 6 15 3 14 2
18 4 19 8 13 7 3 14 0 10 9 6 12 1 11 17 5 15 16 2
14 13 2 8 6 1 17 10 7 16 4 18 12 3 11 5 9 19 0 15
18 8 9 1 16 10 17 0 12 2 15 19 6 13 11 3 5 7 4 14
8 16 0 1 12 10 9 15 5 18 11 7 4 3 2 17 14 13 19 6
3 5 9 14 8 17 13 11 15 16 4 10 19 12 2 1 0 6 7 18
3 8 11 14 12 1 9 5 7 10 19 16 4 18 17 0 2 13 15 6
0 4 17 15 13 11 7 16 9 6 14 8 10 5 2 12 3 1 19 18
9 8 16 15 14 2 7 10 13 0 6 17 12 4 3 11 19 18 5 1
4 7 12 16 10 17 11 9 15 6 13 19 1 5 0 18 3 2 14 8
15 5 0 14 12 11 18 16 19 1 17 3 13 9 10 4 8 7 6 2
10 5 8 17 15 1 0 18 9 13 16 11 7 19 2 6 3 14 4 12
12 14 5 9 10 0 19 2 7 6 1 13 16 8 11 17 15 3 4 18
40 3 73 80 26 10 26 15 70 59 50 94 10 13 54 3 13 75 94 55
14 71 91 59 1 59 62 77 16 67 62 65 64 48 55 70 24 1 32 12
40 87 98 6 10 27 40 88 97 54 13 60 9 60 65 58 85 3 23 56
82 6 73 70 76 46 33 27 34 66 41 8 4 100 36 84 27 9 26 38
29 20 6 59 15 66 76 13 34 92 60 90 49 88 42 43 48 24 57 43
51 5 22 22 61 85 92 71 14 91 77 66 12 5 76 56 6 92 88 18
75 29 46 95 14 87 31 34 18 45 59 72 29 72 58 39 8 75 57 16
14 52 54 82 18 89 69 30 20 59 24 92 78 62 12 36 97 52 57 76
3 35 79 63 77 43 32 40 24 100 10 70 39 4 16 10 7 86 100 12
24 15 82 44 63 46 33 92 81 60 14 70 82 74 27 5 77 22 35 97
25 33 14 22 83 63 68 65 54 27 69 10 77 68 56 45 78 25 41 67
75 33 67 86 73 36 100 58 50 97 74 41 13 62 17 70 69 51 20 7
85 62 21 43 63 57 20 36 17 37 43 40 67 63 50 38 79 52 50 86
69 52 53 59 62 97 9 9 98 75 46 47 20 26 37 20 47 35 67 49
80 75 28 47 18 71 80 52 57 34 87 41 23 71 90 69 32 63 85 4
57 95 5 36 46 33 75 39 91 36 34 85 18 71 10 47 80 65 47 2
59 59 96 77 20 13 34 95 56 52 88 98 93 56 76 22 97 15 15 44
64 84 98 2 69 15 80 84 17 53 81 99 53 67 6 68 88 12 66 11
61 60 90 75 80 29 96 58 14 83 4 63 32 84 93 68 20 85 48 47
41 73 18 68 96 16 79 62 29 62 47 3 22 74 25 11 51 51 54 1
87 57 35 48 14 14 41 96 39 18 12 33 96 26 40 96 15 72 15 71
90 13 7 95 25 2 27 70 77 19 40 37 57 48 85 71 38 46 35 27
75 94 19 76 39 23 16 42 20 65 37 59 17 98 17 17 26 51 64 43
75 53 25 76 14 83 38 18 39 100 41 44 22 30 13 78 27 32 69 56
45 1 89 59 32 90 43 99 82 17 75 85 38 94 49 94 45 87 77 18
52 82 81 24 28 45 18 23 35 53 79 81 86 14 44 66 10 32 94 9
29 24 100 84 28 18 40 58 2 35 67 89 18 61 36 12 86 19 38 92
98 88 100 17 35 19 46 88 39 11 68 43 59 57 23 21 93 96 66 34
6 17 33 87 55 14 19 96 53 56 43 84 68 48 70 16 2 62 37 94
14 2 58 83 59 57 49 9 9 35 75 21 91 59 9 58 10 44 39 57
56 73 27 21 58 79 70 49 71 41 92 68 54 16 73 44 80 76 44 57
3 35 44 60 61 48 18 39 58 59 88 80 43 86 89 32 41 43 17 90
98 21 17 52 77 72 31 34 41 78 17 5 72 76 91 1 62 64 1 60
91 24 93 78 28 17 30 51 14 34 60 32 21 53 81 68 31 90 68 61
50 99 92 42 68 50 38 51 99 44 85 72 29 57 86 70 48 52 98 74
93 21 54 91 68 8 62 27 90 36 46 100 86 48 74 34 97 79 100 75
54 33 94 39 90 78 91 53 50 23 8 83 16 70 1 28 75 96 18 41
15 15 65 60 35 41 32 98 44 51 92 68 53 34 54 73 73 19 51 37
96 74 65 68 21 44 6 65 60 84 33 21 19 30 13 73 83 82 75 99
74 82 96 81 56 68 55 84 55 17 98 5 1 89 100 91 74 84 72 34
49 71 32 76 68 97 89 84 71 90 6 80 34 27 6 40 36 80 75 65
17 1 73 75 71 42 55 99 92 56 48 33 98 3 59 94 19 40 55 78
74 87 90 10 29 76 50 34 5 100 100 87 29 39 3 48 75 36 37 5
58 4 43 34 76 74 23 34 97 29 58 40 2 92 43 99 21 69 86 71
85 57 61 53 7 91 57 100 60 85 37 32 1 96 34 74 10 92 52 71
97 51 6 19 68 52 99 25 4 4 73 12 25 41 19 81 73 89 81 5
96 12 59 55 19 17 91 13 38 95 63 12 60 20 64 56 77 63 63 49
8 63 62 70 15 84 90 40 11 71 46 88 98 31 33 86 19 100 11 40
51 59 89 70 1 26 65 75 91 83 60 94 59 16 45 2 74 7 65 95
10 11 67 11 6 17 74 38 53 90 26 18 97 18 34 95 85 56 45 32
