50 20
9 12 14 16 18 17 19 7 15 2 11 1 13 6 0 5 10 3 8 4
17 6 1 2 12 16 7 13 18 10 15 11 4 0 14 3 5 8 19 9
17 12 14 19 10 5 0 4 9 15 18 2 6 16 8 1 3 7 11 13
19 5 12 17 13 16 3 9 4 14 8 11 10 15 2 18 7 6 0 1
12 8 16 14 3 2 7 5 18 13 15 0 1 17 10 4 19 11 6 9
8 14 19 16 3 11 10 17 15 0 7 4 5 13 9 2 12 18 6 1
6 9 17 16 10 1 12 14 5 13 18 19 4 2 8 7 15 3 0 11
16 6 3 17 0 9 12 1 11 2 8 10 18 13 5 19 15 7 14 4
11 12 13 19 5 6 3 9 15 0 7 14 17 18 1 16 8 4 2 10
1 7 5 17 0 6 16 10 8 18 4 13 11 15 19 3 9 2 14 12
2 11 12 4 15 0 5 6 10 7 14 17 19 18 9 13 8 3 1 16
13 15 6 10 3 7 2 9 18 11 12 4 0 8 19 14 1 16 5 17
16 3 19 0 12 6 13 7 1 5 4 8 10 11 15 18 9 2 14 17
18 3 14 9 5 12 6 2 7 16 11 8 15 13 0 1 10 4 17 19
3 1 2 18 16 6 9 15 13 10 7 11 4 12 5 17 14 19 8 0
19 13 15 14 16 11 4 12 9 17 8 5 1 6 7 3 10 0 2 18
17 4 7 15 1 0 19 14 10 3 11 13 12 9 8 6 16 18 5 2
17 15 10 2 4 6 11 9 3 18 13 14 12 0 16 19 8 7 1 5
19 1 6 11 13 5 10 18 8 9 3 7 15 16 0 2 12 17 14 4
16 5 14 4 19 12 2 18 3 17 0 11 9 15 10 8 1 13 7 6
2 13 14 18 11 10 9 6 5 0 3 8 16 17 19 12 4 7 15 1
8 19 6 3 11 0 14 16 12 9 17 15 18 4 2 7 1 10 13 5
18 14 0 10 13 2 19 8 11 5 6 17 3 7 9 1 16 15 12 4
2 4 9 15 18 12 8 1 19 10 13 0 17 5 7 14 11 16 3 6
1 14 19 15 17 5 18 12 0 7 6 3 16 10 13 2 8 11 9 4
1 6 0 17 8 7 3 14 19 10 16 11 18 15 2 9 4 12 13 5
17 6 5 15 0 11 9 10 12 19 7 3 16 1 13 8 4 2 18 14
8 13 14 2 15 7 9 12 3 17 16 6 0 10 11 5 18 19 4 1
7 19 14 6 8 3 13 17 15 4 0 10 16 2 9 5 18 11 12 1
13 12 17 18 8 10 0 3 7 16 11 1 6 4 15 14 5 19 2 9
1 3 6 2 8 18 10 4 13 5 11 12 7 19 9 15 17 14 0 16
7 0 19 17 12 3 16 1 2 8 11 13 5 14 10 15 6 18 4 9
8 14 2 17 4 19 18 12 7 15 16 5 11 13 3 0 1 6 10 9
18 15 10 2 4 6 3 17 1 19 0 5 14 7 16 13 8 12 9 11
6 17 8 12 10 11 4 9 18 14 13 1 15 0 2 7 19 3 5 16
5 3 11 2 13 10 8 0 17 1 4 19 12 16 6 7 15 9 18 14
5 2 4 15 3 1 0 14 16 13 8 9 11 7 10 12 18 17 6 19
13 1 15 12 8 14 17 18 19 11 5 2 16 10 4 3 7 0 9 6
13 11 5 10 15 1 7 16 4 8 12 2 19 14 0 18 17 6 9 3
19 1 4 13 5 7 14 3 9 11 10 12 2 18 6 8 15 17 16 0
18 8 13 16 2 6 17 11 15 4 14 5 7 9 3 0 19 1 10 12
17 0 1 6 18 7 16 15 3 10 11 12 9 19 14 2 4 13 5 8
14 0 8 7 4 15 17 6 11 19 12 9 13 5 2 1 3 10 16 18
9 6 19 1 5 16 0 17 18 2 10 11 13 12 4 3 8 7 14 15
2 5 12 6 8 9 18 1 10 11 14 13 3 15 4 17 16 19 7 0
18 17 19 4 11 9 14 10 0 2 13 5 1 16 7 12 6 8 15 3
15 8 1 17 2 6 9 13 19 4 7 5 11 12 16 0 14 3 18 10
18 8 11 19 13 12 15 16 7 1 17 4 14 6 5 9 2 3 0 10
16 12 18 19 1 5 14 8 10 3 13 15 11 7 9 6 17 4 2 0
2 19 17 4 9 6 0 11 16 12 13 5 18 10 3 7 15 8 1 14
81 88 43 43 55 12 81 67 63 52 11 27 74 32 5 26 13 11 25 33
89 83 43 77 93 58 20 82 36 72 56 21 22 52 91 16 89 17 100 75
86 22 16 59 72 43 2 10 74 96 14 12 43 33 83 11 85 100 39 85
31 26 29 13 39 17 72 50 18 83 11 58 63 1 23 25 82 40 52 13
74 61 28 2 90 94 68 9 97 71 80 44 92 2 23 36 38 78 13 1
100 59 12 75 63 41 30 100 26 38 58 44 49 27 80 7 45 18 12 96
32 51 50 89 69 90 38 65 78 84 92 38 80 98 99 11 84 64 35 46
28 70 65 91 40 61 81 23 18 17 36 4 73 86 10 100 22 44 36 32
91 40 65 71 54 22 59 57 88 100 67 62 20 23 25 26 38 16 25 58
96 24 72 74 48 38 20 2 43 49 19 37 66 94 17 66 9 23 77 65
91 77 73 96 81 39 21 32 36 30 16 13 71 89 69 76 58 56 43 31
2 8 74 95 99 23 21 30 82 10 94 57 54 6 1 78 97 28 50 70
46 24 85 26 24 29 38 1 16 7 29 55 65 82 78 49 86 36 79 44
98 38 13 22 71 39 60 27 11 16 20 4 80 20 66 97 46 40 47 96
54 36 59 80 36 11 83 55 91 10 4 51 98 3 34 95 2 100 88 68
45 48 72 9 91 67 16 92 9 32 33 75 58 60 64 6 6 97 84 60
94 41 57 64 1 39 78 16 47 95 26 37 99 19 77 75 92 74 94 68
56 32 37 100 43 40 32 45 63 55 86 9 27 27 28 93 64 60 84 42
6 29 16 85 3 18 10 29 50 68 4 71 44 27 33 83 93 72 36 41
80 51 61 23 35 17 10 89 20 6 18 96 30 16 76 4 28 12 43 31
81 95 29 73 89 82 95 65 78 91 32 41 13 70 3 25 1 65 6 44
37 2 86 84 28 49 72 16 27 12 57 52 62 80 65 54 27 18 12 67
32 17 4 14 88 17 34 61 56 72 73 33 22 100 100 60 100 24 18 6
72 17 26 41 79 96 82 85 56 80 25 96 96 87 21 45 6 88 72 74
51 11 92 65 61 41 73 27 87 65 57 85 13 52 12 78 89 14 75 71
43 15 1 37 63 18 44 61 28 74 93 71 48 96 74 39 29 74 43 38
36 20 5 67 22 43 81 88 5 81 33 88 4 33 55 87 64 6 81 94
66 16 40 77 79 70 53 16 29 14 9 21 96 5 53 91 90 50 4 90
80 32 16 93 15 21 35 12 30 36 91 59 84 39 88 40 32 11 35 5
89 34 52 28 58 55 91 96 97 41 86 39 49 2 46 76 61 21 95 47
62 65 81 89 45 17 70 57 23 19 17 75 15 3 63 81 33 38 33 81
55 2 71 91 6 35 49 74 93 88 72 46 7 99 11 58 23 13 57 33
61 54 4 11 39 59 51 68 11 94 67 40 28 91 44 30 59 13 40 88
55 39 35 56 87 60 98 51 79 26 8 5 53 8 75 36 68 8 75 99
85 2 52 14 60 66 17 56 48 65 24 14 100 47 48 67 90 39 97 47
7 16 27 81 52 22 55 82 15 34 98 19 34 45 15 88 31 85 39 86
31 27 89 75 51 84 81 31 89 22 75 87 94 83 65 21 32 52 11 74
47 23 63 85 10 55 91 85 48 1 15 100 85 94 76 9 34 66 80 72
18 24 40 15 87 11 100 71 77 100 93 46 5 12 89 15 49 49 40 10
95 49 5 61 13 84 90 92 51 11 16 71 68 91 91 6 91 30 31 30
57 45 91 63 56 67 46 25 74 51 35 82 77 50 48 13 37 95 65 22
78 73 90 22 90 51 58 96 18 11 73 19 84 38 56 97 94 71 51 42
66 32 50 13 12 6 51 49 86 34 71 17 40 55 15 58 94 91 21 50
14 5 18 96 2 47 38 4 78 97 61 28 33 86 22 88 62 58 24 47
70 55 62 15 61 69 81 10 73 8 29 28 28 91 27 100 5 78 71 49
49 42 54 30 90 89 7 94 86 79 72 45 22 8 41 13 65 93 79 3
59 77 28 79 93 37 16 15 96 24 88 62 57 65 60 33 18 77 3 68
38 10 39 83 25 90 74 3 30 21 98 22 64 11 68 39 64 11 11 41
59 54 68 87 32 60 66 63 63 15 81 72 24 97 20 19 63 27 92 78
90 19 72 20 75 40 4 3 77 24 9 39 20 36 3 14 85 87 74 10
