50 20
17 10 7 0 3 12 14 19 16 11 13 5 18 4 1 2 6 9 8 15
18 13 6 7 15 5 17 2 1 8 10 0 19 11 14 9 12 3 4 16
9 10 4 6 13 0 14 5 17 8 19 18 12 3 2 7 1 16 11 15
2 14 7 13 10 19 5 12 15 8 18 17 9 16 4 6 11 1 0 3
15 14 5 17 1 12 9 6 19 13 16 4 2 18 10 0 8 11 7 3
19 15 18 10 1 4 2 3 13 14 8 12 9 16 7 17 0 5 6 11
0 11 6 3 16 5 14 18 10 12 15 8 19 9 13 17 4 1 2 7
14 12 5 0 8 3 9 16 6 2 10 13 15 4 1 11 18 7 17 19
4 18 2 13 9 6 11 15 3 14 16 7 12 0 10 5 1 17 19 8
12 18 6 3 2 8 15 14 1 17 16 11 10 13 7 9 0 5 4 19
9 0 11 5 4 8 7 17 3 6 14 19 1 2 15 16 13 10 12 18
7 16 19 1 4 2 13 5 10 18 12 14 6 11 8 17 3 15 9 0
5 14 15 19 9 1 10 13 12 0 3 7 11 18 2 4 6 8 17 16
0 17 2 12 10 14 15 11 9 19 6 7 5 18 13 3 1 4 16 8
1 0 18 14 6 3 19 12 10 13 17 7 11 9 4 16 5 8 2 15
19 4 8 12 16 0 10 18 2 6 14 3 5 1 17 13 7 11 15 9
19 8 15 14 1 5 2 7 18 6 9 13 11 10 4 3 12 16 0 17
6 16 1 17 5 18 11 3 2 14 12 9 10 15 13 8 19 4 0 7
13 14 18 11 8 19 15 2 17 6 4 10 5 16 12 3 0 9 1 7
16 6 15 18 14 19 17 9 3 13 8 1 4 7 12 0 10 11 2 5
10 12 6 17 9 18 3 7 2 1 16 8 19 14 0 4 15 11 5 13
17 5 3 15 4 9 13 16 11 10 8 6 19 18 2 1 0 14 7 12
19 10 13 1 3 4 5 16 6 8 0 12 11 18 2 7 9 17 14 15
14 16 0 18 3 10 4 17 19 8 9 7 11 1 5 13 12 2 15 6
7 3 8 9 2 12 5 18 0 10 6 15 13 16 11 19 4 1 17 14
11 19 5 10 18 9 15 13 4 8 12 6 3 14 0 1 16 7 17 2
11 8 13 18 1 15 14 2 16 4 9 5 3 12 6 7 19 17 10 0
11 2 13 9 7 6 4 15 5 1 16 18 17 0 8 14 10 12 19 3
7 10 4 11 1 14 3 0 8 15 16 2 19 6 13 18 17 5 12 9
4 18 3 8 16 17 6 5 13 0 10 7 11 1 12 19 14 2 15 9
3 14 19 12 18 10 16 15 17 0 4 5 8 2 7 6 1 11 9 13
6 16 10 3 0 14 12 5 11 1 17 19 18 7 9 2 8 4 15 13
4 18 14 11 5 1 17 6 7 8 13 0 10 2 15 3 16 19 12 9
0 12 13 9 3 16 19 17 5 15 7 1 2 18 10 8 4 6 11 14
19 7 16 11 1 10 6 8 14 9 13 0 3 15 18 12 4 5 2 17
8 2 1 0 10 15 14 7 17 18 11 4 19 13 6 3 12 5 16 9
0 8 18 5 15 13 16 9 14 4 2 6 1 3 17 7 10 11 12 19
13 16 14 6 1 11 17 9 15 18 10 2 4 19 8 0 3 5 7 12
10 19 15 14 7 8 16 13 6 12 5 0 4 3 1 2 9 17 11 18
18 1 10 17 5 14 12 19 15 8 11 3 2 7 6 4 13 0 9 16
3 19 11 18 4 5 10 13 8 15 6 14 12 7 2 0 16 9 17 1
19 15 12 4 14 7 6 17 8 9 5 2 11 0 18 1 10 3 16 13
2 17 12 1 14 13 16 4 19 3 6 18 11 8 0 9 5 7 15 10
0 14 6 9 3 12 19 8 13 5 10 17 4 1 15 18 2 7 16 11
12 5 18 2 4 15 13 14 7 0 10 17 9 8 3 11 19 1 16 6
11 4 15 17 16 10 3 14 13 19 8 5 2 6 18 12 9 0 1 7
9 3 10 0 6 11 17 12 19 5 18 2 14 1 15 13 7 4 8 16
17 4 8 9 2 7 18 15 13 6 11 10 1 16 0 12 5 14 3 19
17 9 5 14 12 8 2 0 4 1 19 18 15 13 10 16 6 11 3 7
4 11 19 7 18 6 13 3 17 9 16 1 15 5 12 0 10 2 8 14
79 55 100 54 95 7 85 57 45 2 83 62 33 18 79 44 79 84 30 91
23 84 2 58 100 20 45 74 74 54 9 40 57 60 46 2 47 21 34 23
39 33 72 90 89 11 39 59 60 37 66 16 75 3 37 28 99 62 71 70
80 25 30 49 25 96 43 50 9 45 6 24 9 11 38 30 18 60 78 62
73 89 8 30 16 61 78 79 78 90 11 32 56 41 40 6 17 14 52 12
47 43 82 65 27 51 90 25 21 2 45 31 67 26 93 42 49 61 44 9
92 68 70 49 44 80 9 64 45 47 96 62 39 63 25 79 84 29 68 94
68 60 69 6 98 8 58 31 34 13 15 20 100 32 39 71 91 73 56 80
96 30 4 69 33 64 44 94 1 55 81 11 69 3 48 37 87 13 16 23
95 95 26 76 43 34 25 100 53 65 59 69 18 9 56 84 56 51 82 87
35 43 12 13 10 64 22 54 4 67 72 2 2 83 83 24 33 65 92 63
2 88 77 85 58 3 55 22 100 87 65 49 8 29 93 86 69 54 71 6
96 62 93 35 31 40 60 80 67 54 7 63 49 57 76 85 97 27 13 39
9 91 60 82 34 56 64 91 87 90 5 66 5 71 99 89 64 95 89 1
59 82 32 61 3 54 28 77 6 75 94 49 69 42 90 12 66 34 73 92
63 8 8 57 19 16 63 55 5 99 15 32 55 45 50 67 61 57 86 84
72 63 94 14 43 10 16 54 60 59 25 22 18 9 86 94 72 73 91 94
10 13 24 95 85 24 65 27 39 73 7 44 10 21 94 14 3 70 97 24
81 50 31 52 79 93 92 8 2 57 34 31 77 17 24 74 15 63 90 85
32 76 32 66 65 67 18 93 82 30 60 21 66 17 73 16 56 79 100 32
40 99 39 33 15 51 41 77 80 92 73 91 27 80 60 87 59 13 84 22
41 30 80 29 27 80 22 23 13 83 91 29 76 9 91 5 44 62 72 16
76 27 70 73 17 81 64 83 30 85 10 90 47 80 27 39 55 88 10 93
41 33 98 32 46 63 21 8 45 71 23 100 67 76 44 88 85 95 53 15
8 48 18 38 1 75 59 98 61 61 9 5 21 53 17 72 72 59 28 80
74 36 30 34 98 57 66 29 64 19 32 22 62 11 45 64 84 69 93 91
30 86 16 96 9 14 28 18 42 2 24 29 38 39 64 74 22 82 17 99
89 78 96 2 64 31 97 9 84 9 70 13 87 5 11 68 78 87 16 36
17 90 60 65 58 28 32 57 62 26 54 21 81 76 42 54 46 35 27 52
91 45 8 9 71 57 6 38 19 83 1 10 69 2 17 27 32 80 88 86
68 51 86 70 95 59 50 59 95 25 89 21 57 19 94 58 29 9 66 23
53 21 21 44 18 50 82 94 65 24 24 18 68 31 15 45 100 1 60 66
47 45 45 11 26 50 61 92 23 84 86 38 58 19 60 14 7 46 7 31
42 50 26 50 82 99 35 64 31 55 42 62 2 82 77 99 34 19 54 30
29 42 40 25 15 36 16 8 19 95 74 51 85 66 94 82 12 95 29 78
55 98 62 32 63 57 5 13 41 37 28 69 99 62 61 56 64 87 59 22
51 1 38 55 17 99 58 84 93 38 2 33 32 58 54 22 63 81 81 36
42 15 92 52 9 11 38 47 30 2 31 42 7 41 61 95 68 78 57 24
4 83 32 38 5 64 82 49 65 29 24 73 41 47 32 71 7 25 26 46
81 51 76 3 29 11 96 30 47 75 59 82 99 75 94 83 2 20 70 52
37 65 36 60 72 59 68 42 22 76 12 25 42 93 56 96 42 24 48 19
56 16 90 13 55 50 73 2 88 18 53 1 8 99 42 88 76 36 60 90
35 75 52 93 50 64 63 76 66 62 83 2 16 25 70 9 77 36 52 63
98 96 92 11 29 35 54 76 92 81 41 44 96 25 67 64 12 18 2 78
10 4 55 22 43 59 71 96 80 64 88 34 90 49 85 98 89 16 79 69
36 44 30 97 77 2 82 36 17 89 29 79 65 27 86 16 58 69 34 33
71 53 87 82 48 18 4 25 29 36 16 59 60 12 8 58 44 77 56 69
93 100 30 5 73 8 20 14 34 74 15 42 7 36 32 86 24 3 11 35
83 44 41 100 3 56 88 58 39 62 84 29 83 56 32 62 32 25 6 41
66 78 70 58 96 83 4 10 44 22 38 94 4 34 10 77 80 83 89 83
