50 20
11 5 3 12 15 18 4 14 7 1 2 10 13 16 19 8 6 0 9 17
13 6 7 11 14 19 10 0 12 5 3 2 1 8 17 16 18 4 9 15
0 1 8 2 15 11 13 4 14 17 7 12 3 10 6 9 16 18 19 5
16 15 3 10 18 8 6 11 4 5 19 7 9 13 2 0 14 1 17 12
6 12 17 4 3 8 16 13 2 9 11 7 5 1 18 14 15 0 19 10
7 13 15 1 4 0 19 8 12 10 3 14 2 5 18 6 9 17 16 11
6 4 5 16 10 9 19 11 12 7 8 0 3 1 18 15 2 17 14 13
1 12 19 13 17 4 14 18 6 8 16 11 7 15 0 9 5 10 3 2
3 16 9 11 18 12 4 8 13 6 14 10 7 19 17 0 15 5 1 2
4 15 11 12 9 17 19 18 16 6 13 5 14 8 0 7 1 10 3 2
17 13 1 11 0 19 8 5 14 12 6 4 9 3 15 7 2 16 18 10
17 5 4 18 6 15 16 1 11 14 2 19 3 10 8 7 12 13 9 0
11 8 16 0 17 15 9 18 2 19 14 10 5 12 6 3 1 4 7 13
7 5 4 9 14 12 10 11 1 3 19 17 16 6 8 2 15 18 0 13
9 19 10 2 16 14 4 12 1 17 8 5 11 7 15 13 0 3 18 6
16 10 5 12 6 3 14 4 8 11 15 7 18 0 17 9 2 19 1 13
0 9 5 11 17 8 16 1 4 10 6 2 7 12 15 14 18 3 13 19
3 0 13 18 9 7 4 17 6 10 2 15 14 1 12 11 5 16 19 8
17 7 1 18 11 10 19 6 14 16 0 13 9 8 2 5 4 12 15 3
7 10 18 17 14 15 8 11 12 19 9 16 0 13 1 6 3 2 5 4
4 1 12 0 15 13 10 18 14 2 7 11 19 8 16 5 17 3 6 9
6 3 7 15 13 0 16 8 4 11 14 2 19 10 9 5 17 1 12 18
18 2 6 16 13 12 8 3 11 4 5 1 14 7 15 10 19 0 9 17
10 12 3 19 4 13 2 11 14 16 7 9 18 1 17 15 0 6 5 8
10 7 17 14 8 2 13 6 19 5 12 4 18 16 1 15 0 3 9 11
6 8 7 0 3 16 10 18 9 4 15 17 13 2 5 19 11 12 14 1
2 8 0 18 6 16 13 17 1 10 11 15 12 3 19 14 9 7 5 4
1 18 5 17 0 12 13 3 2 14 8 6 9 11 7 16 4 19 10 15
0 15 11 9 3 14 8 18 13 1 5 17 2 16 7 19 4 12 6 10
3 17 16 12 6 13 10 9 8 15 4 5 19 0 14 7 2 1 18 11
8 5 16 3 0 19 6 10 7 11 15 9 13 1 12 18 4 17 2 14
8 7 14 11 12 15 10 19 9 0 4 5 16 17 13 1 3 18 6 2
11 14 3 13 18 16 6 7 10 4 19 2 8 1 17 15 12 9 0 5
2 4 0 16 8 1 19 5 15 18 7 6 14 12 11 17 3 10 9 13
19 5 7 11 18 12 15 3 16 13 17 14 10 2 0 8 1 9 4 6
12 1 7 3 14 8 19 11 13 17 6 15 18 16 0 9 5 2 4 10
3 0 8 14 11 12 19 9 1 4 15 17 7 2 10 16 18 6 13 5
8 6 0 7 12 2 3 14 4 15 13 19 5 11 18 9 17 16 1 10
7 13 2 18 14 4 15 9 12 0 17 1 16 3 11 6 5 10 8 19
14 13 9 7 17 8 16 10 2 18 4 0 19 1 12 3 6 5 15 11
15 2 18 1 6 9 12 3 4 8 17 7 0 14 5 16 10 13 11 19
12 1 6 18 8 0 11 10 3 15 4 2 9 16 5 19 7 14 13 17
12 16 15 17 9 13 4 7 5 14 3 19 6 18 2 0 11 1 8 10
15 0 4 12 8 16 1 6 13 5 3 9 14 18 17 10 19 2 11 7
13 19 4 12 10 0 1 14 17 2 3 5 15 9 11 16 18 8 7 6
15 5 4 1 18 9 6 0 7 16 12 19 3 11 10 14 17 8 2 13
14 10 1 11 18 13 3 12 0 4 6 5 8 9 15 19 17 2 16 7
19 7 5 4 15 12 2 0 10 8 17 3 6 11 1 9 16 13 14 18
7 1 9 11 4 13 18 10 15 0 5 16 2 6 17 19 8 12 14 3
8 17 15 10 11 13 19 1 7 14 9 2 5 12 3 0 6 4 18 16
84 45 69 9 52 4 32 73 87 36 98 55 73 13 87 36 82 72 15 79
61 83 43 66 58 85 43 67 44 9 3 84 14 61 63 34 62 33 75 33
48 40 67 18 93 21 38 68 42 3 89 25 16 99 43 72 5 75 71 33
96 43 4 25 53 74 61 1 19 55 9 49 32 98 38 98 39 99 79 2
26 62 95 13 14 51 15 23 21 90 67 45 3 88 87 73 22 98 100 93
25 22 39 54 26 37 4 93 54 95 38 1 52 36 99 91 16 62 35 13
45 24 66 57 42 93 99 62 81 58 53 9 25 94 9 23 4 78 80 1
80 56 38 36 15 51 23 35 9 15 85 50 55 86 17 67 73 47 46 53
3 84 86 12 19 3 65 41 80 90 63 81 32 99 79 17 20 79 20 29
3 27 45 64 91 24 7 30 29 79 80 20 89 28 48 72 94 77 26 86
32 91 63 61 63 79 21 74 97 74 40 13 62 82 94 54 23 18 23 12
80 33 48 22 89 55 11 21 56 34 50 39 37 58 44 47 18 86 11 39
63 9 51 52 99 89 64 35 54 46 95 50 29 98 40 41 16 14 68 50
56 4 50 42 61 89 61 55 11 18 19 79 11 83 95 6 94 81 10 29
66 57 26 29 29 49 45 46 34 13 15 8 51 13 83 13 90 68 36 100
4 84 96 37 58 89 10 96 83 12 27 87 19 15 79 76 64 40 47 33
49 32 38 78 43 3 27 92 37 78 6 1 53 48 20 41 60 13 90 85
78 1 28 58 84 89 82 29 33 3 43 81 35 61 33 78 98 81 3 3
36 8 25 96 35 99 15 59 65 97 6 54 57 2 44 81 57 11 42 73
58 81 65 99 64 46 58 68 98 31 61 5 53 18 44 94 34 57 13 25
88 23 54 5 100 43 90 74 12 53 87 18 6 40 98 82 60 81 92 15
44 25 9 75 48 90 30 57 97 85 69 75 89 27 49 22 61 45 83 39
86 35 55 50 86 64 96 85 73 45 37 88 61 13 73 86 65 17 10 11
76 66 25 71 87 50 84 47 35 21 5 64 51 74 64 45 86 69 54 30
92 30 14 43 26 82 92 78 18 3 50 28 93 66 76 38 36 88 7 15
3 48 41 64 39 26 17 2 79 35 27 99 8 76 77 79 18 74 9 67
13 17 91 63 18 54 76 18 90 91 98 87 11 11 95 48 42 22 62 30
2 22 52 5 47 96 54 96 31 80 53 6 32 63 44 66 24 95 25 48
56 59 42 12 68 23 42 61 45 93 23 24 14 42 57 49 37 23 9 54
28 15 78 70 74 25 53 88 78 24 51 73 76 92 31 5 21 3 29 46
75 68 84 41 55 75 62 55 23 37 84 53 15 76 90 45 74 33 93 26
34 31 16 91 62 98 56 47 66 3 40 76 57 22 99 89 31 1 28 87
19 66 69 73 96 58 40 4 79 87 63 12 30 20 15 29 24 83 22 5
78 34 33 74 39 12 77 51 80 40 6 18 70 44 97 71 77 1 10 68
76 54 6 34 95 48 37 40 81 75 10 7 72 49 39 99 68 48 63 77
81 9 82 15 13 45 36 22 50 10 73 72 100 65 97 8 100 3 66 45
7 67 68 85 12 66 38 35 75 53 77 25 8 99 32 5 17 30 43 90
69 42 84 63 59 1 59 43 74 97 53 74 63 14 13 45 38 34 10 73
27 50 98 60 29 80 97 42 48 45 46 91 2 82 88 99 81 61 40 35
79 8 34 40 50 63 93 84 17 40 45 65 49 2 48 87 7 79 45 77
83 52 59 52 63 82 47 12 19 93 91 97 12 95 43 59 96 79 24 58
38 92 8 40 68 20 90 8 8 83 90 60 81 64 77 45 1 17 87 55
43 23 85 52 53 59 94 34 76 1 21 58 30 96 84 38 15 49 44 36
72 24 73 59 98 15 74 100 33 84 24 23 52 78 2 5 57 28 17 97
75 39 91 26 10 91 86 39 64 95 12 93 9 6 91 93 93 83 10 40
7 71 35 22 48 53 48 79 89 63 20 26 49 66 23 71 75 87 5 48
54 4 19 86 89 6 41 8 30 3 100 26 66 57 49 35 5 29 26 92
47 64 35 42 43 31 2 97 93 48 33 77 100 52 22 67 30 95 78 33
36 30 29 17 57 97 8 9 16 15 23 13 38 17 38 78 52 37 6 71
9 26 39 100 8 82 59 57 22 78 89 3 50 29 59 34 83 43 79 44
