50 20
19 14 10 3 17 12 18 16 8 5 1 13 11 0 15 7 9 4 6 2
6 15 12 18 19 17 9 11 10 4 7 2 3 5 8 16 1 13 0 14
19 15 14 18 11 12 2 5 10 7 13 16 3 0 6 4 9 17 1 8
8 11 4 1 13 12 14 10 19 17 6 5 2 9 16 3 18 15 0 7
11 9 13 4 15 8 0 7 17 2 14 5 18 19 3 12 10 16 6 1
1 14 9 7 6 15 4 19 12 8 10 11 13 17 18 16 0 5 3 2
14 15 11 13 19 1 16 4 7 5 0 3 12 17 10 2 9 18 6 8
17 5 6 16 3 15 8 4 19 11 10 14 12 0 9 2 18 13 7 1
13 15 17 2 12 10 5 16 6 14 7 9 3 1 4 8 18 11 0 19
10 11 13 0 3 1 16 15 9 2 14 12 8 7 6 4 18 19 17 5
10 15 13 2 8 9 1 0 17 11 5 16 12 18 4 6 3 19 7 14
17 0 16 8 10 3 15 18 7 5 9 2 4 19 11 6 1 13 14 12
8 5 0 10 7 12 11 3 16 19 9 13 4 14 18 15 17 6 1 2
18 14 12 15 11 7 6 16 10 3 17 0 19 13 8 5 4 2 1 9
2 1 4 19 16 10 6 0 5 11 3 8 7 12 15 9 18 13 17 14
13 5 11 0 19 6 10 8 4 3 14 9 1 2 7 12 16 18 15 17
15 17 16 2 10 18 7 4 9 8 5 0 11 3 14 12 1 19 13 6
9 4 0 16 18 3 6 2 7 11 15 5 13 19 12 8 14 1 17 10
4 12 17 9 16 18 13 1 3 6 5 14 0 15 19 11 8 2 7 10
2 13 14 5 15 1 9 3 16 4 8 12 10 17 11 7 19 0 18 6
3 5 10 19 13 14 17 4 9 11 8 12 16 6 15 18 0 1 7 2
18 16 2 1 13 15 0 17 3 11 12 14 9 5 6 19 8 4 10 7
11 13 18 4 19 0 14 2 7 1 15 9 6 17 10 5 8 12 3 16
6 14 10 7 18 12 3 11 15 4 13 1 0 19 8 2 5 16 17 9
3 17 9 0 19 6 13 14 12 2 5 8 16 18 11 1 4 7 10 15
1 13 14 19 11 2 9 15 0 18 17 5 6 16 12 10 4 7 8 3
1 3 8 4 9 5 6 10 12 2 19 18 16 15 13 0 14 17 11 7
7 9 13 5 18 3 11 4 2 16 8 15 1 19 10 17 14 6 12 0
17 0 19 12 18 14 3 2 10 1 15 5 9 7 4 13 16 11 8 6
15 17 9 7 18 6 14 5 4 16 1 3 12 2 11 0 13 8 19 10
12 16 19 4 8 1 18 5 0 17 13 3 7 11 15 14 6 2 10 9
10 16 14 15 13 4 5 12 17 8 0 1 19 7 9 6 3 11 18 2
16 2 0 19 15 14 3 1 8 10 11 5 9 4 17 18 6 7 13 12
7 9 4 13 2 19 18 0 17 6 10 12 14 5 1 3 8 11 15 16
9 8 12 15 6 16 11 10 18 2 13 1 5 0 4 14 17 19 3 7
2 15 16 12 0 8 10 19 13 4 6 11 18 5 17 7 3 9 14 1
6 16 5 19 4 15 18 0 13 9 17 10 1 8 14 7 3 11 2 12
12 9 19 5 13 1 14 7 16 0 3 17 10 11 4 6 18 15 8 2
18 16 0 3 14 15 13 10 6 12 1 5 9 7 19 2 8 4 11 17
19 2 6 1 8 5 15 18 11 0 10 13 14 12 4 16 9 3 17 7
12 7 6 0 11 10 15 16 14 8 18 19 1 9 2 3 13 17 5 4
17 13 6 12 18 1 2 7 19 5 10 14 16 11 4 8 15 0 9 3
15 2 17 10 4 16 13 12 6 8 5 3 14 0 18 19 11 1 9 7
5 2 12 13 9 11 18 10 14 8 15 3 7 6 16 4 0 19 17 1
12 3 7 9 1 13 0 8 14 10 2 18 6 17 11 16 19 15 4 5
14 10 15 12 7 3 8 4 5 1 6 16 19 18 13 17 9 2 0 11
8 16 0 15 5 12 6 17 2 3 4 7 19 10 18 9 1 11 14 13
17 14 19 0 2 9 12 15 13 4 1 18 10 8 5 7 16 3 11 6
15 2 16 0 17 6 19 9 13 11 1 7 10 12 18 5 8 3 14 4
18 12 15 9 6 7 5 17 1 4 10 8 0 14 2 16 11 19 3 13
70 97 17 68 2 63 94 99 26 37 26 58 11 43 16 5 68 15 94 21
30 37 43 11 32 85 52 38 55 90 9 62 2 24 58 21 90 12 8 17
68 74 66 30 29 50 49 75 93 48 25 66 17 78 88 45 83 48 18 80
11 92 65 100 27 17 100 89 75 34 62 88 47 49 12 99 5 78 24 1
3 71 9 17 45 11 94 16 65 29 87 44 97 82 10 40 76 24 30 65
72 66 4 97 23 14 12 88 93 82 29 49 73 61 7 82 83 67 17 58
69 16 4 68 48 98 100 57 18 33 39 38 90 89 31 1 90 58 20 20
73 3 73 64 51 33 92 93 19 45 45 68 14 45 49 78 26 88 95 13
11 71 79 3 45 54 26 87 89 23 16 81 95 10 69 91 21 52 99 11
94 35 43 16 68 96 19 45 63 18 72 55 86 12 46 53 92 14 29 19
90 11 58 98 25 12 4 36 46 53 13 99 55 66 28 9 61 86 6 90
39 6 88 34 85 8 64 20 12 52 27 28 81 6 39 7 58 45 10 1
59 40 91 3 56 39 42 27 25 98 57 56 54 87 57 26 69 90 94 94
24 11 18 14 57 81 39 93 98 2 48 60 80 100 20 51 31 2 44 80
98 28 6 40 89 51 4 59 16 14 43 38 38 59 86 50 2 68 9 1
94 2 84 86 95 27 37 96 90 39 35 87 19 75 32 89 23 99 89 72
37 96 66 64 95 95 2 18 75 84 16 65 74 72 93 55 32 42 51 12
20 7 64 59 16 98 87 81 99 86 84 68 19 57 33 70 29 59 91 32
39 8 19 22 5 91 55 61 56 8 79 56 43 62 89 36 86 80 94 57
87 100 91 79 94 41 67 13 2 51 53 52 3 87 77 13 10 30 81 100
42 27 92 79 92 27 16 19 73 20 82 92 55 48 70 77 13 90 27 13
40 70 64 93 18 26 15 84 84 100 73 8 55 65 46 21 6 47 28 41
71 85 43 31 26 11 53 64 2 44 10 44 7 54 85 78 28 42 29 89
78 37 18 16 20 40 34 57 69 11 43 60 37 83 33 49 96 71 60 19
3 4 52 87 79 26 31 61 21 90 67 35 21 26 14 67 40 5 53 6
34 25 6 51 83 1 27 95 63 93 33 50 69 50 32 88 24 14 44 25
38 63 38 65 100 86 86 74 63 43 49 88 31 47 46 11 27 25 39 93
31 71 27 45 28 93 88 44 61 39 80 30 79 77 73 79 20 31 64 47
19 65 36 28 73 51 92 15 64 11 54 47 93 80 10 1 1 96 26 76
29 87 72 87 76 64 22 30 35 75 86 48 4 59 22 12 16 49 1 68
4 34 88 47 63 62 43 89 58 80 94 25 82 56 49 38 71 34 32 56
91 1 51 11 64 43 22 77 60 94 77 92 24 36 76 94 97 53 14 2
52 32 41 98 49 41 80 16 68 33 91 85 47 22 27 46 53 37 58 84
76 52 18 25 21 24 56 52 94 31 28 85 2 53 3 41 56 65 41 33
33 7 96 98 23 3 14 92 98 89 77 94 25 78 61 16 49 67 98 95
45 85 48 60 88 29 23 46 82 25 20 29 95 96 21 25 71 54 48 67
61 39 11 57 14 49 19 54 71 76 24 25 76 91 82 59 47 1 66 51
70 38 71 88 55 18 9 86 43 34 12 26 17 28 8 39 7 70 41 18
8 75 26 35 22 27 31 66 36 81 46 61 31 81 31 43 88 39 61 81
85 98 80 9 27 6 22 23 87 66 39 66 75 38 92 5 99 64 14 57
6 93 16 78 87 20 88 20 42 91 91 66 67 44 19 84 8 71 61 31
78 19 40 55 19 21 21 21 13 6 9 13 85 66 85 83 44 60 19 81
21 38 50 7 17 10 39 64 78 68 34 22 92 15 78 89 25 62 43 20
91 54 28 72 1 10 65 59 98 3 18 24 78 95 19 81 96 91 49 96
85 21 6 97 49 7 23 1 86 93 38 58 7 85 64 19 21 73 29 82
96 81 62 25 44 88 10 48 47 20 37 99 61 80 75 81 96 55 5 65
3 6 34 34 77 86 68 40 18 78 16 90 76 73 56 21 80 51 81 40
96 87 19 79 97 40 48 50 30 81 54 17 50 11 32 43 27 32 48 34
1 55 19 54 16 28 4 26 52 68 22 57 20 59 71 73 25 57 42 7
13 32 55 91 34 1 85 100 76 29 21 100 89 100 37 73 68 51 83 79
