50 20
12 18 7 14 13 11 16 5 6 4 3 15 19 8 17 2 9 0 1 10
19 1 8 16 4 15 9 13 11 18 6 3 2 7 14 12 0 5 17 10
14 18 0 6 2 16 13 3 7 10 1 4 17 9 8 5 15 11 12 19
10 11 16 8 0 18 17 1 6 7 14 2 19 15 4 5 12 13 9 3
17 19 18 4 0 7 15 5 8 2 1 12 16 10 6 13 14 3 9 11
14 2 19 4 1 17 8 16 0 6 10 11 15 7 9 3 18 5 12 13
17 9 8 0 11 2 5 18 3 15 13 7 12 1 14 6 16 4 19 10
17 8 12 6 18 4 13 19 2 15 9 3 11 14 7 16 5 0 10 1
8 13 14 6 4 0 15 5 12 7 9 10 17 18 16 2 1 19 3 11
11 8 15 10 17 7 2 6 14 12 19 5 0 3 13 1 9 18 16 4
4 7 13 15 14 6 16 3 17 9 0 2 19 5 1 11 18 8 10 12
4 15 13 6 0 19 1 18 17 12 3 5 7 9 10 16 8 14 11 2
15 18 17 0 9 16 1 14 12 7 8 10 4 6 3 5 2 19 13 11
0 6 7 12 18 11 10 19 14 15 4 9 5 3 17 13 8 16 1 2
10 14 2 8 3 4 16 19 15 13 11 9 12 17 7 1 5 18 6 0
16 5 14 18 8 0 10 19 1 9 7 11 13 4 15 17 6 12 3 2
16 15 4 6 17 9 14 8 12 7 0 10 18 1 3 11 13 2 19 5
9 2 16 12 0 18 19 8 15 5 13 14 4 6 11 1 3 10 7 17
8 1 4 6 14 15 3 0 5 13 10 12 18 2 19 7 16 11 17 9
14 0 8 16 11 18 17 5 10 13 4 1 15 19 9 3 12 6 2 7
10 13 0 4 2 3 16 14 5 12 7 17 6 9 15 1 11 18 8 19
1 19 15 0 6 16 8 3 9 10 14 7 13 11 18 5 4 17 12 2
9 10 3 13 16 19 18 8 5 6 4 0 7 1 14 11 12 2 15 17
11 3 6 12 4 0 2 18 16 5 10 17 8 14 7 1 19 9 13 15
1 4 19 0 13 11 12 17 18 2 10 14 7 15 16 5 8 6 9 3
19 10 7 1 8 11 16 9 17 5 15 12 3 4 6 18 13 2 0 14
6 11 5 4 3 9 1 7 10 17 13 0 14 16 8 12 19 15 2 18
6 19 11 1 13 18 2 5 12 9 14 16 4 8 15 0 17 3 7 10
6 10 14 17 7 9 12 19 18 5 11 3 8 0 15 4 1 13 2 16
8 6 11 16 5 1 14 0 9 15 3 10 2 17 19 4 18 7 13 12
12 5 15 4 1 3 16 6 13 17 11 7 9 14 10 19 0 2 8 18
4 1 19 12 10 14 0 2 6 3 8 7 9 11 5 17 16 18 15 13
9 17 18 10 15 12 13 6 7 3 4 14 1 5 16 8 11 2 0 19
5 9 7 11 12 13 15 19 6 16 1 14 10 4 17 2 0 18 3 8
16 1 8 11 7 9 13 2 5 12 10 19 18 4 3 17 0 15 14 6
13 17 2 6 10 7 1 18 8 4 19 3 12 9 11 0 14 5 16 15
8 16 4 0 10 14 15 17 13 12 7 5 9 1 2 3 11 6 19 18
18 13 17 3 10 8 12 6 0 1 5 2 7 15 11 9 14 19 4 16
8 17 14 6 10 3 4 12 11 1 19 0 16 5 2 9 13 15 18 7
16 18 6 13 19 4 2 17 9 10 15 12 11 1 8 14 3 0 5 7
11 19 16 0 6 12 4 10 14 7 1 2 13 5 9 17 18 8 3 15
2 9 11 12 10 18 4 16 7 8 19 6 17 14 13 1 15 3 5 0
0 17 5 13 4 2 15 12 7 18 10 9 1 8 11 6 14 3 16 19
2 9 13 17 6 10 1 19 7 15 8 3 5 11 18 14 0 4 12 16
6 17 9 12 8 18 14 3 7 5 0 10 13 1 16 19 11 15 4 2
8 18 4 3 14 13 10 5 6 15 9 2 19 17 12 1 16 0 11 7
10 15 5 13 7 16 11 8 6 19 12 0 1 2 3 17 9 4 18 14
17 9 8 13 0 7 12 18 1 14 2 6 3 15 11 16 4 5 19 10
12 3 0 4 17 1 11 7 15 8 9 6 10 16 18 14 13 5 2 19
6 7 16 1 5 19 17 9 8 12 18 3 15 11 13 0 4 14 2 10
63 50 45 97 51 32 51 22 16 66 64 90 98 27 68 38 24 63 91 76
84 65 38 58 94 11 31 39 27 73 22 23 9 93 31 48 56 92 70 3
70 82 11 61 36 36 38 1 70 39 89 72 8 39 5 64 94 11 49 88
39 71 58 5 74 22 50 11 84 7 42 32 64 32 46 13 55 47 19 47
10 93 83 87 19 87 91 15 58 13 63 69 68 74 3 3 66 81 55 9
51 36 67 19 81 11 96 89 66 53 48 91 2 55 74 77 23 66 1 86
96 41 38 44 51 35 65 96 2 40 51 63 55 100 20 50 11 58 72 72
100 51 96 88 13 81 49 94 44 23 56 34 72 14 58 33 40 68 85 84
47 84 29 8 57 87 7 93 64 24 96 22 16 53 32 60 16 61 86 63
50 61 33 30 63 1 95 79 35 17 14 32 65 78 92 15 74 21 1 62
3 72 83 53 25 58 23 18 19 84 16 64 64 4 90 25 86 2 68 93
45 46 74 97 16 69 97 76 30 4 26 98 34 67 56 79 78 60 47 98
98 29 73 83 13 23 70 14 61 92 48 46 91 52 97 57 29 11 89 58
55 2 50 48 8 53 27 17 62 63 61 91 51 67 10 43 39 44 67 94
83 83 40 44 88 65 84 71 29 10 34 21 68 30 14 30 12 75 40 47
89 8 59 14 25 18 82 87 95 94 31 4 92 53 46 2 5 25 100 84
30 54 84 75 87 47 33 52 53 86 28 54 42 89 58 100 97 74 2 35
38 96 82 70 26 15 50 80 15 11 34 86 85 53 95 50 71 84 90 28
60 40 93 81 13 8 73 65 96 2 45 53 26 78 7 51 41 88 77 56
80 52 23 41 31 83 97 6 88 13 45 71 40 66 58 77 40 22 41 2
62 86 95 10 52 18 78 88 92 71 24 72 11 59 73 25 26 42 69 77
74 69 63 9 43 90 60 65 55 33 49 1 89 35 61 27 55 96 32 3
13 14 40 90 70 87 49 67 6 19 64 14 19 26 77 34 17 49 62 60
41 52 67 74 9 5 82 7 29 54 16 27 16 50 70 92 95 9 2 79
6 3 22 51 69 40 35 43 96 52 7 34 80 72 91 6 72 50 25 22
24 42 14 17 63 82 69 6 66 97 42 44 15 8 14 90 17 10 51 16
58 82 62 36 32 75 98 35 4 35 82 82 72 71 55 80 20 51 31 15
34 89 7 37 86 82 62 78 66 61 40 59 58 81 26 29 13 86 39 14
100 62 71 86 65 75 63 10 2 8 13 83 48 34 43 25 3 28 33 18
84 72 2 5 2 28 36 21 92 56 62 15 16 11 4 79 4 54 95 22
46 78 45 5 58 22 33 23 13 72 72 13 32 45 99 2 55 36 21 42
89 54 93 75 64 37 42 92 16 7 90 73 75 8 21 32 10 68 21 10
4 72 67 7 28 37 43 80 25 3 56 14 4 85 6 4 9 25 1 17
46 10 58 89 43 67 99 79 32 45 3 17 80 4 9 26 45 22 70 63
70 90 27 22 68 67 39 92 7 41 17 60 8 10 88 9 73 100 95 97
18 18 16 60 82 34 58 44 73 43 16 59 66 10 42 22 22 14 47 12
58 56 15 93 52 12 98 32 46 88 83 51 62 16 10 22 20 57 33 41
98 59 63 88 74 98 72 16 45 9 55 29 78 25 43 81 1 83 42 87
68 21 70 77 42 30 41 70 75 51 16 24 52 48 83 19 83 10 46 62
84 44 71 94 8 93 3 29 34 22 30 45 43 30 29 83 82 29 61 19
84 98 23 26 17 16 20 5 16 42 86 75 48 70 81 96 5 12 44 78
38 76 94 93 75 95 21 75 20 42 94 31 10 98 47 57 87 58 51 94
83 33 74 30 20 6 2 39 30 27 30 37 29 68 56 66 80 73 65 57
65 23 52 96 96 82 65 22 42 86 9 10 34 79 56 67 35 99 98 34
2 76 38 53 30 84 9 30 53 9 5 28 4 19 63 66 27 20 26 89
16 96 8 55 74 84 15 41 48 89 46 67 58 60 32 78 73 19 60 39
48 28 64 24 55 94 27 48 47 97 22 34 84 93 81 26 39 97 98 77
45 26 67 78 17 83 49 9 28 29 95 36 52 49 89 61 92 69 79 88
92 30 37 19 2 39 21 18 16 64 94 90 65 8 68 24 75 64 52 25
8 19 21 7 30 31 84 18 12 12 38 37 15 68 21 77 64 43 72 23
