50 20
17 14 1 18 7 10 13 2 5 4 16 9 11 15 3 19 0 12 8 6
11 3 9 13 8 19 0 14 2 7 5 17 18 4 16 10 12 15 6 1
18 0 5 15 9 10 4 1 16 2 13 11 19 12 8 6 14 3 7 17
9 8 7 13 12 0 6 1 16 15 5 2 19 10 4 11 18 17 14 3
3 17 16 2 13 10 19 4 18 12 8 6 9 0 5 14 7 15 1 11
6 18 16 2 13 0 9 12 15 8 11 14 19 5 17 7 10 4 3 1
13 2 12 8 3 18 16 0 19 9 7 1 17 15 5 14 6 11 10 4
10 5 12 18 0 19 13 9 7 15 4 16 2 17 1 3 8 11 14 6
6 5 18 14 0 8 16 17 15 2 13 4 3 1 19 10 11 9 12 7
5 18 1 15 8 17 7 11 2 19 10 13 16 4 6 3 0 14 9 12
14 1 7 0 3 13 18 15 12 10 5 4 6 19 17 2 16 8 9 11
7 4 13 5 2 10 0 18 3 9 11 12 16 15 14 19 1 6 17 8
2 1 7 14 3 10 18 9 4 17 11 5 0 19 6 15 16 8 13 12
11 10 18 12 6 13 5 14 4 17 1 2 0 9 7 8 16 15 19 3
4 3 9 15 0 7 13 19 6 5 17 18 12 2 10 14 16 8 1 11
6 10 2 19 15 9 1 12 17 8 18 3 7 0 13 14 16 5 4 11
0 17 11 16 14 4 7 2 15 3 19 1 10 9 13 8 12 6 18 5
0 9 19 13 1 14 10 18 16 15 4 2 17 11 6 7 12 5 8 3
13 7 17 11 6 19 8 4 3 15 5 1 9 2 14 0 10 18 16 12
3 19 15 17 14 16 7 18 6 0 2 10 12 1 4 11 9 8 13 5
8 17 19 7 9 4 5 2 18 10 0 11 6 13 15 1 16 3 12 14
19 13 7 3 8 18 5 2 15 17 12 9 16 1 6 4 11 14 10 0
6 4 0 18 16 2 15 7 8 19 11 1 12 10 9 17 5 13 14 3
8 16 12 15 11 10 6 5 0 18 4 14 1 19 3 2 13 9 7 17
19 1 4 0 8 6 7 15 9 16 17 18 12 10 14 13 3 2 11 5
4 8 1 12 2 18 5 11 3 6 19 15 9 13 14 0 16 17 10 7
6 5 16 4 7 11 13 10 9 14 2 8 0 19 1 15 17 12 3 18
1 18 14 3 7 19 6 9 12 2 0 15 17 8 10 5 16 11 13 4
7 6 15 13 12 1 0 14 19 9 11 4 5 10 16 2 3 8 18 17
2 11 3 8 1 10 9 7 0 16 12 14 19 6 17 13 4 18 15 5
16 4 6 11 3 1 12 9 15 5 0 13 10 14 17 18 2 8 19 7
4 8 14 6 16 17 7 12 2 18 5 13 19 15 10 9 0 1 3 11
12 2 1 15 10 6 5 9 11 7 8 18 17 3 16 4 0 13 14 19
7 1 6 15 10 0 3 19 5 17 2 14 16 4 9 8 18 11 13 12
13 16 18 10 12 5 0 14 17 4 19 7 15 1 9 6 3 2 11 8
7 10 1 6 5 18 17 12 14 15 0 8 4 2 11 13 9 3 16 19
19 0 6 8 12 9 18 14 10 3 7 15 4 1 2 11 5 16 13 17
1 19 2 3 10 16 11 7 4 5 17 15 14 18 9 12 13 8 0 6
14 0 13 5 1 7 2 15 9 19 10 8 12 17 3 18 4 6 11 16
5 7 16 19 9 0 15 4 2 13 3 18 8 10 12 17 11 6 1 14
1 9 0 15 19 6 2 13 10 14 18 3 7 8 12 17 4 11 16 5
0 18 16 17 14 13 6 19 12 15 8 1 3 2 9 10 5 7 11 4
14 0 7 8 19 15 17 10 5 16 13 6 9 4 1 3 2 11 12 18
6 19 14 12 7 1 15 9 3 17 10 5 11 0 16 8 2 4 13 18
14 2 16 18 7 1 4 13 10 11 19 15 5 6 12 3 8 17 9 0
6 2 9 13 4 15 18 17 16 3 19 1 12 7 10 11 5 8 0 14
11 16 2 5 4 10 12 1 18 14 19 0 3 6 17 9 8 13 15 7
2 3 6 19 9 12 10 4 7 17 11 15 16 18 1 13 0 5 14 8
13 16 3 19 1 5 6 7 12 10 0 8 15 9 2 11 17 18 14 4
8 15 12 11 19 14 2 6 4 16 17 1 5 18 10 0 13 9 3 7
14 55 45 55 97 13 51 66 75 39 35 92 9 59 56 33 74 42 73 1
51 94 61 66 12 54 5 3 93 94 86 54 1 78 74 76 84 49 90 17
65 25 75 19 23 22 47 42 37 23 6 16 28 73 9 29 7 14 84 15
69 13 24 27 49 20 86 64 17 44 19 82 28 57 90 26 43 44 74 58
53 30 96 12 73 62 79 8 18 67 92 6 81 35 36 73 11 57 99 73
82 22 35 49 1 66 3 3 77 38 84 93 95 62 27 48 21 59 79 94
4 62 59 27 63 75 55 1 19 85 68 72 45 65 86 12 73 48 35 73
12 2 11 64 25 47 83 92 44 61 62 65 96 15 49 95 97 56 13 68
69 39 78 8 17 15 35 30 93 64 93 30 20 6 63 70 56 5 85 84
4 98 7 66 92 100 1 83 57 65 69 40 35 14 30 95 1 99 33 81
91 46 55 11 27 30 12 1 10 70 49 95 31 76 36 95 41 13 72 94
26 52 82 90 66 13 36 22 63 99 13 37 76 43 16 68 12 59 71 8
32 64 33 32 37 71 26 40 84 30 93 29 37 20 36 22 98 70 83 94
79 95 84 87 89 67 9 18 47 65 25 28 82 76 30 1 50 4 99 88
71 75 9 81 62 83 23 92 17 93 96 99 37 31 86 1 44 19 12 31
40 72 56 63 10 48 92 27 86 45 50 94 31 24 54 45 4 40 5 49
6 96 80 81 9 76 12 58 39 39 87 19 44 41 31 50 55 97 4 53
48 84 1 96 18 6 49 56 52 99 26 41 58 23 37 61 89 12 28 26
13 69 7 6 74 8 7 77 96 53 6 57 52 12 98 87 32 72 13 96
24 8 66 30 43 19 89 58 18 44 59 79 80 100 7 77 4 17 6 56
60 7 85 60 8 86 73 85 70 1 1 82 82 84 15 78 52 82 47 70
84 54 92 95 75 84 29 60 14 68 1 25 36 79 28 70 12 84 55 79
56 39 93 68 76 29 85 63 32 16 2 70 80 48 12 53 66 13 11 92
10 60 73 54 86 1 76 50 19 66 49 66 56 18 68 36 23 39 61 40
93 23 55 20 5 38 25 87 54 21 20 11 67 31 91 34 45 22 22 95
94 17 25 73 33 62 98 38 27 47 66 92 64 37 81 77 26 21 52 82
56 17 90 41 93 94 43 72 18 91 10 3 58 80 56 17 87 65 24 15
59 42 22 76 47 12 15 100 62 76 95 64 62 7 3 98 50 11 47 37
79 57 23 78 21 46 100 81 38 5 16 10 64 22 20 99 37 10 50 86
61 70 35 46 30 71 50 91 8 67 4 5 72 81 91 84 83 96 54 63
55 47 35 25 98 74 37 95 12 80 11 16 34 59 39 48 96 48 49 36
47 88 39 72 12 73 38 5 73 14 91 26 3 3 80 13 56 86 61 80
31 9 66 58 47 11 77 33 11 59 7 2 4 64 67 30 68 53 80 13
50 19 65 58 45 100 1 13 65 26 53 23 12 94 20 18 33 94 72 84
66 84 48 41 96 75 89 47 42 72 88 10 22 22 29 44 44 89 27 100
30 67 53 25 41 62 61 1 57 89 9 92 44 46 42 75 3 66 18 100
14 47 73 69 71 54 69 20 31 47 78 50 17 13 84 66 33 95 9 53
37 76 82 2 61 96 33 80 63 18 14 4 62 3 98 28 17 5 62 5
46 67 48 76 35 6 58 66 33 49 94 84 36 89 16 98 76 37 10 86
20 38 26 80 24 28 66 44 99 72 22 32 96 84 74 36 16 17 82 83
3 15 72 82 100 74 16 71 15 84 99 42 48 60 57 57 6 90 91 56
19 57 87 27 32 24 44 84 64 64 2 37 60 91 97 16 42 59 47 87
94 85 33 54 53 66 76 89 12 57 20 32 84 97 7 83 51 27 61 1
67 47 76 38 46 70 13 2 87 51 93 28 46 98 44 69 4 61 73 64
35 98 83 71 13 57 74 97 6 39 31 38 18 81 48 39 91 40 80 78
14 30 90 10 47 90 1 94 42 100 39 76 69 21 21 19 70 99 17 68
94 13 77 26 62 14 82 73 83 4 97 12 31 41 66 31 8 94 80 6
56 96 68 44 20 2 64 15 95 23 3 39 99 91 95 42 15 43 99 80
44 39 80 3 74 75 11 62 67 16 24 50 50 25 61 41 41 89 96 52
85 66 96 62 13 2 20 43 27 64 3 81 57 84 44 41 34 22 72 91
