50 20
6 9 15 17 0 11 8 19 5 2 3 12 13 10 4 7 1 16 18 14
6 15 16 1 0 12 14 19 3 2 18 13 11 17 8 5 9 4 7 10
14 5 12 8 10 0 15 3 13 16 19 11 17 6 9 4 1 2 7 18
11 16 9 12 19 1 5 2 10 18 0 3 8 14 4 15 17 13 6 7
13 4 3 5 18 7 2 14 10 8 15 0 17 12 19 9 11 1 6 16
10 11 4 2 18 1 0 12 13 16 5 6 9 19 3 17 8 15 14 7
10 14 4 17 5 15 7 8 1 19 16 9 13 2 12 3 6 0 11 18
0 5 1 6 11 8 18 2 13 15 17 9 19 10 4 3 16 12 14 7
12 16 17 10 4 8 3 7 5 18 14 2 0 11 1 9 13 19 6 15
0 4 19 14 2 1 6 10 18 12 11 7 5 8 9 15 16 17 3 13
15 7 5 19 8 3 17 4 11 16 10 12 14 2 13 1 6 0 9 18
1 6 5 9 2 19 10 12 16 0 13 8 11 3 15 14 17 18 7 4
4 18 10 2 12 7 5 0 17 3 14 19 16 11 13 15 9 8 6 1
11 12 13 4 17 7 8 18 10 16 0 2 1 5 19 14 9 3 15 6
12 18 0 10 1 8 3 7 2 11 17 13 14 6 16 5 15 19 9 4
14 0 1 8 11 17 6 18 13 9 2 5 3 15 12 10 16 4 7 19
19 1 17 0 3 10 8 6 15 9 2 16 11 13 14 5 12 4 18 7
2 15 17 16 1 7 5 19 4 9 18 6 12 13 0 3 11 10 8 14
19 7 5 18 3 12 15 6 0 2 1 16 4 13 10 8 17 14 9 11
3 5 7 0 12 11 19 15 6 13 10 9 14 17 4 2 18 1 16 8
18 2 10 14 7 5 17 0 6 11 12 9 8 3 13 4 19 16 1 15
13 3 7 0 5 14 4 11 10 6 8 15 17 16 19 1 12 2 18 9
9 15 8 19 3 17 5 12 6 14 18 4 0 13 11 10 7 16 2 1
18 1 2 13 6 5 7 15 17 9 12 19 11 3 14 4 10 8 0 16
5 3 10 18 9 8 4 14 13 6 12 0 2 15 1 19 7 11 17 16
10 4 2 11 17 18 12 19 7 15 6 3 5 9 16 1 8 13 0 14
7 11 8 18 6 19 1 4 15 12 14 16 5 9 13 17 2 10 0 3
9 17 15 10 8 2 11 18 4 13 6 5 1 16 19 7 14 12 0 3
18 6 13 12 3 4 2 19 5 16 9 7 11 0 17 8 10 1 15 14
14 3 5 18 8 17 1 2 16 19 7 13 4 15 9 10 12 0 6 11
14 7 2 10 1 0 12 17 5 9 8 13 15 3 11 6 16 19 4 18
11 9 3 19 5 16 13 6 10 2 7 15 17 4 8 12 18 14 0 1
0 14 6 3 18 12 11 13 17 8 16 4 5 10 1 19 9 7 15 2
5 14 4 17 0 6 3 19 16 2 11 9 18 7 1 13 12 15 10 8
6 12 9 14 17 1 8 18 3 13 10 11 2 5 4 15 0 16 19 7
13 9 5 11 17 1 18 7 10 3 8 2 19 6 16 15 4 14 12 0
16 0 15 11 8 14 3 1 4 5 9 13 2 7 6 18 19 10 17 12
12 11 15 14 19 5 4 17 2 16 1 18 7 8 0 3 6 13 9 10
10 17 18 7 14 19 3 12 6 4 1 13 2 5 0 9 15 8 11 16
17 7 18 5 4 6 15 11 13 3 8 9 14 1 10 19 12 2 16 0
9 6 15 7 2 17 10 11 5 0 18 8 3 13 1 14 4 19 16 12
1 14 7 3 19 11 6 9 15 5 10 4 2 16 17 8 13 0 12 18
14 2 16 15 4 6 1 7 3 0 19 11 8 10 18 5 9 17 12 13
11 12 1 4 3 17 10 5 13 15 2 8 18 14 6 7 9 16 19 0
2 12 18 13 16 17 4 5 3 0 1 9 14 19 11 10 6 7 8 15
0 4 12 1 17 5 7 15 14 18 10 9 16 8 13 3 19 6 11 2
5 0 15 14 6 17 2 19 9 12 13 7 3 8 11 10 16 18 4 1
8 14 10 13 0 19 3 9 17 11 4 5 16 1 7 2 12 18 15 6
5 0 1 19 12 4 11 9 13 15 14 18 7 8 2 3 10 17 16 6
15 9 19 7 1 4 16 12 6 0 18 5 8 11 2 3 17 10 14 13
80 91 59 7 23 78 41 15 33 42 19 66 88 67 13 53 7 41 94 97
78 75 2 12 60 79 39 15 25 31 60 59 13 61 82 43 80 59 37 69
29 57 93 25 22 21 40 33 86 12 23 44 21 99 32 8 31 24 8 65
51 84 86 99 55 42 68 93 5 69 80 67 33 76 61 33 82 91 70 3
76 73 4 3 94 46 98 26 44 78 53 62 5 88 96 23 38 4 62 13
51 56 7 70 100 27 76 2 1 81 21 95 70 94 42 16 27 72 44 56
38 39 2 29 62 48 69 17 56 30 74 10 50 21 11 77 5 80 57 72
30 73 7 16 10 69 2 15 11 26 90 81 84 63 39 92 32 73 52 23
73 97 50 17 14 88 56 11 35 4 8 95 82 48 99 28 17 76 94 42
23 6 34 57 68 23 81 76 8 19 70 92 69 51 65 39 76 51 19 22
76 47 96 44 57 22 73 35 74 13 13 47 32 59 8 51 71 84 94 4
57 20 33 24 39 16 69 64 85 26 47 58 71 70 72 79 60 32 28 85
12 74 64 79 7 71 60 56 28 37 88 54 65 40 72 65 83 11 63 15
82 59 56 80 45 53 22 1 41 65 60 93 89 35 19 13 1 82 59 65
72 80 78 55 66 31 68 21 90 67 53 30 75 63 95 50 72 51 23 95
27 75 88 36 48 14 25 70 47 2 97 53 64 5 37 3 6 49 53 47
1 16 22 73 9 58 72 10 15 94 8 23 82 7 13 92 77 6 54 76
91 12 49 49 28 96 15 76 93 50 72 12 81 69 70 93 20 89 46 32
7 57 58 69 93 9 40 36 43 84 88 64 3 86 13 90 13 26 61 67
98 16 11 8 24 45 42 47 82 76 16 27 84 49 47 54 19 16 97 42
3 65 54 76 17 53 21 18 12 60 68 83 53 94 6 5 53 77 51 99
63 68 42 57 52 47 80 7 87 2 38 22 47 99 52 21 32 43 46 87
26 43 87 31 50 98 3 45 23 96 87 51 35 41 30 22 83 39 97 63
92 81 92 37 98 51 10 53 60 57 45 65 89 93 23 74 16 46 84 39
99 50 98 36 47 95 29 76 30 80 40 40 91 5 97 28 60 75 96 92
67 15 78 35 64 83 44 92 86 56 27 74 55 12 55 33 6 12 88 42
85 14 57 67 60 39 8 51 94 23 81 4 87 9 88 14 77 32 8 3
52 73 11 34 7 64 2 97 23 17 24 17 3 89 99 1 96 74 55 31
25 25 73 51 92 19 86 86 30 19 58 81 33 89 40 15 44 48 85 88
34 86 43 90 91 86 44 35 31 51 87 92 4 63 56 46 30 34 23 2
16 36 46 19 46 40 97 59 3 81 21 36 87 10 25 61 68 5 2 33
21 16 23 49 11 94 59 35 85 43 62 54 15 69 19 2 56 84 83 64
14 6 96 92 88 10 85 93 68 99 48 20 62 29 55 20 74 31 90 70
81 67 48 90 27 85 85 10 24 27 8 80 90 74 66 99 22 54 48 87
67 19 31 4 40 18 44 68 1 33 99 3 49 59 89 14 51 25 84 55
26 23 99 77 77 40 87 13 72 43 57 73 58 45 8 86 58 99 74 23
15 33 57 5 100 76 78 93 55 52 71 3 2 18 25 56 66 54 83 21
13 27 88 19 37 35 45 37 4 52 33 75 89 77 100 96 93 31 13 41
30 83 43 26 50 2 100 78 37 18 6 86 8 70 23 83 69 97 81 77
17 27 22 56 49 76 35 83 67 42 2 95 37 71 80 74 96 44 44 12
83 96 96 97 13 93 2 95 71 24 8 45 94 96 6 72 68 64 54 1
76 39 35 79 18 40 85 32 41 87 62 63 12 72 29 17 62 37 80 98
9 2 14 36 31 15 87 22 68 72 51 27 41 100 8 15 46 60 38 54
65 62 69 1 53 70 71 17 28 51 63 30 92 37 63 60 66 51 6 3
90 76 76 56 4 57 37 37 30 19 20 32 55 5 84 37 31 80 31 39
5 14 61 16 59 8 80 74 52 57 66 49 33 20 31 86 45 85 32 23
34 4 53 84 39 51 93 23 89 3 30 47 73 33 99 46 45 63 40 52
21 76 90 18 96 44 33 94 34 99 16 37 3 60 7 74 83 79 42 22
66 58 45 76 82 40 22 44 13 65 33 96 72 7 12 71 56 95 45 91
60 10 44 50 68 18 5 37 30 89 81 5 74 43 99 41 64 10 27 28
