50 20
19 5 14 4 9 13 15 18 6 12 17 10 1 11 2 16 7 8 0 3
16 8 6 17 19 11 15 1 7 0 4 9 14 13 5 18 12 2 3 10
9 14 11 13 1 0 12 16 3 18 10 4 19 15 17 7 5 2 8 6
4 17 9 10 3 5 6 19 14 16 0 1 15 8 2 7 11 12 13 18
9 15 6 18 11 13 7 2 3 19 12 4 10 1 17 5 16 8 0 14
1 2 7 0 19 9 10 18 6 4 14 11 12 16 3 13 8 5 17 15
19 0 13 16 5 10 2 11 9 1 14 17 7 12 3 18 4 6 15 8
9 5 4 12 13 11 18 7 6 19 16 15 0 8 10 1 3 17 14 2
7 5 3 9 6 4 18 11 16 12 0 2 14 13 8 15 17 19 10 1
3 5 11 2 6 15 18 8 13 17 7 0 1 19 16 10 14 9 4 12
6 15 1 13 10 0 2 7 14 12 5 11 18 9 16 8 4 17 19 3
1 6 12 7 14 10 9 8 3 19 15 5 16 0 2 13 4 17 18 11
13 15 8 17 16 2 12 1 4 5 19 18 10 0 3 7 9 11 14 6
16 7 3 17 4 2 19 12 11 9 14 10 18 15 5 6 0 13 1 8
19 11 0 18 5 4 12 1 2 17 8 3 16 15 7 14 10 13 6 9
8 9 5 10 11 16 19 17 2 3 6 1 13 18 14 0 4 7 12 15
9 6 13 12 0 18 2 5 10 3 14 11 1 17 4 19 15 16 8 7
5 17 16 14 9 2 1 7 3 10 8 13 6 19 4 11 0 15 12 18
17 16 15 10 13 0 2 9 4 6 11 19 7 3 18 12 8 1 5 14
19 15 7 3 13 0 17 10 4 2 1 12 16 18 9 5 11 8 14 6
17 8 14 3 11 4 12 9 19 2 7 18 5 6 1 15 13 0 10 16
5 18 2 12 7 1 13 3 19 0 16 14 17 9 4 10 8 11 6 15
18 6 5 8 16 0 2 9 1 3 14 12 4 7 15 19 10 17 13 11
19 5 16 14 2 6 3 11 15 0 17 7 12 13 10 4 9 18 1 8
11 8 3 2 5 13 10 1 0 17 6 9 4 18 15 14 12 16 7 19
12 16 5 9 15 18 0 14 11 4 19 10 3 17 1 13 6 8 7 2
6 9 15 17 5 3 10 13 4 11 16 19 2 14 12 1 8 0 18 7
2 1 14 9 11 17 4 5 18 15 6 7 8 13 19 0 16 12 3 10
2 0 5 9 10 17 1 13 7 6 12 8 16 11 18 15 4 19 14 3
2 16 0 9 1 18 4 13 3 5 7 6 19 12 8 10 11 15 17 14
11 18 7 0 3 8 16 10 14 1 6 9 5 17 12 15 2 19 13 4
7 16 5 19 15 4 0 12 10 14 18 6 8 3 2 13 17 11 9 1
10 18 15 11 0 2 19 4 5 17 16 3 1 7 13 12 6 9 14 8
10 6 15 8 13 18 7 12 19 17 2 11 5 16 0 14 9 1 3 4
18 9 14 3 13 17 16 19 6 4 10 5 7 1 15 8 0 12 2 11
5 19 3 17 8 0 18 10 7 1 6 2 15 16 9 13 11 14 12 4
6 16 5 19 15 11 2 17 13 14 8 18 3 9 12 4 7 10 1 0
11 13 10 17 6 0 4 18 19 7 1 9 8 5 12 14 15 2 3 16
0 2 4 5 19 11 14 3 13 18 1 6 15 8 7 9 16 12 10 17
13 3 9 8 19 2 7 18 0 12 14 5 6 16 15 10 1 17 4 11
9 7 19 3 13 1 6 2 16 10 15 14 12 11 4 5 18 8 0 17
3 8 17 0 14 16 15 11 12 9 13 6 10 7 18 2 19 5 4 1
5 14 1 15 17 18 4 16 19 12 13 2 6 11 7 0 3 10 9 8
19 16 15 0 17 18 10 5 4 12 1 8 14 9 6 7 3 13 2 11
8 1 7 4 6 0 3 19 11 18 13 12 17 9 10 16 14 15 5 2
16 4 13 8 6 11 0 2 7 5 3 10 9 12 15 19 1 17 18 14
11 3 7 13 14 9 0 5 16 12 4 6 15 8 18 17 2 10 1 19
16 1 13 4 6 17 18 8 2 10 14 7 12 15 3 5 9 19 0 11
1 18 0 17 10 2 6 8 11 5 3 15 13 12 4 16 7 19 9 14
4 10 9 1 18 15 17 3 5 8 12 19 6 0 16 11 14 7 2 13
72 26 92 84 90 70 54 29 58 76 36 1 98 21 90 55 44 36 20 28
74 25 91 9 6 85 30 99 38 11 30 13 49 36 59 82 47 21 48 46
35 9 28 73 92 41 28 84 64 51 83 59 19 34 18 32 96 72 69 34
77 60 68 33 71 2 88 93 15 88 69 97 35 99 83 44 15 38 56 21
63 3 15 47 40 31 8 31 73 11 11 94 63 9 98 69 99 17 17 85
9 44 3 76 71 30 76 29 1 10 91 81 8 30 9 5 43 10 66 31
87 84 83 13 8 52 94 44 14 32 25 25 69 58 18 55 24 36 60 32
1 50 34 59 37 55 90 94 72 85 92 63 20 25 38 28 8 75 95 70
73 32 75 77 6 80 11 54 85 75 73 67 41 34 27 86 92 41 31 34
9 32 48 37 21 57 70 91 39 79 84 68 2 86 71 39 85 14 18 34
1 43 99 17 82 34 21 95 57 71 91 55 72 2 15 10 89 20 70 5
31 21 23 53 4 23 95 43 53 86 95 32 35 21 90 14 49 5 61 29
4 15 34 23 75 34 5 14 77 56 45 94 41 56 78 66 15 50 74 25
42 52 90 38 71 17 25 54 86 49 87 96 23 79 73 39 52 71 1 39
87 40 29 26 19 4 6 32 61 79 99 10 59 54 81 74 25 92 90 50
60 86 68 72 77 41 97 57 79 93 65 55 71 58 21 96 61 58 34 97
50 89 20 91 28 9 54 53 43 70 60 54 8 27 54 50 99 75 90 3
44 86 87 52 93 22 60 17 80 69 4 51 76 73 85 4 11 83 55 18
45 29 84 9 100 84 6 97 4 32 26 3 80 20 31 17 61 86 15 73
10 76 89 81 32 14 90 99 39 88 77 16 73 6 45 69 55 85 48 9
94 76 35 42 32 12 36 58 32 97 60 73 79 86 49 44 4 64 42 24
89 61 83 92 63 58 3 12 38 29 52 89 32 40 85 75 48 61 71 68
95 62 36 93 76 98 68 77 37 13 25 38 30 47 23 39 2 91 69 17
62 15 9 52 63 10 74 81 88 7 20 20 73 39 11 32 16 72 98 54
21 31 23 71 10 21 1 53 58 89 77 61 38 5 30 37 91 37 90 59
60 89 39 90 52 35 65 70 64 57 11 77 6 56 95 42 78 33 4 12
53 43 42 86 14 21 43 53 89 64 37 85 52 98 71 5 59 12 41 33
71 17 37 57 90 63 16 4 81 78 31 91 21 40 71 2 71 53 12 29
77 66 96 18 9 36 99 54 44 65 35 1 37 93 39 76 75 85 63 20
96 61 91 49 50 85 84 20 64 5 17 65 76 43 13 57 13 68 59 2
31 81 88 37 30 96 12 56 13 98 82 91 13 57 22 89 39 4 6 42
30 60 82 33 59 33 86 2 60 37 87 70 21 10 57 45 76 39 82 55
73 88 100 96 7 78 96 64 37 100 30 78 46 29 82 25 80 33 87 97
68 65 35 22 33 62 38 96 44 15 60 10 19 97 29 87 93 87 51 72
79 29 83 9 82 60 90 39 84 53 15 18 6 5 39 64 15 13 31 69
31 47 13 88 48 70 83 46 8 51 36 25 16 59 12 85 28 83 82 77
17 70 33 23 15 85 4 17 2 46 31 76 42 3 23 34 7 17 95 54
8 62 52 55 88 14 63 92 57 10 11 42 78 19 9 17 36 80 82 75
52 54 94 13 41 55 41 86 33 48 20 88 61 9 12 11 12 56 13 96
20 85 62 29 14 45 72 48 15 98 36 74 29 55 72 99 80 79 87 83
95 82 4 12 96 68 28 49 54 59 44 21 48 40 93 42 100 73 77 11
15 37 87 87 76 63 68 86 40 6 29 51 77 8 1 27 39 28 99 18
56 3 59 10 41 74 55 74 52 91 82 54 38 15 52 3 42 22 80 59
68 66 25 100 45 45 94 83 19 31 14 19 33 26 23 78 20 98 98 84
36 76 8 46 65 10 40 60 58 5 8 48 37 10 83 12 79 77 65 50
65 83 23 6 32 91 57 57 68 67 79 21 47 48 37 50 53 100 44 87
17 77 91 11 40 72 49 83 43 17 86 90 95 88 68 12 83 86 55 66
99 80 17 77 49 20 21 24 89 99 80 22 93 57 6 53 47 87 93 31
78 18 33 7 83 62 48 71 14 92 67 16 37 11 98 21 35 58 66 19
13 92 84 43 19 18 5 37 61 90 18 98 91 61 58 79 1 11 3 33
