50 20
18 0 8 13 5 19 16 3 7 1 14 2 15 12 11 6 9 4 10 17
5 1 15 8 14 7 12 19 16 17 13 3 2 6 10 11 4 9 18 0
0 4 17 10 16 6 1 14 11 9 7 3 5 19 2 8 13 15 12 18
12 8 0 19 4 5 6 18 3 17 13 15 9 7 1 16 14 2 11 10
8 11 0 7 13 12 15 10 5 16 3 18 19 9 14 17 4 6 2 1
16 11 8 1 6 9 5 0 2 3 7 13 15 4 17 12 19 10 18 14
15 11 8 4 10 18 12 13 3 0 16 5 7 9 2 14 19 1 6 17
15 0 3 4 1 14 2 13 10 19 9 12 6 16 11 7 5 8 17 18
16 17 0 18 15 7 10 19 4 2 14 5 11 13 6 1 8 9 3 12
3 12 9 16 11 18 17 6 4 14 5 19 0 10 8 7 1 13 2 15
8 4 18 17 13 10 7 3 14 15 19 9 1 6 12 16 5 2 11 0
8 2 5 6 18 7 13 4 1 9 16 19 11 12 17 14 3 0 15 10
13 8 3 9 19 12 7 0 2 17 10 15 11 4 18 5 1 6 16 14
7 0 14 2 5 4 3 10 8 16 13 1 15 9 18 11 12 6 17 19
15 1 13 11 18 3 2 19 0 5 14 17 4 12 10 16 9 6 8 7
17 8 2 19 10 13 9 14 16 6 0 15 1 18 11 3 4 5 12 7
11 8 1 2 14 3 10 0 13 5 18 19 15 16 12 9 17 4 7 6
1 13 19 3 12 14 9 15 11 4 8 10 16 0 2 18 6 17 7 5
12 3 1 14 18 11 13 4 8 6 16 7 9 19 0 15 10 17 5 2
9 4 0 18 19 14 8 7 6 11 17 10 5 12 15 16 3 13 1 2
9 10 11 13 0 16 3 17 4 2 12 6 8 19 14 7 15 1 18 5
11 1 16 18 12 2 19 17 3 9 0 5 10 4 13 15 7 6 8 14
4 3 9 6 16 18 10 15 5 1 7 13 8 17 12 19 14 0 2 11
13 16 19 18 2 1 5 9 11 17 10 8 7 15 0 12 4 6 14 3
3 12 9 8 1 10 19 4 0 18 16 15 13 17 5 14 7 6 2 11
7 1 19 0 14 9 3 11 4 5 16 10 6 8 2 18 13 17 12 15
16 17 2 10 12 14 11 0 19 18 5 15 6 1 9 13 4 7 8 3
1 7 17 9 13 6 11 12 3 19 5 2 8 14 0 15 10 4 16 18
1 13 2 3 4 19 8 10 6 12 16 18 14 7 5 11 15 17 9 0
7 9 11 14 15 13 6 4 0 16 18 1 12 19 17 5 10 3 8 2
8 4 9 17 1 10 12 7 2 19 13 0 16 3 5 6 14 11 15 18
7 17 0 3 15 10 13 4 18 16 2 11 12 8 6 14 1 9 19 5
16 12 0 10 7 11 9 1 14 5 6 19 4 8 3 15 18 13 17 2
10 3 19 6 12 11 16 4 5 9 13 0 14 1 18 2 15 17 7 8
19 6 11 13 0 3 14 5 8 12 16 17 9 2 10 1 15 7 4 18
0 6 1 3 14 10 5 19 8 17 2 13 15 7 4 12 18 16 9 11
17 1 3 14 10 16 6 4 2 7 12 9 0 15 8 19 18 13 11 5
3 17 7 1 16 10 8 19 5 18 6 4 14 15 12 9 11 0 2 13
12 5 8 6 0 10 13 3 15 11 16 18 14 1 4 9 17 2 7 19
6 2 5 17 12 4 3 0 16 7 8 11 15 9 18 1 14 19 13 10
17 9 13 10 19 11 5 6 8 0 7 15 16 18 3 14 4 1 12 2
10 8 9 15 13 1 0 12 14 2 5 4 19 7 16 3 6 11 17 18
11 18 7 12 4 16 10 0 17 8 9 14 15 6 13 19 3 5 2 1
2 15 13 8 14 9 4 18 3 5 16 11 0 12 1 7 10 19 17 6
8 3 7 18 12 2 6 16 4 10 0 19 15 13 1 5 17 11 14 9
3 8 16 6 1 17 18 11 7 12 4 2 15 13 5 14 19 10 0 9
19 10 11 6 1 4 0 16 17 18 5 7 14 15 8 12 13 9 2 3
1 19 11 8 5 14 15 16 17 4 3 18 0 12 13 10 6 7 9 2
5 14 0 18 6 9 1 11 13 15 12 16 4 3 19 17 10 2 8 7
12 16 18 4 17 8 14 19 15 11 2 6 10 9 1 7 13 5 0 3
4 10 55 9 17 64 87 21 17 8 90 71 38 44 90 44 13 31 35 34
90 15 100 15 29 19 43 61 69 85 41 56 15 100 2 48 55 54 41 1
73 68 71 51 74 55 99 84 92 2 59 68 38 6 82 13 4 4 95 1
5 51 69 55 5 35 79 3 96 41 51 86 55 12 89 30 60 41 99 16
73 76 12 50 65 2 95 36 81 79 20 16 17 12 13 98 49 69 99 65
16 26 5 24 52 13 43 52 5 46 69 93 79 22 28 86 44 71 19 68
6 58 64 92 95 22 15 14 87 39 10 84 98 71 29 54 33 45 88 10
29 96 77 23 88 87 40 55 10 31 33 73 62 55 82 91 67 33 59 11
70 83 1 14 93 43 54 66 20 31 40 38 54 21 37 86 99 23 41 44
59 56 76 86 30 51 12 6 60 17 39 29 28 4 49 37 54 9 64 77
64 65 27 59 67 96 13 42 63 91 53 79 60 14 19 16 96 61 20 89
31 35 36 31 68 70 46 17 57 1 4 80 13 16 86 11 76 71 80 48
53 94 54 28 5 62 26 15 4 99 55 76 18 81 29 57 71 97 82 47
38 40 97 86 94 32 51 39 45 2 69 54 94 24 68 51 56 50 84 92
50 73 20 30 24 45 41 68 50 45 72 9 86 20 13 41 67 31 4 39
69 39 15 31 5 92 95 82 87 57 95 98 96 74 51 40 94 60 100 58
63 74 63 66 21 73 64 59 78 71 63 40 30 55 91 10 12 40 98 6
100 31 23 45 92 18 58 24 9 31 9 74 86 84 80 88 63 56 18 22
99 58 82 38 19 34 55 45 21 45 25 80 73 90 35 32 83 10 32 8
62 39 52 58 18 41 67 19 88 17 86 65 66 90 60 32 40 9 18 42
39 73 77 64 20 76 29 12 14 9 18 30 93 67 78 48 50 28 25 85
65 29 47 97 6 6 61 1 32 71 70 76 76 7 83 93 72 30 98 93
14 84 93 9 70 60 78 92 29 51 92 42 48 94 23 7 13 67 16 52
77 17 1 13 9 80 96 95 6 20 2 69 11 48 31 4 76 12 82 5
74 61 100 85 68 41 7 27 60 13 45 10 37 15 73 70 8 72 73 30
84 90 99 72 100 55 34 26 82 61 25 47 8 96 20 89 45 7 8 52
77 7 93 94 73 80 33 47 53 37 41 23 3 45 21 78 99 99 71 71
71 83 46 24 6 94 12 76 95 37 85 78 61 50 4 64 42 15 62 42
25 94 43 51 27 62 75 2 89 30 34 33 2 6 30 86 40 7 94 96
77 39 11 74 3 58 48 28 12 37 39 23 71 56 88 90 49 44 72 93
56 64 85 15 45 55 79 66 40 28 64 35 59 9 60 18 22 11 68 67
72 37 23 17 26 25 11 50 48 73 21 54 26 59 96 21 72 68 3 32
37 34 96 13 78 79 45 14 63 74 58 78 78 62 27 78 72 75 88 75
27 53 5 20 20 24 29 43 23 53 45 34 73 74 8 72 9 28 89 100
40 89 46 10 55 5 91 91 17 95 14 97 17 5 96 76 89 5 58 85
8 45 17 7 20 86 33 64 47 58 45 97 76 57 80 85 1 75 14 70
18 36 25 64 58 15 84 54 35 39 64 17 5 78 77 78 57 1 42 56
56 46 6 100 15 42 57 5 26 43 42 21 75 80 94 14 30 22 98 45
16 54 15 90 57 86 28 59 40 36 2 97 23 44 36 55 44 3 82 58
60 100 57 89 79 20 79 77 16 62 44 99 74 41 82 91 77 29 33 26
24 39 51 85 69 25 2 10 100 95 73 88 78 43 55 87 37 36 59 48
40 91 16 87 35 7 99 58 79 21 70 45 30 70 4 85 24 51 89 72
75 41 53 39 87 47 30 74 50 96 38 56 39 64 82 95 99 78 63 7
3 79 27 92 40 26 56 2 91 50 57 86 85 44 95 32 1 90 14 49
43 32 12 76 39 63 82 21 19 62 25 57 26 63 22 63 85 22 71 57
97 74 60 18 41 5 43 85 67 5 23 41 12 14 84 98 27 34 89 34
64 78 39 53 83 97 89 53 88 83 77 21 50 38 82 59 98 39 2 72
75 90 7 40 51 25 82 18 28 3 29 54 10 20 73 4 86 30 37 31
58 6 70 42 100 98 11 28 8 49 60 18 32 60 47 48 56 92 69 71
76 8 74 91 12 36 17 87 58 58 3 71 26 2 1 87 41 53 32 20
