50 20
9 4 6 10 0 2 16 14 17 3 13 18 1 5 12 19 7 11 8 15
15 7 10 11 0 13 5 18 1 12 16 19 9 4 2 17 8 14 6 3
9 17 6 13 2 7 14 1 11 16 10 0 5 19 15 12 8 4 3 18
12 7 4 5 13 8 19 14 0 11 10 1 3 6 18 9 2 15 16 17
19 15 11 14 18 3 6 5 1 13 4 7 8 2 0 17 12 10 9 16
10 2 9 19 18 16 12 1 8 13 0 6 14 4 11 3 7 5 15 17
4 7 9 15 8 12 11 2 10 1 16 13 5 0 19 6 3 18 17 14
18 2 6 0 4 13 5 19 9 1 12 8 11 10 17 7 14 15 16 3
12 0 18 6 3 13 4 5 15 8 16 1 2 7 14 17 19 9 10 11
0 13 15 4 1 17 2 18 14 9 8 5 6 10 19 12 16 3 7 11
9 17 5 18 8 12 16 10 0 3 13 7 6 4 2 15 19 1 14 11
3 15 2 5 12 1 13 18 8 10 6 19 14 11 0 9 7 4 16 17
15 6 13 2 10 1 0 3 17 9 4 18 14 16 19 5 7 11 12 8
3 1 11 15 13 6 7 9 5 16 19 18 4 12 8 10 14 17 2 0
5 6 8 0 19 4 12 18 2 15 17 1 11 7 14 3 16 10 13 9
14 5 2 9 6 10 18 13 7 11 17 19 12 3 0 1 8 4 16 15
5 12 15 17 3 2 6 1 19 10 13 18 0 7 16 14 11 8 4 9
10 11 8 0 18 12 14 3 16 6 15 17 4 9 7 19 2 1 5 13
6 8 17 11 14 0 19 5 9 13 12 2 1 15 3 4 10 7 18 16
10 12 14 4 7 17 5 9 3 11 18 15 8 13 16 6 2 19 0 1
6 18 4 2 5 13 9 7 1 14 17 10 8 15 3 19 12 0 11 16
18 11 19 15 0 16 12 3 9 1 17 8 6 7 4 14 10 13 5 2
17 15 9 0 11 5 3 8 19 1 7 12 6 18 13 4 10 16 2 14
8 5 1 13 18 15 12 19 11 3 6 14 0 2 10 9 7 16 4 17
16 15 13 17 14 12 6 11 18 5 1 0 10 8 9 19 4 2 7 3
6 0 10 12 5 9 15 14 3 18 13 4 11 8 7 16 2 17 1 19
14 3 13 19 6 10 16 17 5 7 18 15 9 12 0 2 1 11 8 4
6 16 2 0 19 11 15 5 10 13 9 17 3 14 18 7 4 8 1 12
10 1 19 14 15 9 3 18 11 16 5 7 12 2 0 17 8 13 4 6
4 10 11 12 8 9 5 19 7 18 14 2 6 0 3 16 15 17 1 13
12 2 10 3 4 19 14 8 5 13 0 11 17 9 1 7 18 16 6 15
14 16 10 8 9 5 2 0 4 1 17 15 12 18 7 19 3 6 11 13
4 6 17 19 15 9 2 18 5 10 8 7 1 11 13 12 16 3 14 0
18 2 7 13 4 14 9 0 10 6 11 15 5 1 8 17 3 12 16 19
9 13 19 5 15 11 6 8 1 17 2 18 3 4 7 14 10 16 12 0
7 2 17 18 6 14 9 13 1 10 15 16 0 11 8 4 5 12 19 3
12 18 7 1 2 8 14 11 5 4 9 6 15 3 17 19 13 16 0 10
19 2 15 4 6 13 9 16 3 0 14 12 17 7 1 5 18 11 10 8
9 1 0 10 2 12 8 15 3 16 7 13 19 4 11 5 6 14 18 17
19 13 11 10 6 14 2 16 7 8 5 15 17 18 9 3 1 4 12 0
11 10 18 3 9 13 5 2 0 19 15 17 8 12 14 6 4 16 1 7
15 9 14 5 8 11 10 13 3 2 1 6 17 0 4 7 12 19 16 18
10 14 18 1 9 8 11 17 0 3 15 13 6 7 12 16 5 2 4 19
0 11 10 13 1 8 18 19 4 6 3 7 14 17 9 2 16 12 15 5
7 5 10 8 2 12 15 14 1 13 18 3 17 6 0 4 11 19 16 9
19 12 7 0 15 5 4 17 18 9 13 11 2 14 1 6 8 10 3 16
3 1 14 12 10 5 9 6 13 15 11 17 18 7 0 4 2 8 16 19
19 9 1 14 18 8 2 17 12 10 7 0 6 4 16 11 3 13 15 5
9 13 1 6 18 19 12 3 11 0 16 14 7 5 8 2 10 4 17 15
18 3 12 1 9 10 14 7 19 2 5 11 13 17 4 16 8 0 6 15
25 9 43 78 78 55 82 12 9 89 78 43 89 83 56 1 30 44 35 56
64 74 67 39 12 48 98 67 20 1 46 2 76 88 53 61 84 69 29 21
99 51 61 12 52 16 47 7 100 100 3 9 57 86 82 73 2 40 41 45
3 23 65 7 31 75 91 40 90 76 4 20 64 52 56 45 70 20 29 4
4 14 39 81 63 60 33 38 86 79 32 34 29 74 85 26 32 39 32 7
97 70 7 68 40 64 16 21 22 99 43 65 26 4 30 25 64 37 91 87
28 22 47 50 80 8 14 11 98 47 52 80 4 6 49 61 77 41 55 100
39 68 86 73 50 94 72 78 49 68 20 76 18 5 68 28 51 50 36 44
55 27 19 81 74 98 40 59 84 43 5 43 32 21 32 67 46 1 100 86
89 51 99 59 97 90 43 36 48 75 55 84 8 53 44 87 32 13 6 69
99 47 8 47 10 2 57 9 75 38 51 90 15 85 92 17 64 88 54 22
38 34 91 86 97 46 47 94 84 30 76 60 80 64 50 30 80 60 99 90
36 14 91 51 67 51 32 37 16 41 16 45 64 21 21 99 2 94 5 32
56 97 71 84 4 67 1 39 76 55 60 93 50 23 51 16 58 44 9 94
18 93 69 19 6 71 92 100 54 48 63 42 57 80 59 66 51 57 43 22
52 16 94 14 51 89 74 76 23 5 23 91 50 52 85 69 94 44 39 100
74 58 18 40 78 69 100 74 30 64 3 48 43 82 24 1 51 2 74 15
8 37 68 83 19 16 100 1 90 12 48 27 40 37 61 46 18 30 67 62
93 20 56 69 56 28 54 11 66 37 6 74 98 4 50 95 99 36 94 67
23 75 55 49 68 27 8 12 83 71 66 18 62 82 33 70 73 93 41 97
44 78 78 52 69 53 56 76 33 50 42 69 58 41 49 87 50 44 23 23
68 48 52 63 14 75 57 22 75 75 52 59 55 7 12 71 16 19 100 55
56 54 29 62 36 68 27 32 90 96 91 12 92 59 83 43 47 61 59 48
91 71 29 3 20 90 43 76 55 47 69 14 98 15 6 54 60 67 34 8
71 28 88 73 71 80 33 51 13 90 67 17 40 67 88 16 7 2 42 75
39 38 47 58 89 33 67 49 48 35 72 95 80 21 35 79 1 66 62 86
50 49 19 21 72 61 64 52 88 63 3 90 37 67 78 67 45 40 14 21
66 23 81 71 46 8 51 88 8 84 75 90 29 93 75 29 64 68 82 42
56 28 44 3 38 39 20 54 56 99 66 64 74 1 100 10 86 75 50 98
26 18 42 47 49 64 96 44 9 4 2 43 81 50 87 67 68 10 55 78
75 74 91 27 68 55 3 5 16 94 2 90 21 36 82 38 94 83 33 22
100 77 27 37 83 39 55 54 41 77 51 60 43 2 89 13 62 69 99 74
40 42 53 54 13 21 63 23 11 89 25 38 53 62 77 50 95 56 34 95
79 8 14 12 12 42 48 60 51 15 61 82 65 100 92 17 82 38 92 77
40 42 94 82 41 56 96 74 63 48 37 92 12 70 100 81 15 38 31 43
68 96 82 9 35 85 5 43 13 85 61 3 55 68 36 71 22 80 75 69
14 62 46 64 86 85 35 18 98 92 23 72 13 8 23 97 23 3 10 61
15 72 77 37 82 82 33 67 84 60 65 76 24 95 59 40 79 1 25 83
18 46 37 24 1 11 91 61 55 35 76 55 60 6 86 4 50 89 60 97
23 96 3 97 75 5 57 98 61 68 17 37 64 97 46 14 26 25 95 75
59 41 72 75 48 97 71 91 61 36 38 69 19 50 99 19 12 57 34 35
52 2 44 40 72 81 35 83 70 73 57 70 76 51 52 88 2 99 93 51
65 44 10 51 91 84 65 69 74 36 93 25 36 100 56 96 85 59 68 86
56 93 65 51 11 46 80 69 16 26 20 65 21 40 55 30 59 15 58 17
79 40 97 18 45 42 82 45 94 66 30 81 33 15 8 100 96 51 73 24
32 39 37 70 89 36 16 99 55 98 10 94 38 54 46 79 68 47 27 79
36 52 79 55 34 96 18 78 29 57 66 67 77 33 14 25 78 57 99 76
59 27 47 63 79 47 49 51 93 8 85 76 6 11 12 92 78 74 45 87
27 95 3 36 3 91 38 12 12 77 44 70 57 51 47 62 85 39 89 44
20 80 11 31 5 15 94 3 25 53 19 91 41 1 6 49 6 16 40 83
