50 20
9 4 18 3 10 13 19 7 5 17 14 12 2 0 6 11 15 16 1 8
6 0 13 9 3 7 15 5 1 16 2 19 14 10 8 12 18 4 17 11
19 0 10 9 15 1 4 7 18 8 16 3 12 14 11 5 2 13 17 6
18 13 3 11 14 6 5 1 15 10 19 8 2 17 7 9 4 0 16 12
1 17 6 10 14 13 9 16 4 15 18 19 11 3 7 2 8 12 5 0
11 4 15 6 2 19 13 10 7 14 1 12 3 18 17 0 5 16 8 9
15 9 17 4 16 5 11 7 1 2 0 14 13 12 3 10 8 6 19 18
1 0 15 7 16 19 14 18 4 11 10 6 5 8 12 3 17 9 2 13
8 10 19 5 6 18 3 4 1 11 15 14 17 16 2 9 12 7 0 13
3 9 1 5 7 14 0 8 19 6 17 15 2 10 11 12 16 18 13 4
4 19 9 14 8 1 7 16 6 17 13 15 5 10 3 2 0 12 18 11
6 3 4 9 5 7 2 19 15 16 8 12 0 11 17 13 1 18 14 10
6 0 19 11 18 17 10 3 12 9 4 14 15 13 7 5 2 1 8 16
0 2 13 16 12 6 9 19 18 3 8 1 11 7 10 5 15 17 4 14
4 11 10 12 7 15 13 17 16 8 18 3 1 0 19 5 9 14 2 6
19 14 11 8 10 17 0 4 15 1 2 3 18 13 16 6 9 7 5 12
13 17 19 15 8 18 11 1 6 7 9 3 2 0 12 4 5 14 16 10
3 14 8 9 16 7 1 11 12 15 5 0 13 6 17 18 10 4 2 19
15 10 11 8 4 1 18 12 19 0 9 7 5 13 17 6 16 14 3 2
1 3 12 4 19 18 11 5 7 10 16 2 13 0 8 15 9 6 17 14
15 7 14 8 17 9 11 18 5 12 2 4 6 10 16 1 0 13 19 3
2 13 0 9 5 11 7 18 3 1 15 17 10 14 16 19 6 12 4 8
18 2 0 11 16 15 19 8 7 4 6 12 14 5 10 3 9 17 13 1
19 17 18 6 12 15 5 13 16 3 10 7 4 14 9 11 8 2 0 1
3 1 19 4 5 0 12 17 2 18 14 7 10 9 6 16 11 13 8 15
3 18 7 16 15 13 2 6 9 14 11 0 4 12 17 5 10 1 19 8
8 18 4 2 16 5 11 1 7 17 6 3 13 12 14 0 15 19 10 9
4 3 7 15 5 13 2 17 9 16 6 12 10 14 0 18 11 1 8 19
3 7 16 8 12 6 18 10 11 4 14 19 9 0 2 5 15 17 1 13
17 14 4 13 12 9 3 7 19 15 8 2 6 16 10 11 1 5 18 0
1 17 10 16 14 18 2 4 7 3 11 0 19 6 8 13 12 5 15 9
0 12 18 10 16 14 5 15 6 2 13 8 19 7 3 1 17 11 9 4
11 8 18 15 2 7 1 5 4 3 6 9 16 13 10 14 12 19 0 17
3 10 13 19 5 14 16 15 12 0 2 4 8 6 18 11 7 9 1 17
4 0 2 13 17 1 15 18 9 5 10 12 19 11 16 14 3 8 7 6
14 4 12 10 9 2 3 6 7 5 15 13 8 1 11 0 17 18 19 16
7 6 14 12 5 13 3 2 15 19 8 18 9 10 16 4 0 17 11 1
7 10 2 14 9 13 11 8 0 15 18 5 4 17 16 1 6 12 19 3
6 14 19 7 4 0 9 11 8 12 5 18 15 1 16 10 3 17 13 2
18 17 11 14 7 16 0 19 5 9 13 12 1 4 10 3 15 8 2 6
18 1 16 3 8 7 17 4 2 9 12 0 15 13 11 6 14 5 19 10
14 4 0 12 3 8 5 6 9 19 11 18 15 10 7 13 2 17 1 16
11 19 0 16 18 8 3 10 14 2 6 1 4 9 17 12 15 13 7 5
0 12 3 10 14 17 1 7 18 11 2 8 13 15 19 16 5 6 9 4
6 14 9 1 4 3 18 12 7 19 8 0 11 17 10 13 15 5 16 2
8 18 19 4 9 15 12 10 3 17 7 6 2 1 0 13 16 5 11 14
11 17 14 6 19 2 16 1 9 8 3 18 7 4 5 0 13 10 15 12
6 1 10 15 7 2 0 4 5 18 17 12 14 11 19 8 9 13 3 16
6 3 9 10 2 19 7 5 17 12 18 4 1 13 16 8 11 14 15 0
12 0 7 2 5 3 4 11 13 19 8 1 14 10 16 17 6 18 9 15
31 9 21 22 62 30 81 36 63 100 64 54 16 5 80 49 12 74 51 86
26 1 27 84 93 68 62 59 18 22 93 16 98 24 12 17 81 77 28 40
10 86 85 19 6 93 80 1 48 34 9 52 6 17 67 20 14 95 95 79
47 33 25 18 11 97 100 34 8 97 12 88 25 30 71 42 41 47 47 38
75 77 89 62 35 84 15 65 8 89 15 62 58 27 9 91 94 34 78 8
68 18 65 100 25 34 97 68 92 88 38 67 35 55 11 59 17 72 4 45
28 10 53 69 52 60 83 57 98 92 11 89 61 63 89 50 29 84 55 15
92 58 23 63 57 23 44 26 50 85 81 61 71 69 35 61 13 16 43 54
33 51 27 69 5 43 27 76 73 88 25 15 95 76 92 14 79 73 79 7
74 29 40 81 69 70 92 81 2 8 74 44 72 71 10 67 68 38 33 51
67 16 62 23 21 22 22 40 6 51 60 99 34 25 75 79 60 42 48 98
60 28 1 57 31 15 91 32 87 57 43 72 94 15 54 71 42 22 42 76
19 3 93 37 29 15 60 53 45 21 68 37 31 43 93 9 30 32 59 35
35 85 97 85 39 53 72 59 86 32 61 70 32 33 21 51 90 53 90 67
30 94 19 17 42 47 44 97 87 96 7 73 61 45 13 20 30 4 32 61
89 15 13 42 91 82 94 80 88 55 12 3 81 33 35 89 30 85 55 43
26 82 67 100 82 86 3 8 90 7 84 65 84 2 12 49 6 79 67 17
97 45 25 47 67 58 31 6 52 13 9 77 52 40 36 78 88 44 66 83
80 94 28 53 16 47 97 67 20 66 5 33 11 87 27 79 19 44 48 99
70 25 75 77 60 79 57 5 39 96 91 39 56 46 39 31 15 38 5 15
5 61 98 1 31 91 73 37 31 47 58 43 34 32 91 15 2 100 13 6
69 38 49 92 33 6 37 92 17 31 17 19 79 52 61 42 80 91 100 15
100 87 35 12 63 78 7 76 74 70 32 17 63 72 84 20 71 52 86 18
89 58 22 14 53 3 14 37 59 17 33 98 53 55 67 72 13 5 76 26
96 74 72 64 52 89 100 86 69 100 48 17 91 79 86 8 3 15 53 94
33 83 97 93 26 100 10 93 75 12 71 68 46 85 34 30 52 3 10 30
64 5 47 24 81 94 93 38 7 53 100 35 47 21 22 24 28 24 29 5
100 22 92 96 16 34 70 61 76 6 6 76 45 71 39 82 42 30 99 94
43 96 91 69 35 31 78 21 48 61 18 46 74 35 20 30 18 46 25 14
9 45 14 14 45 16 39 27 86 49 66 97 39 47 15 39 69 84 61 7
52 61 7 7 11 85 65 10 48 63 69 72 28 95 95 24 19 38 76 91
46 42 69 43 19 93 4 6 26 19 18 30 78 49 74 58 17 66 52 62
31 17 39 53 18 17 85 15 80 95 100 3 93 6 45 59 6 64 63 78
72 89 64 89 58 28 67 55 86 20 54 18 81 3 78 73 36 56 17 84
30 32 46 61 21 5 99 31 15 83 95 44 3 99 24 58 9 48 7 94
95 75 45 56 49 57 94 55 11 50 26 69 55 47 34 62 84 1 99 37
77 44 10 63 14 4 2 74 31 50 71 16 17 54 60 21 97 39 20 27
39 25 6 50 12 14 29 74 49 74 58 38 80 3 70 85 75 31 36 43
6 29 36 43 12 22 35 19 63 44 54 83 67 36 69 72 28 71 65 90
97 63 99 94 29 66 20 12 17 23 22 46 65 32 87 10 7 27 18 60
68 10 99 27 41 71 73 11 98 56 86 42 33 1 3 88 94 60 92 70
85 14 66 84 10 23 27 21 5 49 26 88 52 10 68 32 61 64 39 45
60 83 6 61 47 38 43 59 58 60 84 52 72 53 8 44 56 80 50 44
92 44 41 99 7 5 100 93 42 18 4 99 17 6 92 3 21 16 73 3
51 21 29 10 54 24 73 83 56 29 35 92 2 41 7 84 20 13 71 22
90 21 91 4 76 2 86 85 50 96 41 34 96 39 54 69 68 31 43 35
28 15 8 89 14 53 54 84 29 47 67 73 37 96 86 83 77 19 23 25
88 66 38 8 97 66 45 95 15 44 43 43 84 14 15 24 98 71 39 91
78 36 56 52 39 6 77 30 94 59 97 11 73 68 57 47 34 96 44 46
31 35 54 41 33 94 65 99 65 10 48 11 24 81 78 30 82 2 68 22
