50 20
0 14 10 13 16 12 3 18 8 7 5 1 17 15 11 19 9 4 6 2
9 11 3 17 10 8 14 12 15 16 1 0 5 4 2 19 18 7 6 13
14 11 13 12 10 0 3 16 7 6 15 17 19 4 5 9 18 1 8 2
9 2 18 12 19 3 13 10 15 16 4 8 14 5 7 6 11 1 0 17
16 2 5 10 15 1 4 11 7 12 0 8 18 14 17 9 6 19 3 13
5 4 9 6 12 16 10 17 7 14 0 15 3 18 19 13 2 1 11 8
11 13 7 8 12 5 6 2 15 1 4 14 19 9 18 17 16 3 10 0
12 8 10 5 14 7 1 2 0 6 16 17 4 11 13 9 15 3 19 18
6 4 19 10 7 14 0 5 2 17 9 1 16 12 13 11 3 15 8 18
16 4 14 9 3 15 2 0 10 1 12 5 13 8 17 11 19 18 7 6
19 8 1 12 17 10 9 18 13 7 5 2 11 15 6 4 16 14 3 0
0 14 13 15 2 18 16 3 17 11 1 8 5 4 12 6 7 10 19 9
6 5 8 4 19 12 2 17 3 0 11 15 16 10 7 9 18 1 14 13
15 6 4 0 10 8 1 2 11 12 18 13 17 14 16 7 5 19 3 9
18 14 0 4 2 16 10 12 17 3 13 19 6 8 7 9 5 1 15 11
2 11 3 4 16 0 15 13 18 10 7 17 14 12 9 6 8 5 1 19
17 18 11 12 19 8 6 4 3 13 0 10 14 7 15 5 16 2 9 1
8 19 4 14 16 9 18 10 6 3 1 5 13 7 0 15 17 2 11 12
12 3 8 17 11 15 4 10 13 7 5 2 9 19 18 14 0 1 6 16
15 1 2 14 4 13 11 6 5 9 17 8 18 12 19 10 7 3 16 0
0 9 17 1 7 12 5 4 2 3 11 15 16 10 19 18 14 6 8 13
6 9 4 15 16 11 8 1 2 14 12 18 10 17 19 0 7 3 13 5
3 10 15 4 5 18 7 0 2 6 17 12 9 14 19 13 8 11 16 1
1 5 15 19 9 18 14 4 10 7 17 3 8 16 12 6 11 13 0 2
9 4 11 14 2 1 0 10 7 16 12 6 8 17 19 3 18 15 13 5
15 6 2 0 3 13 11 10 1 17 14 8 18 16 9 12 7 5 19 4
6 8 9 5 19 4 1 2 17 7 12 18 16 14 10 15 3 11 0 13
9 8 4 13 12 5 17 16 7 3 11 0 2 10 18 19 6 15 1 14
6 13 14 1 17 19 11 18 0 7 4 16 9 2 5 15 3 8 12 10
10 15 9 4 7 2 8 5 18 19 12 6 14 11 16 13 17 3 1 0
15 2 3 12 17 14 5 8 9 6 11 4 19 0 13 10 1 16 18 7
8 15 2 9 10 5 13 18 12 4 3 17 6 0 14 1 16 11 7 19
9 5 3 16 12 15 13 8 11 10 4 7 0 2 1 17 18 6 14 19
13 16 18 12 2 14 1 10 3 0 17 15 7 5 8 19 11 4 6 9
17 0 7 12 9 4 8 3 16 2 1 11 15 19 6 14 10 5 13 18
16 15 7 6 4 0 8 19 13 11 18 10 9 14 2 3 17 1 5 12
11 1 15 17 5 16 6 12 3 19 2 0 18 10 13 9 7 14 4 8
8 4 6 5 1 18 7 17 16 11 2 0 10 14 15 12 3 9 13 19
18 17 15 5 8 19 11 4 12 14 3 10 9 6 7 0 2 16 1 13
13 3 6 8 16 9 18 4 14 12 15 2 11 5 17 19 7 1 10 0
7 15 11 0 1 4 18 6 13 12 19 9 3 14 16 2 17 5 10 8
6 18 13 7 9 16 14 19 8 2 17 11 1 10 5 3 15 0 4 12
19 0 5 3 6 16 2 9 4 11 10 17 1 12 15 8 13 7 14 18
17 3 5 9 19 4 15 18 12 7 6 14 13 11 8 2 1 0 10 16
13 9 2 0 14 12 4 10 19 15 17 3 18 1 5 11 8 7 6 16
5 13 2 12 16 1 10 18 3 0 17 4 11 8 6 19 7 14 9 15
16 1 4 10 17 15 13 18 6 5 9 7 19 12 14 3 0 2 8 11
13 0 1 6 2 4 8 3 16 10 15 11 19 18 17 7 5 12 9 14
14 12 19 13 5 16 18 3 11 17 10 8 6 2 1 4 15 9 7 0
9 3 13 17 7 15 10 11 16 8 4 0 6 5 14 19 12 2 1 18
69 99 81 6 81 33 6 30 66 91 2 74 60 29 7 49 30 12 65 83
22 29 40 71 21 57 27 39 82 17 90 92 54 61 75 78 95 14 52 85
16 36 29 51 72 55 61 76 23 82 36 8 31 82 94 46 54 42 91 46
88 90 45 58 75 83 63 2 90 7 72 13 77 65 33 24 62 28 83 86
35 12 55 46 55 71 51 42 10 8 97 18 56 19 4 12 97 69 93 8
34 20 18 74 97 79 90 37 70 67 87 65 84 35 70 89 9 51 61 71
33 4 11 87 49 9 71 19 63 51 5 43 54 96 15 10 8 9 73 78
99 17 34 93 61 76 68 93 43 87 13 81 7 73 79 42 85 59 39 35
14 96 98 33 100 12 67 30 86 3 8 84 48 1 53 76 95 61 8 43
39 39 1 52 36 12 80 91 75 81 82 99 19 37 45 38 41 19 10 38
99 83 55 5 33 52 15 66 84 39 33 13 89 76 43 68 28 93 45 22
42 76 54 97 60 46 55 51 77 38 49 99 78 94 96 41 10 88 67 28
89 28 96 96 43 67 89 69 17 74 78 96 67 34 85 90 27 98 52 45
82 24 82 53 36 49 43 36 25 84 96 51 40 21 89 65 14 48 43 78
1 23 78 73 27 20 30 36 82 24 15 51 66 28 14 89 5 58 77 32
13 64 45 22 32 11 27 22 4 86 98 93 76 7 73 36 82 29 91 26
6 58 97 92 11 5 100 99 70 72 38 30 70 88 63 28 30 34 56 14
18 49 30 34 46 71 69 92 26 82 42 21 27 55 42 40 42 14 73 19
1 48 75 3 98 97 59 16 53 71 47 88 99 27 51 31 92 69 59 92
42 41 7 74 74 70 100 2 88 93 93 26 20 83 33 25 61 53 99 87
59 2 36 77 23 90 90 89 28 18 84 49 38 14 16 69 6 35 25 71
28 66 40 27 66 42 94 72 63 66 80 29 74 74 90 29 27 34 65 53
63 27 34 26 81 54 8 28 68 100 29 31 24 31 50 35 23 48 53 95
98 30 71 53 55 25 76 69 64 29 82 82 91 33 56 7 78 17 15 97
64 31 92 56 68 8 50 24 83 16 28 88 50 10 82 65 31 62 40 64
74 54 37 90 19 16 67 7 39 69 62 67 90 43 2 97 70 31 39 11
100 7 41 47 49 60 23 65 94 13 39 85 68 65 5 31 33 91 15 83
13 28 53 62 76 58 77 55 9 45 92 28 33 88 37 94 22 96 46 20
13 7 46 24 1 50 85 32 80 88 50 15 63 66 73 8 72 37 60 75
87 97 72 63 62 49 45 80 43 27 99 62 57 13 98 40 56 6 25 49
55 36 45 28 84 51 1 41 67 8 17 18 97 86 23 27 35 91 28 34
89 31 24 5 80 64 93 10 25 65 88 63 32 36 84 55 50 85 59 77
46 16 72 79 15 57 40 30 83 9 41 35 51 10 62 36 6 79 48 3
38 73 9 34 50 42 95 1 4 84 77 11 9 59 27 98 99 92 84 67
21 45 9 94 51 12 84 46 99 89 99 65 79 51 44 8 95 4 2 11
4 97 76 92 11 46 66 57 25 97 35 60 52 48 92 50 10 88 85 24
94 20 35 37 59 40 27 65 34 43 94 17 94 47 67 27 72 58 91 24
67 8 43 16 82 47 73 18 97 67 45 93 56 48 47 46 32 88 83 29
65 65 42 48 1 18 97 21 8 29 49 84 86 60 87 78 88 1 95 48
84 84 24 26 58 35 81 26 55 89 61 27 26 39 78 83 90 96 88 27
96 57 44 77 17 67 99 24 96 53 38 71 41 95 43 92 98 31 60 93
35 61 66 3 60 58 39 7 52 82 83 75 67 22 85 55 75 48 12 53
68 91 65 9 73 51 83 93 11 65 5 52 73 40 68 22 68 96 3 76
26 58 99 99 22 72 46 83 77 43 20 60 34 16 81 68 80 20 45 79
49 75 28 29 87 74 13 17 93 52 13 43 61 100 75 64 7 36 87 89
90 95 14 80 97 69 73 66 28 9 70 90 72 24 17 17 50 21 83 54
23 68 49 45 28 3 72 83 85 14 52 95 62 89 75 23 33 84 88 92
59 80 98 34 51 88 17 19 69 86 95 37 59 15 58 96 23 60 4 99
49 83 55 2 100 2 33 57 50 77 78 81 44 41 18 3 56 85 29 80
26 68 51 54 52 90 23 38 1 30 29 28 85 95 29 28 26 85 73 100
