50 20
10 4 18 7 14 13 2 19 5 1 3 11 6 8 12 9 16 15 0 17
1 14 9 17 10 12 19 11 0 15 7 8 13 18 3 5 16 6 2 4
3 1 12 5 14 8 17 10 13 11 2 18 7 15 16 19 9 6 0 4
5 3 9 6 8 12 13 2 1 18 7 11 10 14 15 0 16 4 17 19
13 11 5 7 14 1 15 12 17 19 4 8 16 10 0 18 6 2 3 9
15 1 5 7 18 4 14 10 12 19 6 17 3 11 16 8 9 0 13 2
12 5 18 19 15 11 8 1 9 7 2 3 6 13 16 0 14 17 4 10
6 0 9 7 16 1 15 13 2 19 4 5 18 14 12 8 10 3 11 17
18 9 11 17 6 16 10 15 5 14 19 12 1 0 3 13 8 7 2 4
14 4 19 7 11 16 6 1 17 15 9 12 2 8 3 0 13 10 18 5
9 19 10 18 7 13 8 12 3 2 0 11 15 16 17 1 4 14 5 6
8 3 18 6 10 7 19 14 12 11 17 9 1 2 15 13 16 0 4 5
15 5 13 1 16 14 4 19 11 18 3 8 17 6 12 10 0 9 7 2
1 13 0 8 12 3 17 18 5 10 19 14 2 6 11 4 16 9 15 7
4 5 14 3 1 6 11 12 17 2 13 0 19 18 8 10 7 16 9 15
14 9 3 10 11 18 8 19 5 6 12 13 1 4 16 15 7 17 2 0
0 1 19 5 4 10 3 8 11 18 6 15 13 2 17 7 14 12 16 9
3 12 0 1 5 15 2 7 10 9 17 13 19 11 18 4 14 16 8 6
14 10 12 6 1 3 4 19 2 8 0 5 13 17 11 16 18 7 9 15
6 15 12 18 17 19 0 11 5 4 8 1 2 3 16 10 13 14 9 7
13 18 1 7 14 6 17 12 3 9 15 5 2 16 11 0 4 19 8 10
17 19 8 9 13 3 18 0 4 12 10 2 15 16 6 1 11 14 5 7
7 4 13 6 17 2 9 19 12 1 11 0 8 3 16 15 10 5 14 18
16 11 9 13 4 2 10 12 3 1 8 19 7 0 6 17 5 18 14 15
15 0 11 9 13 7 18 10 14 17 1 5 6 8 16 19 4 2 12 3
6 1 10 14 19 15 12 4 5 0 13 7 9 11 16 17 8 2 18 3
17 12 13 16 7 9 19 8 3 6 18 11 5 4 15 2 10 1 0 14
6 5 16 4 17 12 15 18 2 10 13 11 8 19 1 3 14 9 7 0
13 2 18 0 19 1 8 3 9 5 14 16 15 12 4 17 7 11 6 10
9 0 18 13 8 2 7 19 16 1 6 11 17 4 10 5 15 12 14 3
10 19 6 17 5 1 7 8 9 12 3 15 4 18 0 2 16 14 11 13
8 2 7 19 1 15 12 14 13 11 10 3 6 9 5 16 18 4 0 17
13 18 16 1 0 2 12 14 15 10 19 4 5 3 17 7 9 6 11 8
15 17 18 9 5 2 1 7 14 4 13 16 11 0 3 6 10 8 19 12
9 11 2 14 8 10 7 19 17 18 1 15 3 12 0 16 6 13 5 4
2 1 19 18 14 10 7 11 17 9 3 12 13 5 8 16 4 6 0 15
15 1 9 18 2 7 19 12 3 14 10 16 8 4 11 6 17 0 13 5
13 2 5 4 10 19 0 6 9 16 14 1 17 3 18 11 8 7 15 12
17 16 4 2 3 8 14 19 1 7 15 9 18 11 6 5 12 13 10 0
5 4 2 19 0 11 3 10 13 1 8 9 14 12 7 16 15 17 6 18
2 5 3 8 13 6 9 12 17 0 15 14 10 16 7 18 4 1 11 19
19 16 0 11 2 15 8 17 3 9 4 7 10 1 18 14 12 6 5 13
18 8 9 11 13 1 10 6 2 14 19 0 5 15 4 12 16 3 7 17
1 2 12 17 5 11 4 18 8 0 13 15 6 19 9 14 3 10 7 16
5 15 2 8 18 10 19 11 6 17 14 1 4 12 13 9 16 7 0 3
11 3 1 17 14 18 12 8 7 15 9 5 0 16 10 4 13 6 2 19
17 7 9 16 0 10 19 15 13 8 2 12 14 6 11 18 1 4 5 3
7 3 12 0 14 18 13 5 8 15 4 6 9 17 10 16 1 11 2 19
2 3 4 9 1 16 11 18 14 12 5 8 15 6 0 17 19 13 7 10
10 11 18 14 15 17 13 3 2 4 8 6 7 9 12 16 19 5 0 1
7 75 72 18 50 88 4 20 50 32 24 13 79 26 72 28 57 24 92 50
79 64 50 87 47 61 48 25 66 60 71 64 88 6 88 28 24 44 90 60
78 51 32 92 8 66 62 82 96 69 39 79 28 8 84 89 86 53 18 22
27 76 15 97 41 18 69 17 95 72 15 30 54 96 52 92 14 25 100 31
16 45 98 49 74 40 13 58 17 56 80 47 59 40 25 69 79 3 92 56
74 29 46 1 100 87 4 60 22 55 93 32 80 13 21 46 56 24 90 62
80 50 42 62 9 84 52 74 42 29 39 61 79 96 73 12 7 14 63 6
86 39 81 97 51 100 62 49 99 69 63 39 79 72 4 22 19 41 47 17
54 91 54 97 30 70 16 97 36 99 3 93 83 78 71 21 68 33 10 91
78 75 55 29 55 49 64 88 77 84 68 1 33 93 81 38 99 56 10 6
97 95 62 20 66 89 36 35 81 94 57 64 5 27 81 42 55 6 20 92
35 65 33 67 6 46 78 32 4 16 25 89 6 48 56 76 4 100 94 10
39 53 95 39 32 58 63 45 100 98 61 39 26 33 65 96 31 24 89 90
47 4 33 82 23 64 94 76 73 97 82 61 14 96 44 91 79 70 95 3
56 41 97 93 84 22 34 18 38 62 28 83 79 34 57 21 36 23 35 71
49 10 47 51 92 51 83 7 74 40 36 39 94 41 82 36 22 84 12 97
85 33 42 5 42 58 93 52 31 81 25 58 43 64 46 15 55 10 76 77
83 57 97 40 38 99 14 78 93 68 43 90 42 99 64 38 64 93 25 29
20 85 52 71 37 17 93 46 88 36 42 45 7 21 90 41 46 20 44 8
12 77 2 93 72 54 26 85 2 80 40 78 82 77 43 44 15 96 79 15
41 33 97 24 12 58 39 31 67 69 87 19 7 45 50 44 11 18 25 68
59 35 36 87 33 99 84 74 19 25 83 32 13 96 50 76 18 81 10 16
16 92 22 27 75 15 28 64 10 55 32 20 81 87 95 89 42 84 35 59
20 62 48 99 45 12 63 48 34 10 11 54 78 72 72 34 36 69 13 57
94 4 70 51 65 34 30 99 45 24 8 86 77 65 67 67 34 94 74 36
62 71 33 87 1 16 78 86 97 62 24 16 32 13 75 91 18 74 9 77
36 34 94 96 4 48 2 95 15 19 85 46 44 23 69 100 57 79 23 49
91 32 95 86 72 80 22 99 47 77 74 1 22 44 19 49 21 33 14 82
87 9 85 97 42 13 29 16 77 8 77 51 70 42 69 89 37 60 24 63
11 90 96 45 79 61 20 66 68 14 99 15 11 21 78 4 96 9 34 20
50 28 54 9 72 54 86 70 5 70 32 59 30 53 75 66 27 44 30 3
100 24 47 94 60 21 92 82 47 57 2 21 9 41 12 53 1 56 16 42
57 27 86 34 8 12 1 99 32 56 7 11 11 45 94 3 28 73 55 64
24 93 89 7 10 57 47 85 96 2 99 75 68 67 26 65 11 22 36 6
55 93 39 91 93 29 7 89 78 49 21 67 14 96 75 43 83 81 75 93
82 14 68 50 9 95 3 41 35 32 14 73 18 19 47 30 68 67 83 19
27 39 32 25 50 27 30 82 17 75 63 84 31 85 3 81 90 93 80 91
5 94 43 47 65 77 29 71 70 28 17 92 41 3 88 84 28 59 48 4
33 93 33 31 79 21 24 36 64 72 60 51 54 74 68 75 80 99 65 27
68 4 70 82 23 44 56 49 84 9 10 85 6 66 74 69 9 41 11 63
85 13 12 5 7 13 36 2 78 13 4 92 67 46 27 84 24 11 4 39
87 58 64 85 22 25 58 67 10 45 35 60 4 64 39 77 80 15 2 90
51 87 18 67 7 76 13 42 32 70 58 43 94 6 84 65 32 32 95 29
1 73 59 63 47 1 61 81 9 13 37 28 98 74 63 74 50 3 74 88
22 94 87 94 12 84 78 64 99 43 36 81 97 3 11 76 86 33 41 71
39 71 80 33 47 84 63 60 24 24 64 62 31 84 32 91 12 76 78 16
30 63 79 53 5 62 27 22 46 78 66 63 81 54 17 28 45 87 58 76
51 52 62 77 11 21 92 88 59 57 48 93 28 78 55 45 61 99 30 33
57 54 63 5 76 74 31 15 62 84 2 23 74 67 97 82 81 28 69 80
55 73 83 45 54 10 3 72 81 21 89 23 68 73 99 41 9 54 60 29
