50 20
13 19 8 14 9 18 3 5 2 17 12 15 6 4 16 10 7 0 11 1
1 9 5 3 2 4 17 14 16 11 13 10 0 18 15 6 12 8 19 7
7 18 16 14 10 17 12 19 15 9 2 3 6 11 4 0 5 8 13 1
7 10 4 18 8 15 9 11 14 0 1 2 6 19 3 17 16 13 5 12
8 3 2 11 9 7 5 4 12 19 17 10 14 6 1 13 16 15 0 18
14 6 5 18 3 0 19 2 16 8 10 13 15 11 4 9 7 12 1 17
15 3 19 8 9 14 1 13 4 5 12 0 2 10 16 17 7 6 18 11
19 15 8 7 17 3 13 2 18 6 5 14 1 10 4 16 12 0 11 9
15 5 3 10 12 14 18 6 11 8 2 4 9 1 0 13 17 19 16 7
0 13 18 10 6 9 19 4 15 3 17 16 2 11 14 8 12 7 5 1
6 3 13 14 10 7 17 19 11 9 18 5 8 1 16 0 15 4 2 12
3 0 17 11 6 10 13 14 15 2 4 16 18 8 1 12 9 19 5 7
12 16 3 19 7 2 5 6 8 17 14 18 15 13 1 10 9 4 11 0
18 1 6 7 13 12 5 19 16 4 8 0 3 2 10 15 17 14 9 11
2 16 18 1 5 9 14 19 13 15 11 10 8 17 12 6 0 3 7 4
12 8 17 10 5 4 15 6 16 13 9 3 18 2 1 0 19 11 7 14
3 4 15 0 10 19 11 6 18 16 14 8 17 1 2 5 12 9 7 13
8 16 10 11 14 19 15 1 0 18 17 4 5 7 12 13 3 6 9 2
2 11 0 8 13 19 17 7 3 10 1 5 12 6 15 14 16 9 4 18
10 13 19 17 9 11 0 15 16 5 1 4 6 14 2 12 3 7 18 8
15 19 5 3 7 2 9 6 0 17 16 11 4 13 1 10 8 18 12 14
16 5 8 0 4 3 11 15 6 13 17 18 1 14 7 9 12 10 2 19
9 0 5 12 10 7 2 18 3 19 15 13 14 4 17 16 11 8 6 1
6 16 10 7 8 11 3 15 12 18 9 2 1 17 5 14 19 13 4 0
6 2 15 0 13 11 18 17 1 14 9 7 8 16 4 5 3 19 10 12
19 18 17 12 2 9 11 1 0 10 16 5 13 3 8 6 4 7 15 14
7 18 1 8 17 11 10 3 0 14 2 5 13 16 19 12 9 6 15 4
5 19 9 13 16 4 15 7 8 17 14 6 2 1 18 12 3 0 10 11
16 17 1 18 4 19 0 8 6 9 13 3 10 14 15 2 5 7 11 12
13 1 9 8 17 10 14 16 12 3 0 7 18 19 2 6 15 11 5 4
12 2 8 11 19 3 6 0 15 4 17 7 13 14 10 5 16 18 9 1
14 2 3 5 19 0 8 17 18 7 10 12 11 15 13 9 4 6 16 1
14 17 12 3 7 13 16 6 2 1 11 5 18 19 0 15 10 4 8 9
3 15 2 0 10 9 8 11 16 17 4 7 12 6 13 14 1 18 19 5
18 14 3 2 10 5 13 16 4 11 7 0 1 15 19 17 6 8 12 9
6 7 14 9 0 12 5 11 3 18 17 15 4 8 10 2 13 16 1 19
19 7 9 1 10 6 5 15 17 12 11 18 16 13 4 3 14 8 0 2
10 6 11 13 19 7 15 4 12 3 18 14 0 5 16 8 1 9 17 2
6 19 13 3 0 5 12 14 16 1 8 4 10 15 2 7 18 17 9 11
16 11 19 8 1 18 12 0 13 17 10 4 2 3 15 6 14 7 9 5
3 6 9 4 15 0 12 11 14 7 16 18 13 8 2 10 1 5 19 17
8 6 16 4 5 11 17 10 9 7 18 12 13 3 15 19 14 2 1 0
1 13 4 5 7 19 18 3 10 12 14 8 16 6 0 15 11 2 9 17
15 5 18 13 11 17 2 10 19 16 9 3 6 12 1 14 8 0 4 7
8 16 11 5 3 6 1 14 18 2 15 13 12 10 9 7 19 0 4 17
5 11 1 14 19 0 13 15 18 4 7 3 9 16 8 2 17 6 10 12
7 5 17 19 6 14 10 13 4 0 18 12 2 11 16 15 9 1 3 8
7 14 19 2 0 9 4 5 11 15 8 12 3 16 1 13 17 18 6 10
12 11 18 13 6 15 2 7 9 3 19 5 4 0 14 10 17 16 8 1
19 14 8 4 16 9 6 7 13 17 5 0 10 12 11 18 3 1 15 2
83 79 18 73 19 18 49 72 20 76 55 66 98 23 76 56 47 74 67 66
91 60 71 74 3 39 1 39 45 47 48 83 77 91 34 3 61 87 21 18
74 32 86 6 74 71 23 4 14 21 98 92 58 69 23 11 58 22 69 72
82 78 25 46 89 41 62 51 49 71 51 24 50 95 44 48 95 51 27 54
85 5 90 23 94 58 81 27 2 24 5 98 46 98 24 94 31 51 3 4
17 59 80 24 72 97 16 98 38 71 92 69 87 57 36 90 58 42 24 16
41 62 32 96 89 22 30 87 28 88 38 90 27 74 68 22 63 82 50 53
43 37 45 93 95 10 38 43 28 9 72 15 81 62 69 88 53 90 17 91
41 45 13 29 26 90 64 19 64 49 66 1 94 68 81 96 93 92 86 49
71 60 96 12 96 38 87 50 100 73 38 81 48 36 51 55 51 70 33 2
94 18 3 85 70 15 66 88 22 23 18 57 65 18 20 24 16 91 18 47
58 83 52 60 86 44 90 97 78 22 70 49 28 65 75 33 46 20 39 6
56 14 61 78 48 40 78 89 60 98 60 3 3 89 13 13 67 47 97 88
61 76 55 34 70 55 58 36 79 97 44 77 58 53 13 31 80 4 87 64
40 56 16 33 63 10 9 1 86 96 36 34 9 34 38 87 94 48 86 72
42 21 12 48 31 26 31 64 65 87 85 76 19 43 54 12 99 85 60 45
95 13 15 41 15 77 75 69 37 27 44 44 82 35 34 31 71 24 25 51
25 39 35 39 61 25 29 87 34 86 3 13 42 44 47 92 95 72 54 34
35 60 32 94 100 89 13 8 23 2 93 72 39 95 45 90 73 60 3 35
39 87 90 71 44 1 96 23 62 10 29 64 93 14 82 74 47 74 68 58
8 66 62 90 6 39 3 20 17 81 17 57 26 99 3 40 47 38 28 73
55 12 22 94 70 36 85 43 44 6 51 10 41 49 65 60 49 11 19 54
25 11 60 78 9 84 57 18 8 84 96 59 41 88 48 62 68 36 23 27
93 83 92 90 74 87 9 24 5 62 54 62 34 24 42 53 8 70 26 81
80 19 68 72 29 26 66 42 43 78 69 9 90 91 46 100 14 76 81 3
86 96 59 51 94 19 11 78 9 78 25 92 75 9 76 27 57 8 57 9
88 10 66 93 22 82 30 76 55 98 95 31 76 23 65 27 79 35 13 72
69 36 47 15 10 98 52 5 44 14 90 82 36 84 26 67 90 13 50 18
8 82 68 36 97 74 6 89 9 26 33 62 96 16 86 82 79 54 14 17
70 81 8 70 67 45 48 4 92 43 71 98 17 75 39 100 15 81 31 59
16 3 17 21 32 42 27 43 79 50 46 16 96 27 13 83 20 78 4 7
26 69 87 72 46 44 96 73 4 16 44 2 87 91 37 27 55 30 79 36
23 8 10 91 49 27 39 50 90 34 74 26 23 100 73 53 23 36 48 63
75 74 19 35 76 24 90 75 56 35 87 93 69 72 99 23 73 92 55 66
70 88 23 58 46 46 59 6 18 64 31 73 71 88 4 2 51 44 13 53
4 42 33 64 4 51 76 47 12 63 55 85 69 83 76 11 88 27 91 9
33 98 81 99 45 24 49 58 62 86 57 6 3 32 37 69 53 79 11 70
63 63 37 41 14 72 3 44 63 80 2 41 2 80 16 63 18 62 61 62
39 2 15 88 61 86 81 21 42 9 73 93 12 49 23 12 62 39 3 84
64 59 87 92 29 83 59 35 28 9 40 50 26 31 45 37 56 11 62 47
89 39 14 97 30 94 30 1 74 80 49 84 9 69 94 43 24 98 76 14
13 25 6 49 24 29 65 66 22 37 79 7 65 96 6 20 41 69 79 24
7 34 51 23 34 81 3 65 38 4 63 77 40 11 27 73 85 90 91 51
6 38 93 90 65 68 76 98 91 13 48 61 48 83 10 58 56 58 10 83
15 20 19 51 45 77 1 26 35 11 47 23 20 58 61 49 25 78 48 34
94 12 89 7 7 11 27 13 49 31 52 1 89 4 84 76 53 53 41 2
95 16 95 35 14 58 88 21 10 48 2 30 52 98 61 32 94 45 24 35
40 45 31 79 14 8 75 18 67 71 2 33 64 62 11 21 74 73 32 75
5 3 26 36 73 62 62 32 44 9 39 35 80 1 62 61 77 50 62 10
42 79 39 59 39 82 44 76 77 29 85 35 96 59 83 44 36 46 16 15
