50 20
8 14 15 11 0 9 2 12 13 10 4 5 16 7 3 1 17 19 6 18
14 1 11 10 9 15 16 8 4 0 3 12 13 17 18 6 5 2 7 19
18 5 13 4 6 19 16 3 0 12 1 17 2 7 11 8 15 14 10 9
5 10 19 14 7 4 1 8 0 17 9 18 12 16 2 15 3 13 11 6
18 7 15 10 2 9 16 6 8 13 17 14 0 1 11 19 5 3 4 12
8 0 1 10 18 9 19 17 15 14 13 12 6 5 2 16 3 7 4 11
5 3 9 16 6 15 1 10 2 18 13 12 8 17 14 0 4 19 11 7
19 8 9 14 12 13 18 2 6 15 5 11 4 7 1 17 10 3 16 0
18 1 7 10 14 17 3 19 2 0 8 12 5 11 6 9 13 16 4 15
3 13 11 7 19 17 8 9 10 1 16 2 5 6 18 14 15 0 12 4
14 3 5 13 8 17 9 10 7 16 15 11 0 4 2 18 6 1 12 19
12 16 18 13 9 17 2 11 3 6 15 1 5 0 14 7 4 19 8 10
17 4 0 1 16 3 5 11 6 18 7 2 10 8 15 9 14 13 12 19
14 0 5 1 9 3 10 19 18 11 8 2 17 16 13 6 7 4 15 12
10 15 11 13 17 4 2 3 0 7 16 19 5 14 6 18 8 9 1 12
3 1 7 5 2 6 16 10 11 12 19 0 17 14 13 18 15 9 8 4
4 15 16 7 0 9 2 18 13 8 17 19 1 11 6 3 5 14 12 10
4 13 1 19 2 12 0 11 5 9 6 14 15 16 3 8 7 10 18 17
15 7 13 14 1 8 11 4 2 19 17 16 9 5 10 6 18 0 3 12
8 6 0 3 18 1 2 12 5 17 13 15 19 11 9 7 14 10 4 16
2 9 13 10 6 17 19 15 7 8 11 14 1 0 16 5 12 4 18 3
16 8 17 9 3 0 2 10 7 13 1 15 11 4 19 18 6 12 5 14
2 14 9 1 4 10 16 17 11 19 13 6 12 8 15 5 0 3 18 7
16 14 5 11 2 0 4 10 7 18 9 13 6 1 12 19 15 17 3 8
8 12 10 15 11 7 9 18 2 1 0 5 16 19 17 4 13 6 14 3
1 19 10 3 14 17 8 5 9 7 13 11 0 12 15 6 16 2 18 4
5 19 18 2 14 7 12 13 11 1 6 10 17 8 3 0 9 4 16 15
11 15 19 17 2 10 5 0 8 6 16 12 18 14 7 9 4 1 3 13
1 15 13 3 5 9 14 0 18 2 7 12 19 10 4 17 8 11 6 16
0 3 15 10 11 2 4 18 1 8 16 9 13 7 12 5 14 17 6 19
0 16 7 2 14 1 13 15 17 19 3 18 9 8 6 4 12 5 10 11
8 16 1 12 17 10 15 4 19 3 0 13 7 5 6 2 18 11 14 9
15 17 8 5 16 2 12 10 6 9 14 11 0 3 19 4 13 7 18 1
18 12 10 16 19 4 3 15 13 11 7 5 17 9 2 8 0 6 14 1
1 14 8 19 12 5 4 0 15 16 7 10 9 11 2 17 3 6 18 13
18 14 10 2 17 0 12 5 6 4 15 9 3 1 19 8 11 13 16 7
7 9 13 12 15 8 14 11 10 5 6 16 18 2 1 17 0 19 3 4
17 0 15 3 7 13 9 5 4 14 11 16 10 2 18 19 1 12 6 8
18 14 5 3 19 8 7 2 9 4 16 6 1 11 15 0 10 17 13 12
19 10 3 12 1 18 17 16 9 13 4 7 15 0 8 11 2 6 5 14
4 9 1 6 12 7 3 10 17 15 19 11 16 8 2 13 18 5 0 14
15 17 9 13 19 4 2 11 8 10 16 14 0 3 1 6 12 7 18 5
11 8 6 19 7 13 16 5 1 12 3 10 17 9 0 14 18 15 2 4
14 4 1 8 10 18 12 2 3 5 9 17 13 0 6 11 16 19 15 7
11 17 4 5 1 8 12 16 6 19 15 7 13 14 3 9 18 10 2 0
1 7 19 9 0 18 17 10 3 14 15 11 8 16 12 4 6 2 13 5
15 0 5 4 12 17 9 3 2 18 13 19 10 6 11 8 16 7 14 1
19 11 10 1 4 13 15 5 3 6 8 0 18 17 14 2 12 16 7 9
8 4 17 18 2 10 3 16 7 0 1 14 11 6 15 13 12 19 9 5
0 9 17 13 7 10 4 16 6 18 1 8 11 3 19 5 14 12 2 15
61 97 10 58 71 85 49 85 48 8 13 86 100 18 39 5 24 38 40 23
76 86 43 75 52 17 37 33 27 60 26 79 30 59 80 80 12 23 12 64
16 7 63 8 71 92 36 86 63 91 77 43 41 66 8 45 10 17 19 27
64 12 83 95 47 7 68 51 79 93 97 52 59 54 11 44 16 74 83 27
71 7 21 38 15 69 40 16 55 4 57 80 6 89 75 26 63 35 14 47
52 85 76 90 41 1 20 46 21 11 95 85 75 43 67 22 66 26 62 31
77 9 86 19 26 60 87 78 80 87 44 53 67 60 51 90 92 54 15 36
59 30 77 19 25 28 59 65 12 61 35 29 2 60 65 96 70 10 24 98
3 97 72 23 20 67 39 36 21 61 86 97 21 47 92 60 29 33 25 6
15 53 65 86 23 20 54 38 9 51 36 47 47 96 24 41 23 52 85 45
89 81 99 68 60 90 8 57 75 8 45 16 26 90 5 50 99 3 11 71
93 12 81 36 16 15 50 29 46 56 85 85 34 57 13 42 77 62 74 58
59 65 86 31 25 69 29 2 34 95 20 28 78 63 16 59 97 74 55 89
54 23 89 25 58 41 17 87 55 80 2 53 87 93 64 43 75 24 99 99
26 52 44 41 66 49 72 55 35 75 65 37 46 60 40 94 1 52 77 40
15 75 14 67 27 58 42 84 74 75 25 46 99 8 61 49 29 77 10 10
46 19 20 23 55 68 46 83 96 60 67 100 37 10 4 85 37 84 84 86
50 43 94 11 68 52 69 53 83 46 82 87 40 91 96 22 81 47 99 63
23 58 8 93 42 84 33 87 57 53 44 94 31 58 51 70 18 89 92 85
34 9 72 100 87 72 85 40 17 66 94 1 98 33 44 97 97 75 83 43
4 3 4 25 70 59 26 12 9 1 15 81 55 6 2 59 28 55 50 11
91 80 49 83 70 78 47 22 96 86 64 45 70 54 2 87 88 92 66 95
10 54 67 66 53 17 80 80 13 34 24 75 47 48 50 96 86 36 66 97
77 97 34 27 63 75 11 23 36 100 29 41 36 56 72 42 42 74 42 50
52 72 49 84 61 87 21 30 44 74 20 80 52 99 42 15 80 47 47 92
25 2 83 2 32 78 29 87 100 8 92 1 74 57 75 82 89 55 72 75
16 76 1 83 37 59 14 31 48 59 68 42 93 12 38 81 80 74 67 98
84 75 10 17 30 32 8 61 56 82 66 95 94 62 48 46 9 31 69 63
18 97 22 95 34 85 21 83 56 30 50 58 99 2 11 20 20 24 13 91
100 94 72 53 18 80 30 95 73 57 53 84 49 85 27 57 94 14 56 78
66 61 98 99 51 96 27 35 19 26 98 46 93 28 29 14 83 79 88 9
79 90 96 57 7 60 18 17 15 96 93 56 18 37 74 60 38 51 28 78
31 53 37 91 66 85 23 63 63 69 58 79 87 28 58 31 40 32 90 18
85 9 48 49 46 9 12 79 64 10 92 31 28 56 16 95 100 85 41 70
72 1 33 75 45 17 67 84 14 79 80 24 77 56 24 70 92 12 15 31
44 68 26 78 55 24 52 76 53 99 94 44 30 41 79 94 87 81 37 70
66 67 33 52 95 19 24 25 67 19 33 51 76 96 87 52 88 84 100 25
64 81 22 77 18 35 29 78 23 87 8 59 9 28 6 18 8 35 51 20
48 22 38 75 49 19 97 98 64 48 76 51 43 86 89 1 75 9 77 83
32 85 93 63 86 43 35 48 89 63 46 26 75 54 100 50 54 95 46 12
45 87 96 9 9 83 70 53 77 33 40 34 50 26 57 1 39 83 51 29
93 72 92 15 79 90 41 65 64 28 3 82 56 15 51 89 77 24 24 83
5 90 60 81 82 60 97 10 3 54 22 82 2 58 46 23 59 6 36 35
56 81 95 82 49 29 82 97 93 99 63 3 9 88 25 52 60 25 8 92
82 74 100 42 49 31 49 78 30 91 30 63 7 96 27 63 20 70 21 95
70 18 88 74 78 76 58 65 8 44 42 18 39 86 60 1 11 3 52 12
43 94 88 66 6 64 70 2 52 70 63 33 97 42 65 64 75 5 98 90
100 11 2 95 26 81 12 67 92 92 26 99 94 60 58 60 27 44 11 63
66 60 94 52 29 80 59 45 48 68 9 12 53 93 30 33 79 51 21 40
73 48 76 64 44 15 86 35 25 37 1 92 99 18 91 46 32 67 91 35
