50 20
14 1 16 2 9 3 19 8 13 7 0 11 12 18 4 10 6 17 5 15
18 9 1 14 15 4 10 7 17 16 0 12 2 3 6 13 8 5 11 19
8 16 13 9 18 1 11 5 0 6 17 7 14 19 10 3 15 12 2 4
17 12 3 9 14 11 0 4 10 19 13 16 6 18 1 5 7 8 2 15
11 19 1 8 17 2 3 5 7 13 0 12 9 14 18 4 6 15 10 16
2 0 13 18 6 3 17 14 5 10 9 1 7 12 11 8 15 19 16 4
6 1 11 18 12 14 13 3 10 9 5 19 2 15 7 4 8 0 16 17
17 5 6 19 13 16 0 2 1 7 15 8 14 9 18 10 12 11 3 4
7 6 1 12 11 16 5 8 10 19 2 9 15 14 13 0 4 17 18 3
1 15 13 6 4 14 8 16 12 18 11 10 5 19 9 17 7 0 2 3
10 3 17 0 6 14 8 16 13 9 4 7 1 5 19 12 2 18 15 11
14 15 19 18 11 6 17 10 13 1 5 16 4 9 0 2 12 3 7 8
15 12 18 17 4 11 7 16 13 0 1 8 19 9 6 10 14 5 3 2
17 5 11 1 12 10 15 14 19 6 2 18 4 7 3 0 16 13 8 9
2 12 18 4 16 9 11 5 13 3 8 6 15 17 0 1 7 14 19 10
5 9 8 3 18 13 0 1 17 11 2 19 10 7 16 6 4 14 12 15
13 14 8 19 10 12 9 6 11 3 2 4 0 7 1 17 15 16 18 5
2 17 19 9 6 10 4 8 3 1 16 0 13 7 12 15 11 18 14 5
3 5 16 9 15 13 2 14 18 10 17 4 8 0 6 11 19 1 12 7
5 4 19 6 9 8 1 14 15 3 12 2 17 11 0 18 16 13 10 7
2 13 14 1 6 12 8 19 0 16 4 7 17 10 3 15 11 18 9 5
4 14 19 15 0 16 12 11 6 2 3 17 13 18 5 10 7 1 9 8
1 14 4 10 2 12 3 8 5 6 11 19 16 15 17 0 18 9 13 7
6 17 2 18 5 9 7 19 4 0 14 10 1 12 13 16 3 11 15 8
14 9 6 13 1 0 19 5 3 12 11 4 2 16 18 7 8 17 10 15
17 19 18 16 15 0 3 12 14 7 11 13 2 9 1 8 4 6 5 10
14 12 2 9 0 5 19 18 8 16 13 7 3 1 11 10 6 17 15 4
0 5 13 16 6 11 18 19 15 1 8 17 3 12 14 4 7 10 9 2
7 17 0 11 14 16 8 15 3 4 19 1 5 6 10 13 2 9 18 12
13 5 19 10 8 6 0 18 4 3 9 7 2 11 12 17 14 16 1 15
18 6 3 17 0 13 7 15 2 8 1 12 14 4 9 16 10 5 11 19
5 17 19 18 12 11 9 16 14 1 15 10 8 13 2 0 3 7 4 6
2 8 11 7 0 5 9 13 15 16 18 12 14 3 1 6 4 10 19 17
18 9 11 17 16 1 15 14 7 12 0 13 10 4 2 8 3 5 19 6
9 11 12 0 17 14 4 8 13 2 19 5 18 7 3 6 1 10 16 15
14 13 6 11 16 10 15 17 8 19 7 4 2 9 0 1 12 3 5 18
1 8 9 13 18 7 16 17 6 19 4 5 11 14 10 12 3 15 0 2
13 16 17 19 0 4 2 11 6 10 8 12 7 5 14 1 9 18 15 3
7 19 17 13 10 16 11 15 6 2 12 0 3 9 14 1 18 8 5 4
2 5 18 1 0 13 12 19 11 10 16 6 8 3 15 17 7 14 4 9
2 13 4 1 9 3 7 12 6 16 11 10 8 14 17 5 15 18 0 19
3 12 1 4 9 16 14 5 8 13 10 11 19 15 6 18 7 0 2 17
11 9 17 15 14 10 3 18 0 5 16 12 2 4 8 7 19 6 1 13
1 7 13 8 0 10 16 2 6 17 14 5 15 9 11 19 12 18 3 4
7 10 14 19 13 5 3 15 4 8 16 11 9 18 12 1 6 2 0 17
9 14 6 16 15 12 5 8 17 4 18 0 19 11 3 7 10 1 2 13
9 13 19 14 1 6 5 2 10 0 4 3 12 16 15 8 18 17 7 11
15 0 12 8 4 13 3 17 9 5 10 1 11 2 14 18 16 19 6 7
3 5 6 19 1 13 14 12 18 11 0 7 15 8 16 17 10 4 2 9
16 4 15 9 11 10 17 3 6 14 19 12 7 8 1 13 18 0 2 5
81 1 65 89 12 82 23 44 4 56 19 17 94 52 38 38 95 44 57 41
55 23 14 60 45 92 9 51 28 15 80 46 79 42 5 63 35 55 51 25
58 10 14 91 27 23 16 78 4 95 51 31 84 27 34 99 73 59 53 41
17 22 64 10 55 36 56 30 56 60 83 88 75 49 93 68 9 97 8 18
18 72 36 84 69 79 85 18 81 45 40 24 89 74 23 33 75 54 99 15
27 48 89 59 17 37 83 76 99 12 60 59 20 82 99 67 6 25 12 72
22 38 36 75 43 57 78 79 73 66 87 27 41 21 8 77 5 44 38 28
52 12 37 4 10 27 24 28 82 9 12 96 48 4 26 71 30 84 61 59
18 14 32 40 79 7 94 31 99 27 1 2 68 82 26 78 65 82 20 2
90 9 26 55 62 93 29 31 33 13 20 14 19 80 82 52 33 32 33 77
90 68 37 26 36 47 31 68 39 69 99 99 30 28 16 74 61 57 70 93
78 26 96 87 29 10 16 65 21 49 64 58 77 64 49 75 62 32 31 54
11 7 27 27 80 19 56 13 1 38 28 100 31 56 32 53 48 80 18 100
93 80 31 14 2 48 98 55 17 1 82 56 44 82 100 73 85 87 90 72
28 17 30 26 85 22 81 58 32 33 48 42 24 50 69 11 81 21 63 89
86 14 50 93 25 39 74 67 76 9 99 41 36 80 69 99 41 30 79 74
50 1 21 78 54 100 35 64 70 93 19 58 48 5 25 50 92 42 31 94
13 30 51 29 57 22 95 28 54 46 29 61 88 44 5 40 13 15 63 48
11 13 3 53 12 54 25 52 54 99 54 97 73 64 16 95 24 30 8 49
10 14 51 21 28 49 85 39 63 70 5 55 61 92 83 96 76 29 1 80
83 91 81 3 34 15 73 36 70 60 89 91 77 99 60 62 28 56 50 23
91 63 80 30 52 41 84 100 23 77 46 41 66 8 69 26 15 8 9 20
97 25 52 60 10 96 10 63 63 82 27 93 80 11 9 56 22 13 30 95
69 52 49 37 16 60 1 67 96 82 48 100 50 87 60 91 10 11 88 62
85 15 12 73 56 49 12 2 89 40 27 45 90 6 78 12 46 99 33 69
38 1 54 63 43 51 20 42 37 75 7 71 36 94 82 81 29 82 57 92
61 39 100 98 14 12 36 63 11 79 80 89 52 34 90 25 1 36 91 74
51 46 46 64 96 95 40 62 70 72 33 65 29 85 60 47 75 7 52 58
69 58 75 63 55 79 32 91 69 6 25 99 9 28 86 70 39 57 24 95
19 73 30 3 69 48 36 97 6 34 42 73 78 85 23 100 74 88 20 28
66 37 19 75 72 25 40 40 85 50 73 48 94 84 43 65 27 27 23 97
41 25 2 94 38 37 77 64 68 33 77 13 70 93 33 70 52 38 69 40
83 30 76 12 2 27 67 10 68 51 1 75 46 97 82 29 40 98 3 83
78 80 82 21 41 24 76 60 72 18 71 45 91 40 4 85 9 91 42 31
5 58 37 50 49 32 45 82 69 12 22 9 93 60 28 1 50 69 23 63
14 50 74 68 88 36 87 37 99 62 7 86 63 12 28 85 90 28 27 31
28 53 61 89 33 99 99 78 18 96 23 19 92 98 56 35 12 19 97 16
8 10 3 2 60 12 20 48 96 30 56 95 89 65 19 95 62 25 10 79
56 93 13 97 80 58 35 53 3 81 45 96 49 42 52 87 75 82 29 15
37 91 58 63 35 49 5 18 54 98 16 7 8 38 44 89 62 95 32 8
29 5 82 52 77 92 59 87 46 39 69 27 40 80 97 61 37 59 5 25
83 9 92 60 9 21 75 56 53 38 21 50 93 63 16 100 45 19 69 66
30 49 6 17 9 81 8 32 59 35 19 59 57 3 83 94 51 23 9 17
72 28 82 68 78 87 71 7 97 23 29 66 79 72 55 64 45 22 76 4
99 95 81 54 92 42 45 28 53 38 93 67 35 55 53 41 56 32 19 11
64 5 9 7 46 17 56 43 34 17 2 26 90 66 25 77 80 87 99 38
14 11 44 2 27 66 11 57 83 93 85 68 55 84 82 78 81 96 66 63
40 28 72 55 78 74 17 84 7 71 70 56 50 75 17 99 20 23 60 2
5 66 61 54 10 56 98 5 96 84 97 38 62 21 18 33 43 99 36 30
37 36 57 61 43 59 1 7 3 75 29 87 7 17 4 66 54 8 74 80
