50 20
9 7 5 14 16 8 13 19 1 2 18 10 17 11 4 6 0 12 3 15
12 4 14 17 5 6 1 19 3 10 0 2 8 7 15 18 9 16 11 13
16 18 3 7 6 17 15 1 10 12 0 4 19 13 2 8 5 11 9 14
15 8 19 1 17 7 18 0 12 11 2 5 14 6 13 4 9 10 16 3
7 2 4 5 9 6 16 13 18 0 17 14 10 12 8 1 3 19 11 15
16 17 13 1 19 14 12 18 3 2 5 7 9 11 6 8 10 0 15 4
9 2 18 7 3 1 15 19 10 4 6 5 17 12 0 11 16 14 8 13
8 2 14 10 16 12 19 5 15 1 7 3 9 17 11 0 13 18 6 4
17 3 0 11 4 2 12 14 7 8 9 16 1 19 6 10 13 18 15 5
9 13 11 17 12 8 19 6 1 14 2 18 16 10 15 7 3 5 0 4
6 12 9 8 15 16 19 10 18 3 11 2 4 5 13 0 1 14 7 17
19 3 1 0 9 10 17 13 14 18 16 5 15 2 11 6 8 7 12 4
10 0 6 8 17 3 5 2 16 18 13 1 15 14 7 12 11 4 9 19
16 7 9 3 1 10 11 18 6 0 2 12 19 5 8 13 14 17 4 15
2 18 7 17 12 6 16 19 15 14 5 3 8 0 13 1 9 10 11 4
12 11 13 0 3 10 16 19 17 7 15 14 18 8 6 1 9 5 2 4
8 19 3 5 10 17 12 6 14 4 15 1 16 13 2 0 7 11 18 9
8 5 13 7 3 18 12 10 0 4 17 16 1 15 11 6 9 14 2 19
9 4 8 2 6 16 0 10 18 15 17 14 5 13 1 3 19 11 7 12
12 0 6 17 3 9 5 8 15 4 14 18 7 1 10 13 16 19 11 2
5 17 16 11 15 6 9 14 13 7 19 4 8 2 1 18 12 10 3 0
11 0 19 3 4 5 12 6 18 13 16 2 1 7 15 17 9 14 10 8
4 17 12 5 15 2 7 16 11 6 0 8 13 19 3 18 10 1 14 9
12 15 0 19 4 5 16 18 8 10 11 6 17 2 7 1 9 14 13 3
15 18 12 11 2 16 14 6 19 13 7 10 0 1 4 9 8 5 17 3
0 9 2 6 3 19 5 16 11 13 7 4 10 12 8 1 15 14 18 17
9 15 5 2 16 18 3 6 11 7 14 12 10 13 4 8 0 1 17 19
6 18 1 10 5 2 7 15 13 12 14 16 11 3 19 9 17 4 0 8
8 16 9 2 7 17 4 18 1 3 6 13 14 5 19 10 0 12 15 11
9 3 11 15 2 4 6 19 8 12 5 17 7 13 1 0 18 14 10 16
10 17 3 12 18 7 14 2 11 19 6 16 5 9 8 13 4 0 15 1
1 10 14 0 4 9 7 19 3 2 16 5 12 18 13 6 15 11 8 17
5 7 9 14 15 8 3 17 0 11 12 13 19 10 6 2 16 4 1 18
13 5 17 2 8 11 16 1 18 19 12 7 3 15 6 4 0 10 9 14
9 8 10 0 16 1 4 3 7 6 12 2 5 13 17 11 18 19 14 15
13 6 15 11 17 0 4 18 1 3 9 8 19 14 16 10 2 7 12 5
10 0 19 3 8 16 13 9 2 6 18 4 12 5 7 17 15 14 11 1
12 2 3 0 7 5 15 9 8 16 13 1 4 19 11 14 10 17 18 6
4 3 9 8 12 2 5 14 11 15 6 19 18 16 7 0 1 13 17 10
6 12 9 18 11 13 17 7 0 15 10 14 2 4 1 19 16 3 5 8
7 15 8 18 12 0 3 17 19 14 2 11 9 10 4 6 5 13 1 16
7 1 16 13 6 3 10 19 11 17 14 9 0 15 8 12 4 5 18 2
18 15 13 16 17 4 0 6 11 12 14 5 9 10 1 2 3 7 19 8
16 2 19 1 5 4 10 6 12 0 9 3 8 17 18 13 7 15 14 11
1 14 18 0 3 19 9 4 16 15 8 13 5 7 11 12 2 17 6 10
15 12 19 2 17 4 3 10 0 1 14 5 9 16 18 11 6 7 8 13
3 14 11 12 10 1 18 4 0 7 6 16 8 15 13 2 5 17 9 19
12 7 13 1 11 14 9 10 17 4 16 0 19 5 15 6 8 2 3 18
1 8 13 5 10 12 19 11 17 0 2 18 15 4 7 14 6 16 9 3
7 6 12 0 17 9 8 5 3 10 19 4 11 15 13 1 14 2 16 18
9 23 14 76 6 76 34 29 70 26 12 4 99 59 51 28 38 96 18 71
28 87 32 4 93 39 15 21 39 29 83 73 87 31 84 32 20 79 34 55
55 61 6 87 64 41 89 66 91 5 7 96 89 69 41 87 19 98 94 98
99 68 89 30 61 36 73 58 11 41 39 33 4 55 47 96 84 14 97 16
38 45 73 16 27 85 1 43 29 20 50 11 27 68 54 18 1 37 40 53
24 2 43 76 88 43 82 84 22 27 84 97 91 38 70 51 36 40 2 81
5 71 66 67 72 19 50 57 60 98 58 59 4 48 50 95 36 67 68 2
32 86 85 35 65 90 66 90 65 22 56 8 40 9 73 8 49 56 61 36
84 1 12 23 7 74 62 67 63 91 99 90 3 90 4 16 48 99 95 59
49 57 4 4 68 52 5 62 26 42 27 61 80 64 53 52 30 23 6 97
34 71 63 86 16 39 89 56 54 32 87 60 22 60 84 78 37 16 15 76
2 57 80 7 96 98 68 32 15 74 70 97 20 99 68 62 61 3 45 69
57 42 8 7 93 3 85 14 99 99 56 23 72 8 21 56 7 36 31 16
96 83 58 33 72 6 66 78 53 79 100 19 82 26 9 44 89 58 60 38
43 72 85 70 15 49 36 11 94 64 50 75 92 21 49 10 11 96 82 48
9 16 85 52 70 92 90 41 57 21 91 65 55 48 61 26 26 22 66 43
38 51 82 100 57 98 87 20 35 54 20 54 13 79 94 48 92 95 16 66
73 4 39 99 95 78 58 62 24 21 74 31 7 80 40 52 91 68 5 91
16 55 1 63 34 19 69 91 68 7 73 63 43 41 4 20 63 61 85 52
23 83 100 60 57 53 85 80 23 76 76 80 44 56 44 96 96 85 51 51
25 52 31 71 19 69 83 26 22 27 65 61 33 40 76 13 97 22 39 67
46 74 9 36 2 95 22 83 35 3 98 12 61 81 67 92 7 85 16 5
56 52 25 31 69 88 65 86 67 65 88 49 45 27 72 71 23 100 64 14
3 27 74 67 37 70 11 19 86 88 92 91 3 61 17 30 59 39 81 63
61 82 86 21 5 80 5 37 13 30 89 86 46 73 18 31 20 96 90 98
2 74 99 50 7 5 91 27 86 84 89 54 56 83 76 84 88 47 23 78
60 11 26 40 87 63 54 79 21 68 62 22 9 30 65 1 36 79 47 30
7 31 30 88 24 86 2 51 25 69 13 36 43 39 19 76 52 89 57 73
92 25 7 70 22 50 40 87 49 92 66 69 91 36 12 64 93 60 4 91
67 10 28 98 90 11 45 6 82 22 24 90 97 10 94 27 94 92 64 84
81 19 28 1 51 37 60 46 27 100 73 60 57 69 5 15 65 84 27 84
79 1 34 80 72 47 6 9 68 63 55 84 47 89 47 11 83 5 17 56
3 17 43 42 42 65 34 50 46 92 93 46 87 9 76 20 19 88 49 29
25 29 70 80 39 80 92 67 39 42 81 20 100 31 68 50 80 47 36 100
73 63 40 60 90 63 61 49 61 60 36 27 56 63 100 31 59 13 5 9
94 22 47 2 40 10 59 31 94 72 41 87 89 72 44 98 77 91 77 86
27 44 9 12 32 60 49 61 9 39 86 12 20 24 90 6 47 25 39 9
76 22 22 17 28 36 47 77 34 38 5 84 69 48 83 60 55 7 85 78
27 16 80 68 21 91 70 96 59 77 74 28 70 85 60 76 52 69 21 84
36 79 79 55 95 29 74 6 10 43 47 86 58 5 81 92 18 9 59 37
66 58 31 58 23 82 30 58 13 85 100 82 89 52 22 70 80 20 74 36
5 98 11 60 51 54 100 63 2 24 35 40 5 90 38 10 43 33 57 43
76 60 96 60 26 64 65 95 38 39 65 78 32 2 72 29 90 59 12 71
20 47 87 36 36 59 64 59 20 69 74 56 29 77 41 39 53 82 47 56
58 4 40 75 40 93 37 21 89 76 27 30 28 52 62 77 50 49 24 91
73 81 71 82 22 72 45 60 80 2 80 45 90 12 17 24 46 97 29 92
29 84 21 61 15 61 32 8 61 11 6 28 63 48 15 52 84 78 68 98
28 87 48 57 86 25 50 25 32 7 80 5 46 25 63 34 91 57 24 83
70 32 52 78 13 36 72 47 27 23 95 21 46 58 21 1 57 33 44 93
12 51 69 37 90 71 3 70 34 48 82 38 4 64 40 55 31 54 80 33
