50 20
5 6 3 11 0 10 17 18 19 16 1 8 12 15 4 14 7 13 9 2
7 4 18 8 13 0 2 14 16 11 19 5 12 3 1 17 6 9 15 10
4 3 1 8 6 18 12 2 16 13 14 11 15 5 7 17 19 9 10 0
18 6 5 13 4 19 8 10 2 14 15 0 16 11 1 7 12 9 3 17
14 0 7 4 16 9 2 1 17 10 6 13 19 15 11 8 5 3 12 18
5 0 18 2 11 8 14 3 9 4 13 15 1 16 10 6 12 17 7 19
16 10 6 4 5 11 3 19 17 0 12 15 9 14 8 7 1 2 13 18
18 12 15 1 3 10 7 2 11 4 5 13 14 8 19 17 9 0 6 16
13 10 15 1 19 2 17 16 7 14 11 3 9 12 5 8 0 4 6 18
12 6 1 18 19 9 4 13 5 11 0 14 2 16 10 3 7 15 17 8
16 9 13 8 3 19 10 11 0 17 1 7 5 6 12 15 18 2 14 4
12 3 1 18 0 10 11 14 16 9 5 15 13 19 2 8 6 4 7 17
7 12 3 1 16 13 15 14 0 11 8 9 4 17 6 18 19 10 5 2
5 9 2 18 0 17 4 15 10 16 13 12 6 11 14 19 3 1 7 8
6 17 14 3 10 2 4 18 9 0 13 7 19 1 8 12 16 11 15 5
6 3 19 1 11 17 5 7 10 0 16 15 8 4 2 9 13 12 14 18
1 0 9 2 7 6 10 15 18 3 16 12 19 13 5 17 8 14 11 4
4 15 3 8 12 7 14 5 0 10 6 13 17 1 2 19 16 18 11 9
6 12 3 16 4 14 0 19 9 8 18 5 15 10 11 13 17 7 2 1
13 2 5 19 7 16 12 9 17 8 0 1 6 10 18 14 3 15 4 11
5 7 0 16 12 15 13 9 4 6 10 19 3 1 11 2 8 18 17 14
19 8 18 13 2 3 10 0 6 16 4 7 5 12 15 17 9 14 11 1
16 2 0 17 14 4 15 9 5 19 18 13 6 1 10 3 7 8 11 12
12 9 18 1 11 16 10 0 17 6 7 13 15 3 4 2 19 14 8 5
6 16 11 5 0 12 13 9 17 4 10 8 3 1 14 19 2 18 15 7
19 7 10 2 8 0 18 11 3 5 6 14 4 9 13 16 15 1 17 12
1 9 4 3 13 8 6 14 19 16 17 15 7 5 12 0 11 10 2 18
0 6 7 18 10 11 4 14 16 3 8 1 13 2 15 9 17 5 12 19
7 12 9 17 15 6 3 2 10 14 4 19 8 13 1 11 18 0 16 5
19 18 2 0 15 14 10 17 12 4 11 3 7 9 13 16 1 6 8 5
14 0 6 5 3 18 8 7 11 2 9 19 13 10 12 16 1 4 17 15
4 13 12 14 16 9 3 18 8 2 6 19 5 11 17 1 15 7 10 0
14 5 13 16 18 2 12 3 10 17 1 11 8 7 19 15 0 4 9 6
7 12 13 10 19 14 5 1 3 17 2 16 15 18 4 0 8 11 9 6
11 1 7 10 5 19 8 18 3 15 6 16 2 17 14 0 9 4 12 13
8 9 3 13 11 0 7 17 10 14 1 12 2 16 6 15 4 19 5 18
18 3 14 8 15 1 7 11 17 13 6 12 2 4 19 9 5 16 10 0
18 17 2 16 10 15 19 8 3 9 6 1 12 0 14 13 5 4 11 7
6 14 15 0 9 16 2 19 5 18 17 10 4 1 11 3 8 7 13 12
17 14 6 2 13 12 11 3 5 19 0 8 18 4 1 16 9 10 15 7
6 16 10 5 18 14 8 11 7 3 12 1 4 2 19 0 13 17 9 15
2 19 8 13 11 7 6 3 18 9 17 15 5 14 4 10 12 1 16 0
15 4 11 6 0 1 19 13 16 7 3 8 10 9 14 2 18 17 5 12
15 18 12 5 17 19 2 3 8 10 16 7 13 14 9 6 0 11 1 4
0 6 16 1 5 10 11 19 2 8 4 15 9 14 18 3 12 17 13 7
18 17 4 9 14 2 15 19 6 8 11 5 13 7 3 1 0 10 16 12
18 14 8 7 13 1 15 11 2 12 10 6 19 3 16 4 9 17 5 0
0 9 5 11 10 16 14 18 17 3 2 12 13 19 4 15 8 6 7 1
0 16 9 2 18 3 6 12 14 8 13 19 10 15 7 17 4 11 1 5
12 16 1 13 18 6 4 7 11 15 17 2 10 3 9 19 5 14 0 8
53 94 91 59 82 65 4 68 15 50 18 48 4 2 91 27 90 60 79 27
45 61 78 54 8 84 51 72 91 13 95 78 55 41 62 48 47 93 28 24
100 47 15 3 51 4 22 100 20 71 87 85 90 24 99 94 13 69 55 13
91 28 35 54 11 45 97 22 52 22 87 28 93 19 73 32 10 100 2 16
91 11 52 93 63 67 93 47 71 83 13 26 26 27 86 100 53 71 35 47
97 36 19 46 39 9 49 98 98 82 57 41 70 91 50 87 67 58 74 95
55 51 11 62 11 97 41 62 35 38 11 7 14 69 5 79 41 98 79 64
44 65 72 97 53 96 20 84 77 65 6 81 100 89 83 32 5 48 94 26
16 37 69 30 40 82 57 57 42 79 26 1 27 22 67 27 89 98 54 20
41 2 68 87 38 13 87 21 1 24 52 89 33 6 40 98 97 40 16 80
91 92 100 73 46 78 77 94 5 66 66 54 73 75 28 47 3 51 76 59
95 81 64 85 61 21 33 59 28 60 11 23 98 76 88 46 76 76 72 79
43 50 71 4 11 23 54 77 70 62 75 85 2 56 78 49 43 48 6 98
51 11 95 88 29 89 38 7 50 68 95 34 80 25 88 35 81 35 28 31
7 18 92 50 26 71 41 78 9 42 85 82 2 38 60 29 79 93 70 46
92 99 91 14 15 53 53 25 87 48 41 49 24 38 21 100 1 48 94 12
3 87 86 97 100 15 33 67 56 82 9 88 85 65 17 47 96 61 48 60
38 12 29 76 67 89 61 29 88 21 43 44 64 33 37 14 36 28 64 93
22 27 72 43 1 52 83 19 64 43 14 92 100 96 12 45 83 6 56 68
84 53 73 51 37 34 18 96 29 11 66 32 55 83 90 91 41 60 99 43
45 51 30 77 86 100 76 32 43 55 44 26 89 91 78 88 95 66 38 72
36 27 40 64 18 23 50 19 72 20 37 80 43 23 95 12 19 62 64 20
89 62 93 31 91 19 70 9 63 26 11 87 18 89 20 42 88 81 12 53
63 2 26 54 94 64 10 53 89 7 74 80 45 77 57 67 37 25 43 67
81 27 65 23 82 10 97 47 52 84 8 31 98 50 12 67 6 14 95 13
42 7 69 20 77 27 31 65 20 99 83 69 29 18 12 68 2 39 72 61
36 94 11 4 69 29 50 64 76 23 8 76 86 97 8 11 80 75 92 38
11 16 93 55 25 9 5 33 100 71 29 39 27 52 68 96 92 55 44 18
62 10 79 80 98 52 71 95 30 10 7 47 78 6 13 92 97 91 59 45
34 89 83 17 89 96 73 71 88 40 48 86 6 22 33 19 72 70 4 87
89 77 43 84 65 86 83 45 4 17 40 34 85 62 1 25 73 46 26 48
37 71 58 58 51 81 80 6 34 53 74 44 52 36 71 99 66 27 36 39
40 66 94 14 97 90 64 76 8 39 94 32 74 74 20 94 74 94 63 72
12 16 21 76 87 29 82 62 80 36 98 62 34 21 99 23 46 99 91 52
94 56 80 78 5 89 11 62 67 72 94 77 44 99 81 86 94 63 89 85
7 72 79 63 16 75 54 60 38 79 56 48 29 18 1 36 92 53 43 74
58 62 45 41 66 21 24 48 9 10 11 86 80 7 43 12 60 23 62 9
19 16 65 54 25 85 96 26 79 53 91 59 30 90 42 9 18 22 67 36
12 64 7 88 90 78 3 14 28 45 54 62 34 67 76 71 91 85 14 71
33 92 70 20 57 86 51 100 49 96 100 43 59 74 66 16 70 18 61 19
11 3 60 33 97 71 1 100 90 1 55 51 37 31 7 22 69 22 51 95
89 50 79 63 30 68 8 84 84 14 62 90 4 18 39 32 24 47 51 86
78 81 2 81 58 3 38 21 91 2 95 65 35 42 75 3 53 6 81 56
93 67 73 53 36 19 47 60 31 39 37 33 37 28 70 29 55 52 91 53
97 16 82 73 67 22 80 50 63 38 52 6 94 6 43 38 90 49 87 86
83 69 15 49 11 46 64 23 2 55 66 87 70 70 56 81 76 40 77 53
75 9 11 90 5 35 53 72 30 25 35 63 68 39 95 67 42 15 85 79
15 16 98 37 17 76 37 24 95 23 97 65 81 7 97 66 21 35 80 48
9 98 47 7 13 3 83 26 65 96 1 46 29 7 51 84 22 81 19 100
29 33 17 78 85 49 19 6 7 81 98 44 68 31 55 27 69 59 19 75
