50 20
10 12 8 11 19 1 5 0 18 16 15 7 6 9 4 17 14 13 3 2
4 16 3 10 11 9 15 13 17 19 8 6 2 5 18 1 12 7 14 0
5 4 10 15 1 11 13 14 8 16 0 18 19 6 7 9 2 12 3 17
1 13 19 17 2 6 5 11 12 15 7 0 8 18 10 16 9 4 3 14
12 16 15 10 2 18 9 5 4 14 0 8 13 19 7 17 3 6 11 1
15 12 4 13 6 10 19 3 11 7 9 1 8 14 18 2 16 5 17 0
16 13 14 7 17 4 9 12 11 18 8 2 6 15 19 5 0 1 10 3
16 3 1 7 19 4 17 10 5 15 6 8 13 14 0 9 12 11 2 18
7 9 3 6 5 12 2 10 18 17 16 13 8 15 0 4 11 19 14 1
19 14 16 13 10 8 5 15 17 6 3 2 11 18 12 0 7 1 4 9
8 17 9 14 5 10 16 7 12 19 13 4 2 6 1 0 11 18 3 15
7 10 11 2 3 17 5 1 0 13 6 4 16 12 15 18 8 19 14 9
5 9 0 7 1 8 15 11 13 3 16 14 2 17 18 19 10 4 12 6
10 13 8 4 1 12 0 9 3 7 6 2 5 19 14 18 15 17 16 11
7 15 1 4 13 14 16 8 17 0 5 3 6 2 9 11 18 19 12 10
12 1 6 17 18 13 14 3 0 16 5 4 7 9 2 8 10 19 11 15
7 6 18 9 15 13 2 4 5 1 17 11 12 0 8 19 16 14 3 10
12 0 18 9 8 19 4 15 7 3 13 5 2 10 14 6 17 1 16 11
9 13 4 3 18 12 15 16 5 7 19 2 14 1 0 8 6 17 11 10
5 10 18 0 17 19 2 16 7 1 9 8 12 4 13 3 11 6 14 15
14 18 7 12 8 6 13 4 10 17 5 9 16 15 2 11 3 0 1 19
5 12 4 10 7 6 14 2 0 9 8 3 11 19 15 13 1 16 18 17
3 1 14 0 9 2 11 13 19 15 4 5 12 8 7 16 6 18 10 17
0 18 6 1 8 10 19 16 14 12 5 2 3 9 7 15 13 11 4 17
1 9 18 5 17 11 4 12 2 10 19 15 6 7 8 16 14 0 13 3
13 4 6 12 18 16 1 19 3 11 0 15 9 8 10 5 14 7 2 17
12 11 10 5 19 0 4 7 8 1 18 16 14 13 3 2 17 15 6 9
15 18 5 6 1 3 7 12 8 0 9 4 2 13 10 17 11 16 19 14
10 19 7 8 9 14 18 5 3 6 4 15 0 1 11 16 13 2 12 17
12 16 3 1 14 8 9 18 17 0 13 6 10 2 11 19 4 5 7 15
17 18 14 10 8 7 5 4 9 13 1 11 3 16 6 2 0 19 12 15
6 9 17 7 12 3 13 15 0 2 1 19 5 18 8 16 14 11 4 10
6 0 9 7 1 17 14 18 15 4 5 13 8 10 11 16 12 2 3 19
11 3 14 4 6 19 1 10 17 18 16 15 7 5 9 13 12 0 2 8
14 5 17 3 18 2 8 13 12 16 6 1 15 0 7 19 4 11 9 10
4 9 14 8 5 12 2 0 11 18 1 3 7 17 6 16 10 19 15 13
0 15 14 11 13 12 19 18 6 7 5 4 9 16 1 10 2 8 3 17
6 0 17 4 18 10 9 13 1 19 15 5 3 2 12 8 7 16 14 11
11 9 4 3 18 2 14 5 17 8 15 0 19 16 12 7 6 10 1 13
6 0 18 5 1 14 4 10 13 7 8 17 12 2 15 11 3 9 16 19
7 10 3 11 1 19 15 8 5 4 16 9 6 13 18 2 17 14 12 0
1 18 15 6 19 13 3 9 0 14 8 12 17 5 2 10 7 11 16 4
5 6 8 14 7 15 12 13 17 0 11 10 18 16 9 19 4 1 2 3
0 9 16 3 13 12 17 15 8 18 10 14 19 7 5 2 6 1 4 11
12 17 0 19 2 14 13 1 11 10 15 3 7 5 9 18 8 6 16 4
12 7 10 18 0 1 13 17 9 5 15 2 11 16 6 4 14 8 19 3
5 10 14 13 0 3 8 4 9 16 6 7 1 19 11 2 18 17 12 15
14 15 10 8 1 7 9 6 5 13 19 17 12 0 2 11 18 3 4 16
18 6 9 15 3 12 10 8 16 17 2 5 14 0 4 1 13 19 11 7
15 8 5 3 7 11 4 10 2 16 18 1 9 13 19 12 0 14 17 6
24 16 88 13 63 40 32 52 96 76 2 51 84 68 94 91 21 20 48 67
95 87 57 10 51 4 34 74 64 18 95 25 68 69 3 89 82 83 55 39
39 40 76 65 92 50 88 67 94 98 47 5 84 13 99 35 10 65 87 32
21 20 58 97 2 59 65 45 20 15 85 45 88 80 86 9 80 46 77 87
58 57 89 87 43 88 40 61 40 71 73 79 31 51 4 23 95 41 96 2
88 44 53 61 26 70 43 45 47 28 80 17 68 100 44 73 59 44 82 23
73 77 69 34 92 20 40 45 71 47 62 80 7 56 27 100 99 4 57 79
69 98 71 35 54 95 89 71 92 52 9 9 70 25 47 28 14 72 5 60
16 60 43 29 91 66 40 98 65 78 73 18 72 27 50 64 7 1 89 13
52 7 1 78 59 87 25 11 26 83 39 3 2 76 68 11 94 15 1 88
4 47 90 55 29 19 98 76 32 12 85 24 36 36 64 30 21 59 87 28
55 84 12 46 93 13 94 75 50 83 31 16 90 97 82 80 59 2 78 73
2 28 31 16 42 53 50 26 29 93 90 40 16 62 4 17 98 42 23 43
81 14 3 26 88 55 10 98 32 68 85 41 31 80 29 2 28 14 87 82
35 65 9 41 37 13 6 1 63 7 12 57 6 45 41 54 11 31 18 15
51 20 45 28 53 37 90 44 56 36 54 58 22 34 19 3 42 26 25 66
54 83 53 16 7 77 90 47 40 25 44 90 36 96 59 70 98 30 49 84
16 4 81 29 70 3 55 96 52 74 4 72 91 6 27 48 41 61 16 15
75 19 72 86 46 18 5 27 81 82 88 15 30 63 22 50 8 69 100 2
31 87 64 95 20 49 44 96 83 7 65 14 83 3 27 18 90 51 91 59
74 80 30 99 55 16 89 55 31 100 75 31 42 48 75 5 74 67 39 58
50 36 56 2 1 34 80 88 46 56 49 30 30 33 96 82 77 57 73 76
30 41 16 4 66 62 92 30 72 11 45 55 99 93 83 24 17 7 45 69
79 54 71 52 90 74 75 48 100 31 29 47 63 73 34 55 7 74 80 11
46 2 19 27 23 44 56 30 59 72 18 40 63 65 51 47 15 62 55 42
63 38 9 36 18 15 19 91 45 2 5 28 51 45 61 60 24 98 50 95
82 95 82 19 57 9 7 71 30 79 50 64 62 44 93 96 65 95 66 13
46 62 21 43 86 22 3 72 69 63 48 54 92 33 80 5 91 49 69 98
16 47 25 82 2 90 9 40 6 62 66 5 2 33 48 85 77 74 31 43
28 24 74 90 46 87 90 51 47 69 26 67 78 100 37 15 70 47 68 49
82 52 84 34 57 75 58 18 99 7 76 5 57 85 65 10 21 99 2 96
89 90 19 72 81 90 43 27 33 20 95 100 18 38 25 100 94 43 55 69
74 66 63 32 61 41 35 94 55 77 63 55 63 70 32 38 58 59 84 57
48 49 79 21 1 17 67 84 84 96 58 87 46 63 41 48 94 60 43 66
94 34 73 64 46 43 7 42 50 31 31 56 52 5 80 14 54 72 61 40
1 23 20 99 27 84 44 89 39 98 34 33 69 5 6 18 95 5 12 11
66 42 44 48 36 19 88 58 83 67 3 75 38 81 53 19 54 32 62 46
56 30 58 2 90 95 88 41 83 78 60 25 84 87 43 10 60 48 28 90
73 60 26 43 23 91 80 52 86 28 32 43 50 3 94 65 18 97 3 49
43 27 98 92 1 98 16 56 34 57 77 70 58 70 22 44 4 46 44 27
27 62 32 3 71 20 14 39 49 21 41 47 62 36 76 15 63 27 59 83
63 32 79 95 51 70 71 60 64 21 78 45 9 98 11 58 69 79 77 67
49 94 69 5 44 18 94 38 85 3 89 72 29 78 33 65 23 33 66 69
81 10 75 87 1 55 57 6 16 53 10 5 75 8 89 41 9 84 40 28
40 34 12 40 16 19 8 47 47 10 25 66 78 85 37 60 65 43 87 89
65 2 3 45 47 64 42 83 68 59 76 50 14 4 92 3 70 75 27 83
41 38 5 43 20 53 37 96 90 45 85 61 51 49 47 77 21 72 54 95
3 19 83 24 50 31 66 85 62 84 100 82 82 74 59 23 10 28 4 71
90 1 26 69 89 12 6 65 21 77 33 86 82 13 80 69 40 68 64 26
84 59 54 26 85 70 74 11 36 39 3 56 91 50 90 94 61 25 57 3
