50 20
17 6 2 9 0 15 1 12 8 19 5 10 11 4 18 13 7 3 16 14
2 16 9 8 5 3 10 14 15 6 7 19 1 13 12 17 11 4 18 0
2 3 1 9 11 5 10 0 4 6 17 16 8 13 19 14 12 15 7 18
18 0 12 7 3 9 8 2 19 5 6 16 4 15 1 11 10 17 13 14
14 16 18 2 10 8 0 17 6 9 13 11 4 12 19 5 15 1 7 3
16 19 17 7 8 13 12 0 1 18 14 10 6 2 5 15 9 11 4 3
16 1 4 9 14 17 6 10 18 15 7 5 19 0 13 12 2 11 3 8
7 12 1 0 5 11 15 17 9 4 8 18 10 16 13 19 2 14 3 6
19 13 0 16 10 14 3 9 7 12 15 17 1 8 6 11 18 4 2 5
4 12 2 5 11 3 19 9 13 1 7 18 8 0 10 17 15 16 14 6
16 10 9 18 7 19 15 13 12 0 6 14 3 8 5 2 17 4 11 1
10 3 18 13 12 11 2 8 4 19 14 9 0 17 6 16 15 1 7 5
3 1 14 9 11 12 16 8 19 5 18 6 4 17 10 2 0 15 13 7
5 16 11 12 3 15 9 4 13 8 7 17 0 6 14 10 19 18 1 2
9 1 3 14 16 2 17 8 10 6 11 0 19 4 13 7 12 5 15 18
19 15 5 4 0 13 6 11 9 10 17 7 3 1 2 14 18 8 12 16
9 3 8 1 2 12 13 7 11 4 16 17 10 19 15 18 5 0 6 14
6 1 5 17 3 12 4 19 0 2 9 11 15 8 18 16 7 14 13 10
19 16 15 1 18 11 17 12 9 3 2 14 5 8 4 10 7 0 13 6
1 5 10 18 8 4 3 6 15 14 0 2 19 16 9 11 13 17 12 7
12 8 7 3 5 17 13 4 10 9 2 19 0 11 15 14 6 1 18 16
18 11 8 4 19 5 6 3 14 9 15 17 7 1 13 2 12 0 16 10
5 19 10 2 6 15 4 8 18 11 7 1 16 17 0 3 12 9 13 14
12 17 5 7 19 2 16 3 6 14 18 1 15 0 11 13 4 8 9 10
13 19 0 12 2 7 5 1 10 15 11 17 4 8 3 6 14 9 16 18
9 17 3 14 8 16 2 12 15 19 4 0 7 6 18 5 11 1 10 13
4 0 18 3 2 5 15 16 6 8 10 13 12 17 9 19 7 14 11 1
0 10 16 18 8 13 11 17 19 9 6 15 14 12 1 7 5 3 2 4
16 9 0 12 19 6 3 17 11 8 18 1 4 13 14 5 10 2 15 7
5 3 18 0 13 8 11 9 15 10 14 7 2 12 19 6 17 16 1 4
18 3 19 11 6 12 13 0 9 7 14 16 10 8 17 1 4 2 5 15
15 7 19 1 13 18 2 14 16 8 0 11 4 9 3 10 6 5 17 12
1 9 15 5 0 12 10 2 8 17 18 11 3 13 4 19 16 6 7 14
11 4 2 5 13 1 15 10 9 3 16 17 14 6 0 12 18 8 19 7
10 7 3 8 5 14 4 9 6 1 19 0 11 18 2 13 16 15 12 17
16 9 0 1 12 2 5 7 4 11 19 10 17 14 8 18 13 3 15 6
8 7 11 15 9 13 16 0 17 6 2 3 18 19 5 10 4 14 12 1
11 12 8 10 9 13 16 2 17 6 14 7 19 5 18 1 3 4 0 15
4 5 8 0 2 15 12 9 3 11 18 14 17 1 7 19 10 16 6 13
13 14 2 8 9 10 19 17 18 7 4 0 1 5 16 6 3 11 15 12
10 17 2 6 1 14 18 0 8 4 15 11 12 3 7 16 19 9 5 13
19 14 13 6 11 9 10 18 17 15 16 8 1 4 5 2 12 3 0 7
4 11 13 18 5 1 6 7 15 2 12 10 16 19 0 9 8 14 3 17
11 16 4 9 2 10 14 1 3 18 5 17 8 13 0 7 6 19 15 12
5 3 17 0 18 7 9 1 16 19 12 11 13 15 10 6 2 8 14 4
11 14 19 1 16 3 8 15 2 9 17 4 5 18 13 6 12 7 0 10
18 12 8 7 19 10 15 5 4 2 9 3 13 16 6 11 0 17 1 14
0 15 19 16 17 12 8 11 13 5 6 18 2 9 1 3 10 7 14 4
17 3 13 2 1 18 0 19 16 9 10 14 5 7 8 11 4 15 12 6
12 13 4 16 19 6 9 7 2 17 11 18 8 10 15 1 0 5 14 3
14 44 8 12 78 23 25 100 25 1 68 55 57 69 49 68 17 90 87 72
95 33 54 23 85 6 5 53 50 21 98 31 12 96 46 92 46 100 34 76
74 33 77 27 45 61 39 87 15 16 9 74 36 75 24 45 4 38 17 75
79 54 63 91 73 47 55 88 16 58 34 97 61 3 32 16 33 79 43 36
45 43 94 14 24 79 21 40 97 55 14 9 48 59 5 41 57 44 64 20
33 31 65 100 28 77 8 25 82 99 2 30 23 8 83 26 68 98 6 62
41 10 11 61 11 41 77 24 45 90 18 81 93 49 19 50 30 11 5 98
42 59 21 10 82 88 1 12 38 79 63 31 65 98 25 64 28 2 86 80
3 91 97 12 93 83 83 24 86 28 68 22 80 58 31 23 11 95 13 63
50 79 42 7 17 1 35 71 63 66 22 61 30 10 33 3 92 5 21 56
44 28 72 44 55 8 60 64 51 60 17 20 69 41 33 77 78 36 70 56
65 62 33 7 18 4 16 75 25 23 8 34 48 84 40 27 91 10 55 63
39 22 3 82 41 81 62 14 9 27 57 19 78 95 36 9 12 13 59 67
8 37 83 100 14 81 16 71 56 82 11 21 54 22 10 4 24 74 21 88
75 28 89 54 52 45 23 17 3 97 5 53 42 14 29 7 79 65 34 4
30 44 27 55 71 37 92 33 45 93 57 18 59 87 72 4 81 62 8 95
55 34 70 3 38 75 49 43 86 33 46 91 54 91 53 51 85 96 55 40
8 74 51 21 66 55 24 71 76 9 2 30 44 26 5 24 17 16 84 72
91 36 25 9 80 52 46 71 15 47 2 97 71 32 86 31 41 25 24 16
92 44 36 43 2 13 3 25 12 3 49 96 67 89 15 53 25 93 2 74
36 93 43 69 38 59 66 8 69 9 85 8 59 42 49 73 36 81 59 21
29 68 61 61 10 20 71 84 92 37 75 87 57 9 55 24 86 32 95 57
87 7 13 86 21 54 11 74 8 89 24 42 48 93 66 26 35 25 3 92
1 49 34 7 49 99 1 55 42 65 96 22 43 9 17 28 76 61 21 92
96 37 23 76 78 72 84 86 47 90 32 22 59 51 21 73 79 44 2 80
69 100 37 2 19 11 19 40 100 35 6 10 32 66 84 15 1 92 75 41
10 91 8 58 98 52 86 54 35 71 27 37 77 61 78 73 16 68 30 99
95 79 78 72 63 69 18 75 73 79 97 62 89 29 28 90 84 42 38 36
75 83 12 9 73 38 26 13 86 36 9 90 55 28 21 25 25 30 66 68
71 65 54 41 96 77 73 43 95 96 48 57 41 53 68 51 33 31 40 40
45 42 52 79 16 43 61 87 1 30 28 61 61 86 49 27 34 13 80 79
76 59 18 97 52 28 48 90 59 35 92 19 74 70 65 50 68 22 72 71
6 86 51 83 25 1 41 42 62 89 75 83 71 82 50 31 10 9 83 7
44 3 74 60 59 32 82 60 27 91 73 8 19 39 89 97 43 10 50 20
70 6 43 21 86 49 48 99 58 57 12 90 23 41 79 78 54 75 39 15
83 98 71 57 80 54 83 86 42 15 76 21 10 38 28 69 85 15 3 76
96 52 36 86 66 24 97 40 81 98 44 46 27 94 61 73 64 88 19 64
79 58 96 10 15 5 3 19 42 46 20 27 36 99 54 49 44 13 27 48
20 84 53 75 13 13 82 40 79 16 49 37 25 26 56 74 62 35 86 31
77 7 71 55 74 100 91 65 35 96 62 22 74 90 92 26 40 95 60 53
95 43 47 36 41 34 19 12 14 17 15 29 60 45 67 89 20 2 99 45
77 71 70 55 9 24 36 75 5 36 23 80 51 72 17 31 78 35 30 100
11 81 44 81 87 31 99 1 23 72 92 65 63 83 86 95 62 69 7 13
65 40 64 40 98 6 23 2 94 68 97 26 11 26 19 81 39 63 48 73
1 3 50 9 63 96 33 96 5 96 89 39 91 40 76 2 51 80 34 88
29 90 51 59 42 88 9 20 41 78 53 82 31 53 93 79 23 96 63 48
93 24 27 72 65 53 57 13 38 62 23 68 36 73 46 61 97 87 50 99
19 67 49 37 35 44 95 66 18 1 35 88 83 77 85 16 74 60 97 38
87 99 78 92 11 79 53 5 50 64 69 99 61 20 53 80 12 60 22 17
99 42 48 20 76 83 23 82 3 23 98 50 36 85 80 88 57 94 78 75
