50 20
12 4 8 7 0 13 1 6 3 18 19 15 10 14 16 9 17 11 5 2
11 4 1 6 8 10 12 0 3 7 2 17 16 19 14 13 9 5 15 18
6 7 10 19 0 13 14 18 17 4 8 12 3 5 11 16 9 2 1 15
6 14 8 1 18 11 0 13 2 7 17 5 10 16 9 3 12 4 15 19
12 15 7 16 19 17 14 10 8 9 5 13 1 0 6 3 4 2 18 11
5 8 19 11 16 0 9 6 13 7 12 3 15 1 18 14 4 2 10 17
12 11 9 4 3 13 18 8 5 6 19 2 1 14 10 0 7 15 17 16
1 15 18 13 0 19 9 6 10 8 17 11 2 7 5 14 3 12 16 4
8 18 6 17 3 4 13 14 0 2 10 12 1 9 19 16 15 5 7 11
19 14 15 1 7 16 11 2 10 4 12 0 3 8 6 5 17 9 13 18
7 17 16 11 14 0 8 9 1 2 10 5 13 19 18 12 3 4 15 6
1 19 15 16 2 5 0 12 8 10 9 17 11 6 4 14 7 18 13 3
11 18 19 9 1 14 5 8 3 2 12 16 4 6 10 13 7 0 17 15
7 16 10 5 3 0 9 1 6 15 8 4 11 12 2 17 19 18 13 14
18 8 14 3 12 19 13 17 11 2 15 10 5 1 9 0 4 7 6 16
10 11 8 15 13 3 17 7 16 4 9 12 18 14 2 19 6 0 5 1
1 4 18 6 11 9 2 13 15 0 7 10 12 8 3 17 5 14 19 16
15 19 5 0 7 6 1 8 17 4 18 14 9 12 2 13 11 10 3 16
9 14 19 7 0 6 2 1 15 17 11 3 16 13 8 12 5 4 18 10
4 0 19 8 5 18 9 15 3 13 1 11 7 14 16 2 17 12 10 6
17 19 9 3 1 0 16 6 12 14 10 2 4 18 15 8 11 7 13 5
11 1 14 12 9 2 6 8 19 13 4 18 3 15 5 10 17 16 0 7
1 11 2 17 18 8 5 16 3 6 13 10 9 12 14 15 19 7 0 4
0 11 10 5 1 7 13 2 19 18 17 6 4 14 8 9 3 15 12 16
19 16 0 4 1 15 11 6 18 10 12 9 2 7 14 5 13 3 8 17
14 7 1 17 9 8 19 10 4 3 6 16 5 12 0 13 18 15 2 11
7 17 11 4 12 1 15 9 5 10 18 19 3 0 6 13 8 14 2 16
16 0 7 11 17 5 2 6 13 12 10 1 8 3 19 14 18 9 15 4
16 2 18 15 8 5 17 11 14 4 7 3 1 12 6 13 19 9 10 0
16 17 15 12 11 8 3 1 5 19 7 10 6 18 13 9 14 2 0 4
1 14 13 8 15 10 19 17 6 5 16 18 4 3 7 11 0 2 12 9
2 6 14 15 16 7 12 3 17 9 8 5 19 0 1 11 18 10 13 4
12 15 11 13 7 3 0 1 10 18 17 8 2 9 16 19 4 5 6 14
8 4 6 13 1 12 2 17 3 11 15 10 9 16 0 5 18 7 19 14
5 18 13 11 0 2 4 3 1 17 16 12 7 19 10 15 14 8 6 9
5 0 8 17 3 9 11 15 7 2 1 19 6 4 12 16 13 14 18 10
18 9 12 19 1 3 15 13 0 5 8 14 6 10 2 4 11 7 16 17
8 9 5 18 0 14 10 19 13 6 15 7 16 12 11 2 17 3 4 1
2 5 8 14 17 12 3 18 6 0 11 19 15 7 13 4 10 1 9 16
10 1 13 15 7 16 3 19 0 4 18 17 9 12 14 2 8 6 11 5
19 6 7 16 12 18 5 11 15 3 13 8 14 4 9 0 10 17 1 2
17 4 14 5 8 16 13 19 1 15 9 11 10 12 2 18 3 7 6 0
7 2 0 19 13 14 1 8 18 5 6 12 16 3 17 10 9 11 15 4
3 13 8 5 1 7 2 9 15 19 18 11 14 0 6 16 12 4 17 10
12 7 1 4 16 19 14 8 11 13 0 9 15 10 6 5 17 18 3 2
7 15 2 8 13 19 17 9 0 1 3 11 5 6 12 10 16 18 4 14
19 15 6 8 2 18 11 16 12 0 4 13 10 3 17 9 5 7 14 1
12 11 9 8 6 15 2 13 17 7 10 0 18 19 16 3 5 4 14 1
5 1 7 16 4 17 0 19 13 9 6 11 15 14 10 18 8 12 3 2
13 6 18 5 7 4 12 14 15 19 16 9 3 11 10 8 2 17 0 1
58 9 99 38 12 65 41 93 3 54 33 35 45 48 29 48 63 82 32 45
19 39 8 57 63 6 85 70 63 71 51 30 16 64 72 90 11 34 59 43
27 75 3 41 26 80 87 96 28 16 42 57 31 46 76 84 26 99 1 68
50 93 4 46 11 25 66 73 55 47 59 5 69 96 28 79 42 93 4 92
85 15 27 36 50 10 90 10 100 39 31 20 4 80 14 19 42 87 2 94
79 55 38 45 95 17 96 21 55 16 14 75 36 67 63 35 18 96 81 40
39 69 1 35 46 43 68 96 7 31 75 52 54 82 34 34 100 18 65 65
49 65 13 50 97 87 63 85 69 100 5 85 19 74 84 20 70 41 20 28
96 31 69 43 85 82 10 18 60 87 36 82 59 16 80 89 28 19 52 57
85 39 70 3 41 6 63 29 66 6 78 46 82 28 45 69 36 77 89 52
91 92 39 36 34 44 54 11 19 60 9 5 82 50 44 86 7 34 73 59
12 90 13 77 19 76 41 22 82 34 88 71 50 2 25 65 83 69 8 97
50 58 20 44 1 6 94 42 58 68 76 85 67 36 75 97 90 26 13 64
39 17 43 61 22 88 7 84 48 48 64 11 25 39 44 75 6 79 30 15
88 35 8 32 25 80 34 100 80 30 21 46 60 28 31 99 78 49 95 69
89 83 78 39 45 22 64 7 72 46 91 32 31 70 16 26 22 15 23 55
72 12 16 31 21 75 39 95 52 97 25 51 96 17 85 36 97 48 77 73
98 69 49 46 16 61 96 55 48 75 55 16 37 23 30 17 57 38 72 4
78 51 38 43 32 2 2 48 88 85 32 79 27 82 52 29 64 35 6 71
54 93 13 57 92 49 54 18 78 11 72 26 71 65 42 11 21 33 64 52
98 33 88 34 86 39 20 18 83 21 50 21 37 52 47 65 89 19 99 14
91 31 3 28 23 13 10 6 21 64 35 51 97 59 51 99 46 2 67 12
35 3 74 87 48 55 19 83 30 68 35 88 12 11 54 99 91 85 15 39
77 50 86 98 28 83 59 78 1 79 85 82 58 15 38 91 14 82 29 46
7 56 57 86 95 68 80 30 3 84 39 38 65 48 60 84 61 96 64 75
18 28 63 10 66 39 53 36 63 23 61 47 56 43 61 92 18 58 26 80
69 2 71 3 63 34 65 65 95 29 54 65 64 29 2 48 11 48 13 1
91 52 61 77 48 34 60 55 35 60 24 37 24 62 12 73 83 67 48 90
91 41 37 9 29 65 34 90 34 61 90 18 6 39 69 79 90 27 92 77
11 32 6 32 56 99 36 8 73 88 94 8 22 48 90 14 84 21 10 57
95 34 64 43 32 88 20 12 96 12 11 95 52 33 35 52 64 79 90 100
1 12 3 17 25 98 60 84 65 94 20 95 99 21 95 75 50 46 47 21
46 87 50 43 33 65 79 8 91 50 64 49 20 69 24 76 79 49 28 58
86 98 6 100 16 56 46 72 20 62 43 50 65 31 7 48 77 90 77 4
39 9 55 28 82 74 59 94 24 34 100 7 49 86 71 30 81 91 42 68
3 46 26 71 56 36 90 94 83 45 59 4 40 26 22 52 25 77 3 71
83 45 41 69 55 48 87 94 40 22 77 42 75 40 48 75 25 2 2 29
55 73 40 48 55 5 12 74 91 38 57 17 69 47 68 35 36 49 43 100
48 75 85 9 85 61 53 43 12 77 25 88 63 1 26 13 10 40 2 90
91 10 55 91 49 33 17 93 61 11 32 58 84 55 40 94 72 13 36 15
26 80 43 20 47 75 78 55 23 31 67 61 37 87 79 29 89 72 37 60
88 31 66 44 94 1 61 6 48 92 68 32 92 30 73 30 89 6 97 90
11 21 71 26 45 43 47 21 56 91 47 14 10 24 8 30 41 99 2 35
13 94 7 94 44 69 5 72 61 72 50 100 57 63 27 48 3 98 1 55
56 44 76 80 41 61 90 35 89 65 33 56 11 31 87 39 67 2 9 74
53 74 69 57 94 34 69 18 23 39 74 27 22 94 61 6 57 1 1 69
62 5 96 52 5 74 87 18 31 16 88 35 51 48 12 55 17 80 39 51
52 39 11 98 19 15 92 50 60 32 27 39 100 98 89 60 3 65 49 17
43 88 56 36 91 79 22 35 36 80 56 35 71 14 77 53 26 88 97 85
69 17 59 8 49 71 29 14 32 9 91 14 48 69 6 85 65 7 79 92
