50 20
10 13 8 1 5 2 18 17 15 7 19 4 3 16 0 9 6 12 14 11
5 8 18 13 1 12 4 10 6 19 11 7 15 14 0 17 16 3 9 2
13 17 10 5 15 7 3 9 8 18 16 1 11 14 6 12 2 4 0 19
17 15 4 2 19 12 7 13 16 5 3 0 8 18 6 9 1 11 10 14
0 15 11 17 19 8 5 16 4 18 2 12 1 7 10 14 9 13 3 6
7 15 18 14 10 16 6 8 11 19 5 17 3 4 1 12 0 9 13 2
6 10 5 1 4 13 3 12 11 2 8 14 16 0 15 18 19 9 17 7
10 3 19 16 7 5 14 15 11 18 17 0 1 12 6 8 4 9 13 2
17 10 2 6 18 1 7 13 9 12 0 5 15 8 14 11 16 19 4 3
0 14 6 11 7 4 17 9 12 18 1 3 5 8 10 16 13 2 19 15
17 18 2 16 0 8 4 11 5 13 12 15 14 6 9 19 3 10 1 7
7 6 17 1 10 11 13 16 12 0 15 5 18 19 2 4 9 14 8 3
9 0 17 5 12 18 16 10 3 1 14 11 2 8 19 7 13 6 4 15
16 1 0 8 9 3 12 13 4 6 5 14 2 15 18 11 7 17 10 19
5 14 8 13 10 16 4 12 18 19 15 6 3 9 7 17 11 1 2 0
17 18 14 12 5 16 15 9 7 8 3 11 6 1 19 0 2 13 4 10
18 9 7 2 13 11 15 5 3 10 8 19 4 0 17 1 12 16 6 14
16 1 11 6 18 3 5 0 9 7 4 19 14 12 2 17 8 13 10 15
9 19 3 2 6 4 8 18 14 16 15 10 0 12 13 7 11 17 5 1
3 15 2 11 18 6 10 5 7 0 14 17 13 4 1 12 16 8 9 19
12 0 6 10 19 18 17 8 3 13 15 5 9 2 7 14 11 4 16 1
19 6 15 17 4 7 3 1 10 5 9 12 13 18 0 16 14 2 8 11
9 12 2 8 17 7 0 4 5 3 19 10 13 14 11 18 15 6 16 1
16 12 13 6 5 14 8 7 1 15 9 19 2 0 10 11 18 4 3 17
2 4 17 9 16 19 8 15 1 18 5 7 3 14 12 11 0 10 13 6
12 9 2 7 17 10 1 0 5 16 19 11 3 6 18 8 14 13 4 15
12 5 19 6 7 8 18 0 4 3 16 10 15 17 9 2 11 14 13 1
12 8 15 4 6 10 17 13 18 9 11 1 16 5 7 14 19 3 2 0
5 9 19 18 2 14 7 6 0 15 8 3 10 13 4 17 11 12 16 1
0 3 5 16 14 12 7 11 6 17 18 9 19 4 2 13 15 10 8 1
3 17 6 9 10 15 7 1 4 5 18 8 0 16 19 14 11 2 13 12
2 0 11 15 7 14 9 8 10 12 16 18 13 17 19 5 6 1 3 4
6 14 7 10 4 17 9 16 8 0 3 5 13 1 12 19 18 11 2 15
19 2 14 16 6 1 10 8 12 11 4 0 17 9 18 7 5 13 3 15
15 10 7 4 3 14 19 8 12 6 13 5 11 1 16 18 0 17 2 9
17 12 11 2 1 9 7 19 18 15 14 4 3 10 6 5 13 16 8 0
5 15 10 0 13 12 6 17 19 2 11 9 7 3 4 1 18 16 14 8
5 19 4 14 7 16 13 11 8 1 2 15 3 9 10 18 6 17 0 12
11 12 5 14 4 3 8 6 10 13 19 2 15 17 18 16 7 1 0 9
8 3 17 5 0 6 16 2 15 11 13 18 4 1 7 10 19 9 14 12
11 14 12 6 15 2 13 1 5 7 8 16 17 10 3 19 18 0 4 9
0 12 17 11 2 16 7 6 14 8 3 18 4 1 10 5 9 19 15 13
18 1 7 3 5 15 8 16 13 12 6 9 14 4 17 19 0 10 11 2
7 13 19 14 4 6 15 5 9 12 3 18 16 8 17 0 1 10 2 11
14 17 0 15 6 16 13 8 11 7 12 1 2 18 10 9 4 3 5 19
0 8 1 13 3 17 14 4 7 15 5 6 11 18 9 16 2 19 10 12
4 0 5 16 8 9 15 14 6 18 2 13 10 3 17 12 7 19 1 11
5 17 7 6 3 15 9 8 10 11 2 12 13 16 14 0 18 4 1 19
6 0 9 18 12 1 10 8 15 16 2 5 17 19 3 14 4 7 13 11
10 2 16 18 11 0 9 13 12 4 19 6 15 14 1 7 17 8 5 3
1 85 53 76 78 50 96 31 43 70 59 4 9 85 81 52 20 13 32 82
49 26 97 59 100 76 47 56 20 72 78 24 78 76 74 3 18 69 16 77
58 98 75 12 65 12 7 42 87 42 15 13 56 85 16 9 46 55 52 64
21 66 39 96 58 65 1 28 70 90 90 79 97 64 56 92 64 68 88 96
88 66 80 68 24 11 95 60 34 21 58 61 92 41 83 31 20 2 14 63
87 20 61 53 21 85 5 96 48 35 66 20 53 45 83 17 83 70 68 65
43 75 39 84 21 82 35 39 59 50 90 34 55 96 47 44 35 74 41 86
22 10 56 40 86 98 32 71 53 91 83 62 62 20 80 89 61 77 93 68
70 5 40 96 99 19 84 68 21 22 99 42 15 94 22 31 78 13 51 96
37 79 57 19 52 45 69 29 39 100 90 51 4 75 68 23 63 76 40 9
84 66 16 53 98 98 46 42 26 46 24 40 47 43 22 67 17 22 41 2
19 40 15 82 50 3 92 82 9 58 79 29 6 38 69 78 100 27 94 68
23 27 69 88 8 15 39 31 85 61 49 82 32 36 36 92 24 81 81 28
76 92 68 90 72 84 3 11 19 30 82 77 69 95 46 24 61 69 93 31
70 78 23 30 100 34 7 5 35 51 65 3 46 69 97 67 49 54 94 17
38 40 68 23 18 29 58 19 31 75 67 65 79 92 52 93 25 43 52 34
20 58 81 94 56 71 53 23 14 42 88 92 7 19 53 12 94 21 17 18
49 23 80 50 32 46 34 52 37 5 63 6 18 21 79 43 62 74 14 93
20 57 34 23 19 44 35 52 50 31 96 73 67 51 66 79 4 84 52 27
48 50 9 58 91 14 99 66 18 8 90 36 63 7 36 73 82 84 9 18
86 8 38 68 34 28 87 15 10 65 94 19 63 23 57 86 14 51 5 96
35 42 30 88 90 58 4 66 40 76 70 29 51 5 17 51 70 39 71 59
84 60 70 66 70 8 4 6 72 55 41 47 30 17 40 19 98 22 87 29
96 15 61 28 2 14 63 17 70 18 24 82 32 32 49 61 79 93 97 33
72 14 82 95 78 2 42 31 55 94 72 90 44 21 30 3 83 46 98 66
12 66 98 32 57 10 71 35 42 79 14 58 11 27 18 27 11 45 24 15
57 10 84 87 18 56 45 75 88 15 96 92 94 11 42 78 53 98 94 13
58 95 24 62 64 25 30 21 18 71 49 86 7 78 14 12 21 56 55 42
1 69 84 2 63 88 44 71 81 39 54 48 14 52 52 86 88 95 6 50
82 86 37 91 3 42 77 62 94 94 84 82 63 21 23 20 12 3 60 16
5 27 60 76 10 18 33 22 54 39 6 98 16 1 44 98 45 57 91 17
21 47 35 77 36 73 61 24 3 26 61 41 56 12 74 13 37 51 96 100
67 63 91 44 96 56 31 32 50 94 91 2 9 35 73 82 1 100 20 72
51 52 99 70 96 82 73 1 90 6 40 38 45 8 31 70 1 14 87 66
94 63 16 18 43 48 54 97 21 22 69 20 82 11 57 10 27 78 30 42
30 18 15 19 38 9 73 4 93 97 61 33 22 37 71 3 7 16 54 20
33 31 84 46 78 74 99 17 10 29 9 30 8 98 100 32 9 40 11 63
8 67 48 8 54 49 7 22 30 78 45 89 65 62 1 51 64 8 59 48
9 90 95 55 53 21 19 83 11 23 7 97 91 87 24 7 36 15 20 72
99 57 17 81 96 89 48 22 27 30 12 94 76 73 51 41 89 22 63 10
27 72 31 31 23 25 43 59 36 9 20 51 94 79 59 81 42 55 93 3
70 66 87 52 83 18 61 76 38 80 49 93 52 33 30 52 14 48 49 61
50 75 45 32 54 42 73 14 27 28 59 77 86 78 37 13 55 56 50 67
37 65 13 4 52 14 40 56 7 13 37 24 47 21 76 38 99 48 86 37
62 5 55 85 100 18 84 42 1 28 37 16 93 46 69 51 46 65 43 38
15 9 62 51 39 81 99 85 41 61 97 70 21 20 95 53 38 95 24 34
31 39 70 10 85 30 98 100 85 28 43 83 30 55 27 27 23 53 77 56
24 37 10 31 27 72 15 68 11 48 8 54 12 4 6 38 28 19 86 59
47 28 55 82 76 21 10 62 3 47 1 63 11 3 7 63 24 50 78 49
33 62 1 14 71 36 96 45 80 4 59 53 64 73 76 14 79 31 23 82
