50 20
11 18 14 0 15 5 12 2 3 9 19 16 4 1 13 17 7 6 10 8
9 16 7 19 0 10 4 8 1 5 15 18 11 12 13 3 2 14 17 6
2 9 8 14 3 19 13 7 4 16 6 5 11 18 10 15 17 1 0 12
7 5 9 10 0 6 8 17 1 11 4 16 2 13 19 18 15 12 3 14
13 4 6 9 7 12 5 3 8 14 10 16 19 17 11 0 1 2 15 18
2 19 3 7 10 0 5 9 1 14 8 11 6 4 13 17 18 12 16 15
6 8 18 4 3 14 13 17 11 0 15 10 7 5 19 9 2 12 16 1
0 6 17 19 4 13 1 14 7 10 18 11 9 8 3 15 5 2 16 12
19 0 15 1 13 17 9 7 4 14 10 5 2 3 12 18 8 6 11 16
9 3 1 5 12 7 0 4 10 8 18 13 2 6 19 16 15 11 17 14
14 13 17 8 7 12 3 0 6 5 18 2 4 16 19 11 10 9 15 1
12 3 5 15 1 4 19 8 2 14 10 0 17 13 9 7 18 11 16 6
0 9 19 12 6 17 15 5 8 4 16 7 10 1 2 11 3 14 18 13
13 8 0 4 1 14 15 6 2 12 11 18 16 5 17 3 19 10 9 7
10 12 15 13 18 6 7 2 0 4 16 17 11 1 14 9 8 19 3 5
18 10 0 8 2 9 11 7 15 13 5 1 17 16 14 3 4 19 6 12
5 18 19 9 4 8 1 3 0 17 13 14 6 11 12 7 16 10 2 15
11 12 1 16 5 10 9 14 17 7 3 15 18 4 6 8 13 0 19 2
15 6 2 3 17 8 7 1 5 12 16 11 14 19 4 18 10 13 9 0
7 17 2 3 11 18 14 8 19 16 4 9 5 6 10 13 1 15 12 0
2 17 8 18 19 10 14 11 9 5 15 4 7 12 16 3 1 0 6 13
14 15 11 9 7 19 12 3 16 0 8 2 10 1 17 18 5 6 4 13
13 19 14 7 9 12 10 2 16 8 0 6 17 1 4 11 3 15 5 18
1 18 17 5 11 19 15 6 16 4 12 9 3 7 8 2 13 14 10 0
6 4 7 14 2 1 17 16 0 15 8 19 9 13 10 3 5 18 11 12
11 12 19 1 9 5 4 6 14 0 13 16 17 10 7 18 2 15 8 3
19 1 10 6 0 17 18 14 8 11 2 7 16 3 5 15 4 9 12 13
3 1 8 17 11 4 18 0 6 16 7 2 19 15 9 5 10 12 13 14
19 5 3 12 14 9 0 10 11 8 6 15 2 17 16 18 4 7 1 13
6 17 2 4 7 13 10 14 12 8 0 15 1 5 11 3 18 19 16 9
19 16 10 0 13 17 9 1 5 4 14 2 18 6 8 7 15 12 11 3
9 17 4 11 16 12 19 2 18 14 15 6 1 13 3 5 0 7 8 10
1 8 19 13 11 7 10 16 12 6 5 17 4 0 15 14 9 3 2 18
13 2 16 11 9 12 8 18 17 10 7 19 14 3 4 1 5 0 15 6
0 9 13 5 10 7 14 11 4 6 17 8 12 16 15 2 19 3 18 1
11 17 18 3 0 4 19 12 6 7 2 15 16 1 9 14 5 13 10 8
14 6 8 10 7 15 1 4 9 12 0 2 5 11 13 16 19 18 17 3
4 16 17 0 6 18 5 13 14 15 2 3 12 10 7 1 9 19 11 8
17 16 0 15 5 10 7 12 13 11 19 2 6 3 14 18 8 9 4 1
6 13 12 5 3 15 18 10 9 0 2 19 8 14 4 11 1 16 17 7
3 7 11 0 12 1 4 19 14 6 5 18 15 17 9 8 16 2 10 13
3 8 9 2 19 18 14 7 11 6 17 4 13 15 0 1 16 5 10 12
2 3 7 0 19 12 10 17 8 16 15 18 13 9 5 11 14 4 1 6
10 2 1 0 18 14 7 6 8 13 5 19 17 16 12 15 4 11 3 9
10 5 4 6 2 16 12 0 11 19 18 7 8 1 13 14 3 17 9 15
4 13 19 14 2 15 1 8 18 12 9 11 17 16 7 3 0 10 5 6
3 17 2 9 12 10 5 19 1 14 7 11 4 6 13 15 8 0 16 18
4 18 1 12 16 6 8 10 17 11 3 0 7 19 9 14 15 5 2 13
4 9 2 19 1 6 17 16 13 8 10 18 14 5 11 3 15 12 0 7
10 13 16 3 1 2 15 17 4 12 14 0 9 8 18 5 6 19 11 7
64 23 25 65 50 24 43 42 16 12 71 100 34 69 61 27 29 25 10 11
81 100 71 16 45 68 8 99 52 97 75 78 68 32 29 74 61 52 95 18
68 12 3 63 46 97 54 74 1 8 62 19 98 97 4 90 2 31 12 86
74 92 94 77 54 63 65 35 77 14 61 80 54 38 70 36 37 59 25 3
37 59 63 69 89 99 52 25 84 55 33 37 12 68 42 41 25 100 36 48
28 76 80 72 78 87 75 8 68 3 93 76 16 82 89 17 35 21 84 44
56 1 15 5 49 100 17 5 82 34 77 33 82 23 70 86 12 9 6 71
95 85 72 26 52 90 13 28 79 84 83 40 83 86 43 44 83 55 25 65
62 76 88 9 36 38 23 2 38 75 54 56 67 68 79 55 89 52 14 88
88 73 3 74 10 50 43 48 85 35 77 15 45 46 19 16 58 90 19 22
93 82 76 5 62 14 79 55 3 12 4 8 93 46 63 60 36 52 69 10
7 95 70 69 12 67 25 47 82 58 91 85 62 32 15 70 62 58 94 50
30 4 6 4 72 32 100 77 4 55 12 27 94 96 87 55 30 78 63 92
7 22 3 47 63 33 72 60 66 12 36 55 70 13 79 60 5 18 48 60
93 44 23 84 1 72 85 97 62 88 24 91 86 5 91 4 91 91 56 83
86 100 4 15 66 75 4 18 40 54 15 58 36 80 17 31 88 68 20 100
15 13 71 20 68 76 46 78 65 74 67 96 20 22 39 58 90 18 9 69
91 87 6 16 30 40 8 68 80 13 39 38 13 57 98 56 28 56 41 10
16 89 44 50 100 86 8 96 73 98 49 40 31 86 83 72 91 21 75 29
2 32 51 48 59 88 66 44 96 52 98 97 67 76 3 54 88 88 74 55
100 71 48 46 78 8 21 54 18 55 49 52 24 6 75 71 13 98 65 76
85 80 97 89 63 61 67 63 61 15 5 73 40 21 62 36 3 8 13 95
33 33 54 64 41 40 90 15 85 96 87 59 57 84 15 19 6 39 14 1
22 24 18 71 64 68 87 28 73 11 21 45 26 23 42 78 39 7 55 5
85 8 6 80 98 1 6 23 71 46 6 7 63 21 49 82 39 84 81 22
60 23 61 43 70 36 47 18 77 57 52 64 68 57 87 86 69 68 71 23
67 51 30 77 32 55 73 82 68 80 12 62 21 2 23 92 17 3 43 30
71 95 38 99 34 66 46 31 64 82 55 9 8 26 54 27 89 13 97 65
16 42 46 50 67 19 78 42 94 42 3 56 76 88 97 63 10 34 54 11
58 59 50 13 37 59 44 76 98 29 37 19 37 29 84 16 18 19 80 55
8 6 24 73 59 26 31 93 18 10 90 21 12 83 1 92 84 38 41 56
72 8 33 21 86 51 84 83 92 25 71 33 46 83 87 15 86 60 38 97
86 91 70 78 2 96 63 4 60 97 4 5 100 15 18 61 67 82 6 21
83 11 65 80 17 77 84 90 3 12 28 84 4 24 60 68 34 35 57 48
74 52 95 2 36 59 1 10 75 26 56 34 47 79 73 12 48 84 41 75
5 5 65 72 52 49 8 2 38 91 16 37 33 48 98 34 37 48 23 1
46 50 84 77 80 43 94 81 71 82 62 16 1 98 20 73 72 9 76 88
14 35 19 84 94 75 64 4 70 95 91 96 2 78 48 67 77 40 62 54
49 86 43 91 92 44 65 87 64 42 38 65 54 34 36 50 76 56 26 86
14 63 24 51 8 54 80 49 34 70 25 1 57 31 83 83 21 11 90 30
94 92 46 84 11 36 56 10 87 75 14 41 2 77 12 15 22 92 29 58
21 93 97 40 39 33 32 22 87 52 30 47 10 83 58 7 81 16 13 26
94 34 5 67 91 82 23 87 25 60 38 50 34 21 66 60 96 84 68 22
21 15 43 41 32 5 45 16 86 33 13 3 42 8 16 71 66 63 50 93
14 81 21 23 89 5 65 21 50 75 21 55 13 26 35 54 22 88 93 85
87 25 5 66 25 84 22 71 9 59 39 27 15 40 39 76 7 69 7 48
7 75 69 82 34 45 51 70 93 66 62 6 39 35 25 80 7 35 77 31
35 76 27 29 94 99 55 95 32 7 21 40 30 73 85 28 34 19 26 47
21 58 35 19 63 77 37 72 26 98 98 33 8 46 38 99 36 99 51 81
34 65 6 3 11 90 17 24 13 25 32 36 86 58 65 73 97 69 87 63
