50 20
17 5 11 1 15 4 16 7 18 19 12 2 10 0 14 13 8 9 3 6
6 19 9 3 10 2 18 7 15 0 17 13 1 11 14 12 5 8 16 4
13 12 17 15 19 9 10 8 7 16 4 1 2 6 11 14 3 18 0 5
16 14 19 18 1 10 8 9 13 11 3 6 5 15 7 17 12 0 2 4
7 4 0 12 9 19 6 1 16 13 11 2 3 5 8 14 10 18 17 15
1 0 11 2 19 9 18 3 7 16 13 12 17 6 15 5 4 10 14 8
5 6 16 1 10 18 13 3 0 9 12 2 17 15 19 14 4 8 11 7
15 0 3 10 9 2 18 6 14 13 19 16 5 7 11 1 17 8 12 4
11 0 14 6 13 16 4 17 12 2 8 1 5 3 7 10 19 18 15 9
7 10 15 17 12 0 6 16 1 9 2 4 8 3 5 18 14 19 11 13
2 7 0 18 10 9 19 13 6 16 15 17 11 14 8 1 5 12 3 4
5 12 14 19 0 11 16 1 4 18 13 10 3 17 7 15 9 8 2 6
10 15 9 19 18 3 13 6 16 14 0 11 4 7 1 2 8 5 12 17
18 9 4 15 8 6 19 10 17 1 7 5 0 16 3 2 14 12 13 11
10 1 19 11 13 5 14 0 9 7 4 12 3 8 6 15 18 17 2 16
17 8 1 19 16 13 12 15 4 11 0 18 7 10 14 2 6 9 3 5
16 4 12 5 7 10 9 0 18 17 3 1 2 15 13 8 6 14 19 11
6 16 13 3 1 17 9 5 0 2 7 19 11 8 4 15 12 10 14 18
1 3 5 19 0 16 7 15 9 10 8 2 18 12 4 11 17 14 13 6
13 3 17 4 18 9 5 0 2 15 8 10 11 6 14 1 12 7 19 16
5 19 13 16 11 14 15 1 2 8 17 6 18 9 4 7 0 10 3 12
4 16 9 2 14 19 6 3 7 1 12 5 15 8 13 18 11 0 10 17
14 17 10 11 18 12 15 2 1 8 4 6 16 0 3 5 7 13 9 19
6 11 14 15 0 13 10 18 9 19 8 16 5 7 1 3 17 12 2 4
13 2 14 11 15 9 17 3 1 12 4 16 10 0 7 5 6 18 19 8
5 4 10 12 11 1 7 2 3 15 9 8 6 19 0 18 16 17 13 14
10 18 2 15 17 13 7 1 16 0 19 6 5 8 12 3 4 9 11 14
14 2 16 0 3 8 7 11 6 19 4 15 18 13 9 1 12 5 17 10
3 7 14 19 0 15 2 11 5 8 17 10 12 16 4 9 1 6 18 13
19 10 0 9 8 11 2 15 12 14 4 18 1 3 5 6 16 13 17 7
8 4 11 3 6 17 5 7 13 14 1 9 16 2 15 18 19 12 0 10
11 18 19 8 10 0 14 9 7 15 3 6 13 12 5 2 1 4 17 16
4 8 12 19 17 1 14 9 6 15 16 2 3 5 10 7 18 11 0 13
6 9 17 12 15 19 5 11 2 13 14 0 1 16 3 8 10 7 4 18
18 11 16 19 9 17 3 5 8 4 7 13 15 14 6 10 2 12 0 1
14 3 16 19 17 12 0 2 13 11 1 15 10 4 7 9 8 6 5 18
1 11 13 16 9 10 14 0 3 4 6 8 2 7 17 18 5 15 19 12
3 12 14 19 18 5 17 2 11 15 16 8 10 1 13 4 9 6 0 7
7 6 1 13 0 5 18 8 9 4 10 3 15 17 19 14 16 2 12 11
10 7 15 2 8 16 13 17 0 4 12 9 19 11 18 6 3 5 14 1
15 10 14 13 6 18 9 12 11 3 5 0 2 1 16 4 8 17 7 19
2 9 17 5 19 0 8 4 16 18 15 14 11 10 7 1 3 13 12 6
18 6 8 0 7 17 4 2 16 14 1 12 10 19 15 11 9 13 3 5
3 17 12 0 7 9 11 14 15 19 13 1 2 4 8 16 18 6 10 5
1 11 0 10 4 17 5 3 19 6 7 8 18 12 9 16 13 15 2 14
17 11 9 13 3 5 0 4 12 6 2 16 8 19 18 7 15 10 1 14
5 3 10 14 18 8 4 17 15 16 9 13 0 7 11 12 19 6 2 1
10 4 13 5 0 2 12 15 17 3 7 11 14 19 9 18 6 1 8 16
13 2 17 1 16 19 8 5 18 12 4 10 11 3 14 7 6 15 0 9
3 8 0 12 16 1 2 9 5 18 19 14 7 17 15 13 11 10 6 4
45 55 44 81 53 90 24 23 100 97 47 47 7 27 99 13 25 19 60 38
53 25 87 86 17 1 74 48 41 70 71 39 16 86 71 65 82 8 27 51
27 55 62 31 62 15 12 28 75 4 40 42 29 19 41 39 84 29 14 62
62 74 45 46 45 64 22 87 19 53 48 61 68 53 7 70 17 81 84 10
81 75 63 72 71 34 67 86 66 55 75 80 78 76 53 72 94 28 38 3
24 9 37 80 87 39 80 27 4 78 58 77 40 7 58 83 4 71 1 75
8 44 78 28 53 27 74 44 72 68 46 59 62 52 98 11 68 54 65 76
97 53 62 52 72 99 62 73 70 42 82 88 18 99 10 11 74 4 100 31
43 60 5 94 24 92 90 91 64 86 77 84 7 29 47 100 12 75 39 93
81 2 90 66 25 31 60 21 54 75 72 30 25 28 95 45 74 77 86 7
96 69 21 22 22 50 86 24 54 89 82 90 46 93 21 35 52 1 94 23
3 22 64 39 76 12 65 86 74 41 58 2 25 92 19 16 82 56 12 60
46 35 76 55 86 2 75 3 62 68 36 84 41 86 34 18 69 30 16 27
59 83 80 58 54 44 97 85 23 6 34 32 29 5 23 3 76 49 29 87
68 20 30 60 76 79 62 61 37 40 25 24 12 56 80 46 98 45 92 66
45 52 87 50 28 31 87 88 77 26 91 93 68 17 89 53 91 39 82 61
70 99 44 100 65 12 81 85 70 59 23 11 19 77 44 84 100 80 97 93
51 18 66 92 5 51 3 99 52 56 59 81 19 22 37 16 43 66 15 41
89 31 75 87 82 29 65 89 89 72 59 26 73 93 15 78 13 5 40 48
74 3 85 99 51 21 38 63 48 5 3 24 60 47 37 21 36 45 95 82
77 24 64 21 32 54 31 72 36 33 86 37 48 85 9 83 89 96 62 12
55 51 32 11 79 23 42 91 93 32 60 93 40 26 27 62 45 25 11 75
99 9 40 40 13 44 5 17 21 95 42 20 38 29 74 16 27 55 79 77
22 55 17 73 1 78 2 85 43 16 57 12 88 79 26 67 30 39 40 44
7 9 97 97 62 50 35 1 37 77 79 43 48 37 8 31 98 22 8 91
35 61 91 6 33 30 82 80 14 2 17 22 74 58 80 69 68 11 78 45
36 74 91 13 72 34 86 71 7 96 4 78 41 41 11 95 36 70 86 31
6 59 86 95 1 32 81 7 11 53 70 1 88 35 61 33 5 16 19 3
20 26 97 85 60 73 60 4 80 21 56 56 66 87 61 65 30 63 94 77
11 59 71 12 32 68 85 20 98 93 38 59 28 72 97 29 85 12 58 66
36 88 1 59 84 46 63 82 20 22 52 58 36 73 30 84 36 24 41 86
11 22 82 74 16 76 100 83 18 75 88 64 14 54 80 31 24 26 15 78
17 48 20 42 36 17 43 59 17 48 54 19 13 35 96 9 36 63 65 33
19 17 5 73 74 41 86 10 87 30 11 50 40 20 35 6 25 45 10 42
38 22 26 63 54 62 44 58 73 29 31 86 51 55 59 77 62 4 10 26
20 77 1 69 83 1 52 31 53 78 37 80 91 78 17 48 78 8 23 44
23 83 23 96 34 61 79 9 98 91 82 66 93 20 63 9 69 85 46 88
18 20 98 91 58 3 86 4 82 78 22 9 17 15 44 76 86 80 2 28
8 21 82 67 36 55 53 11 35 34 16 13 60 55 91 71 49 48 85 48
53 70 22 67 82 2 91 81 99 62 13 59 100 79 49 6 17 70 99 58
78 78 74 27 21 65 74 42 52 55 100 19 78 9 39 67 52 17 75 51
81 31 18 98 46 52 74 48 98 59 6 40 39 6 4 11 97 49 92 32
33 79 50 25 57 2 52 76 64 63 63 30 79 55 82 78 99 1 47 8
2 13 14 14 35 18 21 58 59 18 82 64 27 54 4 66 98 56 22 60
46 83 14 69 32 39 43 54 7 31 20 84 55 98 70 87 90 99 92 93
8 7 5 28 93 35 40 72 68 64 17 35 41 47 72 94 27 42 50 90
23 4 17 79 94 73 29 68 45 83 49 57 44 22 44 5 78 81 48 21
41 23 1 76 72 30 61 51 45 10 14 38 9 30 11 37 88 24 65 75
33 20 7 33 68 12 60 69 86 89 77 53 42 78 60 28 53 78 42 92
44 32 22 79 55 35 95 2 12 63 66 24 76 47 77 23 23 98 52 3
