50 20
9 2 15 1 7 10 4 3 18 16 0 14 6 19 5 11 13 17 12 8
6 10 18 2 3 11 8 1 7 13 19 12 15 5 14 17 9 16 4 0
12 16 9 4 3 14 13 10 6 17 2 7 5 19 18 0 15 11 8 1
10 9 11 7 2 14 18 19 1 16 15 12 6 5 4 0 3 8 17 13
4 9 14 0 7 17 16 15 3 2 13 18 5 12 11 10 8 19 1 6
10 12 13 11 9 15 6 3 19 16 0 5 1 2 8 7 14 17 4 18
18 19 10 11 13 7 2 5 9 12 16 15 14 1 6 0 17 3 4 8
9 11 19 14 13 4 12 5 15 17 1 7 6 18 10 3 0 2 16 8
10 3 14 5 17 19 18 16 6 0 15 7 2 1 12 8 9 4 13 11
12 14 19 8 9 4 0 6 7 13 16 2 3 18 5 17 15 11 1 10
3 18 2 8 16 13 0 4 11 12 15 1 7 10 5 17 6 9 19 14
6 8 0 1 13 11 7 14 15 17 9 12 16 18 4 5 2 19 3 10
4 11 2 16 14 18 3 13 15 8 17 19 0 12 1 10 6 7 5 9
11 1 3 15 4 9 14 0 19 17 5 13 18 7 2 10 6 8 16 12
10 3 7 14 17 1 18 2 11 9 19 4 5 13 15 6 0 16 8 12
9 15 6 5 17 11 2 19 0 4 16 12 1 13 7 3 14 10 18 8
9 4 14 19 1 12 8 16 7 18 10 0 11 6 13 5 17 2 15 3
17 0 10 19 18 11 9 3 4 13 6 2 5 1 12 14 7 8 15 16
3 17 12 18 4 2 1 6 7 19 14 13 0 8 15 10 9 16 11 5
5 14 7 2 6 15 10 9 8 4 16 19 11 13 1 3 12 0 17 18
7 8 17 4 19 9 6 2 16 14 18 5 11 3 1 13 0 15 12 10
15 2 10 3 16 12 9 4 18 17 13 0 19 7 8 11 14 6 1 5
10 5 16 0 2 1 18 14 17 7 11 8 9 3 6 15 12 13 19 4
6 7 5 14 10 0 15 3 12 16 8 2 13 1 9 4 17 19 11 18
12 9 17 1 6 14 11 8 19 0 5 7 15 18 3 13 16 2 4 10
14 9 1 12 18 15 10 16 17 4 7 19 3 0 2 13 11 6 8 5
6 16 11 2 1 9 0 4 14 10 19 12 13 5 3 8 7 17 18 15
0 7 8 9 17 15 3 18 12 1 19 11 10 2 14 16 13 6 5 4
5 4 9 10 7 15 1 12 13 2 11 3 19 14 6 8 16 17 0 18
14 6 16 1 0 8 5 13 9 12 10 4 17 11 7 2 15 18 19 3
5 8 1 0 19 16 17 10 12 7 14 2 18 11 9 3 6 13 4 15
12 6 4 2 1 13 17 19 3 14 11 16 5 15 8 7 10 9 0 18
2 18 16 8 11 9 13 3 19 17 14 7 10 5 1 0 6 4 12 15
9 3 1 4 15 19 8 0 18 7 13 6 10 17 5 12 16 11 14 2
6 2 13 5 14 4 3 16 0 7 8 15 10 19 17 18 11 12 9 1
8 17 6 13 0 9 7 5 15 10 16 2 12 3 19 11 18 14 4 1
15 4 14 9 19 7 10 17 2 1 16 6 0 12 18 3 11 5 13 8
1 10 16 14 4 9 19 6 18 17 5 8 13 2 3 7 15 0 12 11
15 2 8 18 1 16 17 13 14 6 3 0 7 4 11 5 12 9 19 10
1 11 16 10 19 15 17 13 7 5 6 8 14 4 3 12 0 9 18 2
11 0 10 9 18 2 14 19 8 6 13 17 15 1 16 3 5 12 7 4
7 18 0 14 13 10 3 5 1 16 6 11 2 15 19 12 4 9 8 17
12 6 13 17 8 11 3 2 14 7 15 18 5 9 16 0 10 19 4 1
3 2 12 0 5 15 10 17 11 4 6 8 16 18 1 7 19 14 13 9
2 10 13 1 17 0 5 19 18 6 8 7 3 11 4 12 9 15 14 16
16 4 6 8 13 14 5 18 11 9 1 2 3 0 10 7 19 12 17 15
12 2 4 13 5 18 15 1 11 0 6 3 17 16 9 8 14 10 19 7
5 11 1 10 15 12 7 3 2 17 6 19 4 14 0 9 18 8 13 16
9 3 13 2 19 0 14 15 12 11 6 5 18 16 17 8 4 7 10 1
16 12 10 9 3 2 7 13 4 19 17 14 15 0 8 18 5 11 1 6
19 58 80 17 21 30 48 46 76 23 81 27 35 34 11 41 13 85 3 96
58 26 36 41 62 100 86 45 89 87 2 65 6 50 28 16 85 14 2 22
98 13 10 20 51 98 34 65 44 39 69 83 71 60 25 75 22 73 71 44
45 77 22 16 28 92 20 24 23 83 15 60 35 3 91 89 63 24 15 13
53 79 76 4 84 10 2 42 57 26 98 83 20 80 38 39 36 95 42 56
30 65 9 52 11 47 91 98 61 31 21 41 38 36 16 63 61 21 24 37
86 86 14 54 32 100 76 14 89 68 47 73 20 23 73 88 94 89 13 77
2 38 45 78 100 88 25 95 39 45 13 10 29 68 45 22 79 98 88 49
17 33 88 58 35 54 14 31 7 1 38 82 39 58 97 72 39 71 59 28
46 51 18 96 35 24 95 10 49 8 47 64 44 38 28 95 15 12 45 60
91 60 26 5 56 81 31 62 63 43 93 3 70 50 7 12 54 51 83 62
17 37 71 16 40 26 50 65 58 72 67 97 48 45 55 83 50 19 30 87
93 62 63 36 4 50 1 15 46 61 96 5 39 74 53 12 28 18 77 89
94 33 74 88 66 72 39 47 78 59 29 83 77 89 28 47 66 86 100 2
88 5 6 62 16 17 98 52 12 74 95 88 16 27 56 5 35 48 11 100
52 63 63 71 68 30 39 94 95 2 2 73 97 79 71 9 8 59 34 26
59 6 24 97 67 34 16 74 3 6 63 6 45 14 21 73 79 40 31 7
17 12 66 81 83 96 8 34 47 62 57 59 33 93 24 91 70 100 15 19
22 20 56 95 83 22 5 22 59 80 19 36 5 37 79 12 27 80 21 6
61 64 34 86 57 53 25 85 59 84 10 71 58 80 100 46 14 31 48 54
56 64 51 25 86 92 98 62 61 69 44 80 51 50 45 12 96 87 72 74
25 54 58 65 77 1 100 92 70 25 25 75 19 53 62 43 68 17 54 71
59 88 35 88 95 43 79 78 30 86 72 13 61 59 63 47 16 84 2 75
87 1 39 4 35 84 47 80 47 48 100 2 5 38 56 57 8 72 53 89
23 32 85 46 74 61 46 12 45 50 100 13 75 47 45 32 16 67 61 41
28 56 36 64 36 36 52 31 56 46 27 69 77 47 87 54 19 46 31 29
54 27 63 27 57 9 67 6 61 25 76 79 66 10 95 42 47 19 63 72
2 79 52 38 52 49 83 7 72 82 63 64 45 94 63 18 49 17 100 30
11 22 61 10 3 73 73 33 86 75 27 100 52 87 54 84 41 42 50 20
6 26 19 48 37 63 23 4 50 7 73 45 54 62 21 39 90 47 50 95
19 37 27 64 53 40 33 46 33 95 21 40 99 77 92 69 47 44 100 34
20 46 87 16 90 50 6 75 18 70 57 67 23 21 71 1 21 3 10 92
87 91 28 80 5 49 63 52 98 44 29 50 32 24 8 62 98 98 31 18
6 59 11 72 46 71 82 90 77 83 45 78 50 32 39 19 19 28 84 100
87 43 71 12 27 23 75 60 19 53 83 87 95 31 46 32 88 52 57 21
27 61 43 19 34 76 45 92 37 3 48 38 40 58 21 34 97 66 60 74
26 54 1 32 34 83 89 58 4 27 57 27 2 55 8 61 75 59 37 100
2 13 75 80 42 86 52 26 71 94 79 96 75 91 2 86 22 67 96 17
13 83 13 37 23 87 83 28 71 90 84 10 42 77 79 18 11 91 48 54
79 58 50 94 66 59 24 90 34 94 7 8 49 78 1 13 74 21 44 24
83 78 61 15 63 60 39 47 78 35 28 64 98 5 58 13 28 76 3 36
11 41 67 6 41 29 66 27 48 34 14 66 74 50 64 72 38 28 40 21
95 92 33 100 50 13 91 49 32 13 46 16 79 7 97 63 67 93 38 96
85 12 16 93 91 12 5 37 81 85 14 71 79 46 65 17 16 14 73 67
78 72 33 72 48 36 29 34 82 16 32 71 49 92 95 96 71 5 60 17
41 55 38 79 56 54 18 89 58 38 50 48 73 1 49 100 5 86 27 9
97 10 23 75 58 21 1 62 83 8 89 16 46 73 63 5 46 31 30 73
24 55 94 18 8 89 72 68 10 42 87 87 41 51 23 8 1 36 13 86
77 14 51 19 51 38 9 37 49 30 9 56 38 25 41 44 62 2 51 4
35 83 59 56 70 100 69 88 94 62 9 10 35 34 35 22 5 20 60 49
