50 20
4 8 3 1 6 17 11 5 18 9 7 19 2 0 13 15 12 10 14 16
8 10 6 12 7 3 18 2 1 16 9 19 15 5 4 11 13 17 0 14
3 14 2 17 8 10 13 9 16 12 19 4 6 15 5 7 0 11 18 1
8 9 14 6 7 5 12 13 10 0 19 3 15 11 2 17 16 1 4 18
11 1 6 10 12 0 14 18 16 7 9 8 15 17 5 4 19 3 13 2
18 6 10 15 7 0 1 2 4 12 3 5 11 17 13 16 9 8 19 14
15 3 8 4 11 13 12 5 14 19 0 16 6 2 7 18 10 9 17 1
13 8 17 5 12 6 3 2 18 19 7 16 15 9 11 14 10 1 4 0
15 5 3 8 16 13 12 11 14 4 2 7 19 6 0 18 9 17 10 1
16 12 18 6 1 3 8 11 14 19 13 7 4 0 15 5 2 10 9 17
16 19 12 17 7 5 2 8 15 13 3 14 0 9 10 4 1 11 6 18
19 9 10 2 13 3 0 7 15 11 5 1 12 14 18 17 8 4 6 16
3 16 2 17 19 7 15 8 11 5 9 18 6 4 14 0 10 12 13 1
14 13 6 16 10 15 12 0 3 7 9 18 4 2 5 11 8 1 17 19
3 9 2 7 12 0 1 13 4 15 14 19 6 5 18 8 16 11 17 10
11 15 3 1 10 0 5 18 16 7 14 9 17 8 13 4 12 6 19 2
4 8 14 18 2 1 3 5 17 10 16 0 9 6 7 19 13 11 15 12
12 19 13 17 3 10 14 16 7 9 0 8 1 2 4 5 15 6 11 18
13 16 18 3 11 17 0 7 14 10 15 12 2 6 5 1 8 19 4 9
8 14 0 4 3 6 5 7 16 9 15 13 10 17 1 18 19 12 2 11
18 15 3 2 6 0 16 10 14 4 12 8 1 11 7 5 17 13 9 19
13 19 10 0 11 2 8 3 16 15 9 7 5 14 18 1 6 17 12 4
13 12 5 9 14 2 3 19 6 18 16 15 17 11 7 10 4 0 8 1
13 17 0 12 9 19 16 3 7 10 6 15 1 11 5 18 8 14 4 2
16 13 4 12 8 0 17 15 2 14 6 1 3 10 5 11 19 9 7 18
15 9 4 11 12 19 0 17 14 5 7 13 6 2 18 16 10 8 3 1
9 11 14 6 3 15 12 19 1 8 13 7 10 17 4 0 2 5 16 18
10 12 11 18 14 13 16 9 2 19 4 5 17 15 3 8 1 0 6 7
9 18 7 16 6 3 13 10 0 17 11 15 2 19 5 1 12 8 14 4
18 10 7 6 3 13 0 2 9 12 16 1 5 8 15 14 4 11 17 19
2 9 7 19 12 4 14 15 11 8 16 6 1 17 18 10 3 5 13 0
0 1 13 6 17 3 10 9 19 5 8 11 14 16 2 4 12 15 7 18
14 12 3 18 2 7 17 4 10 0 19 1 11 8 6 5 16 9 15 13
18 9 2 17 1 7 13 10 15 19 0 5 4 6 3 12 8 16 11 14
8 11 12 16 1 15 13 18 4 14 17 5 10 9 7 19 6 0 3 2
10 14 6 0 17 19 2 5 16 12 18 13 3 7 11 1 9 4 8 15
8 6 5 0 7 11 14 3 1 19 2 12 9 4 18 10 17 15 16 13
7 2 13 11 4 15 0 12 10 14 8 9 16 18 6 19 1 5 17 3
14 11 3 15 6 1 9 2 18 5 0 7 8 17 13 10 16 12 19 4
10 11 13 17 5 0 16 3 14 19 12 18 6 4 9 1 8 15 2 7
17 4 1 2 5 8 10 14 7 15 9 0 19 13 3 18 16 11 6 12
0 13 15 6 9 7 16 19 14 12 11 8 10 18 17 5 3 1 4 2
6 4 14 1 12 15 10 5 7 8 18 16 3 11 17 2 13 9 0 19
15 1 18 3 4 11 13 5 10 0 8 6 2 16 17 9 12 19 14 7
14 0 7 16 2 1 17 5 13 8 15 9 4 6 19 12 10 18 3 11
9 13 19 2 0 7 3 14 5 11 6 10 17 12 15 16 8 4 1 18
11 5 14 3 2 19 7 15 13 17 4 18 9 0 16 10 1 8 12 6
2 7 8 6 15 14 12 3 19 5 4 17 16 11 10 0 9 1 13 18
15 9 4 8 12 6 11 3 7 1 16 2 0 18 10 5 14 17 13 19
8 15 18 4 6 13 1 0 9 17 19 16 11 14 12 10 7 2 3 5
78 10 28 66 97 39 75 72 24 100 92 43 24 50 99 30 84 58 32 90
60 13 29 25 15 24 80 93 39 49 5 3 51 69 23 18 16 49 50 31
89 25 46 37 74 73 3 61 66 50 65 43 25 36 52 33 56 88 99 70
31 74 52 40 47 89 28 30 30 43 94 45 97 66 14 40 50 97 40 63
90 61 14 39 87 23 63 92 6 25 31 22 49 57 55 57 29 20 13 96
97 30 60 77 71 31 65 60 65 11 81 82 36 46 22 1 47 44 52 34
45 16 13 84 17 47 65 21 83 36 84 35 66 31 52 5 44 49 7 1
92 24 36 89 11 41 14 97 55 100 97 78 83 36 32 66 31 89 5 26
57 96 70 91 97 2 43 96 55 44 58 71 35 16 95 54 53 26 12 17
60 35 20 7 25 50 15 67 23 31 72 2 46 64 26 48 3 66 90 23
10 79 3 94 25 82 52 2 62 21 20 15 48 79 25 9 70 28 62 15
59 81 36 34 92 54 97 31 35 17 78 31 70 43 82 37 2 48 52 60
92 10 70 51 56 65 56 60 8 53 79 48 78 39 6 55 100 65 17 56
28 18 72 14 72 26 80 52 46 58 12 77 36 97 53 23 12 40 4 52
1 25 51 25 23 59 90 38 86 17 36 26 31 79 46 33 76 12 10 58
97 85 43 10 40 89 43 100 17 39 17 48 99 80 2 71 2 75 66 26
91 15 1 90 80 95 63 75 45 29 18 39 55 4 47 75 51 87 23 5
40 95 10 17 66 51 92 98 8 64 82 63 30 98 92 5 19 32 56 48
40 17 53 86 51 1 49 14 48 51 25 84 51 52 84 99 83 32 86 11
4 72 13 22 49 97 66 78 14 17 46 99 3 35 32 50 39 38 18 52
81 26 34 57 74 52 67 49 49 87 56 34 41 93 68 93 40 60 65 96
66 52 85 28 37 71 46 78 4 25 12 62 81 19 62 46 100 100 10 9
9 55 39 82 19 74 44 25 14 16 74 71 95 42 79 19 52 37 42 76
59 28 32 42 7 95 39 34 3 86 7 63 50 29 46 13 29 18 12 77
8 13 48 24 85 48 45 61 60 36 68 83 3 51 100 28 16 41 50 39
85 76 84 13 61 44 95 22 34 22 21 90 100 41 78 38 90 73 54 85
91 41 2 41 67 32 25 93 69 15 94 17 61 93 27 50 38 77 1 25
74 51 21 97 98 92 92 83 51 84 10 40 40 62 56 73 58 64 67 63
19 73 10 91 6 21 14 35 80 98 95 64 53 98 81 64 18 11 98 67
2 41 28 89 24 96 90 72 11 81 67 55 19 1 15 63 70 45 97 11
22 15 7 55 14 15 52 60 25 98 79 20 39 100 3 9 6 20 41 64
28 50 45 100 1 2 15 3 40 49 49 14 66 94 100 46 48 33 64 13
64 94 62 39 14 51 79 32 16 11 84 63 39 86 75 5 27 43 40 23
47 69 3 97 73 75 46 46 73 19 92 98 40 61 75 48 6 12 81 68
59 68 66 14 44 81 40 3 72 84 44 49 11 29 88 93 11 49 54 47
69 11 71 5 34 93 46 65 54 30 18 99 64 4 49 55 75 38 29 6
99 8 32 29 94 7 41 49 100 31 55 100 28 93 76 26 37 12 19 38
88 63 66 100 72 62 40 17 66 66 73 46 75 88 82 1 2 71 91 82
78 23 15 90 87 62 80 10 1 33 28 22 36 62 76 41 75 4 92 54
68 55 26 49 91 96 46 71 64 58 41 56 31 67 10 70 6 68 52 79
92 71 27 67 10 54 92 86 72 83 72 68 35 57 8 44 63 42 61 21
19 72 88 66 33 70 56 84 55 93 24 99 27 74 8 56 45 29 86 19
54 34 54 43 13 84 56 67 16 29 40 100 29 5 29 85 27 95 12 47
29 36 51 44 79 29 92 12 95 37 46 51 29 14 4 28 8 84 2 27
53 14 65 55 36 57 34 65 32 81 16 44 74 86 94 69 30 19 58 100
56 10 10 41 79 19 55 68 38 6 71 21 13 59 84 63 20 52 17 84
94 29 28 76 28 80 19 40 46 70 57 17 98 35 22 99 29 6 61 33
60 25 23 46 16 34 43 55 49 80 58 46 95 41 5 17 17 23 89 51
5 51 74 1 11 86 44 91 99 100 93 63 43 79 35 90 11 3 37 33
42 54 69 36 87 25 20 5 95 96 31 64 55 92 77 65 91 46 48 69
