50 20
5 9 8 7 19 13 6 1 16 17 11 3 10 18 0 12 4 2 14 15
3 13 5 19 0 1 4 16 9 8 17 6 11 12 2 7 18 10 14 15
0 3 11 1 9 15 14 17 19 6 10 16 4 7 12 8 5 2 18 13
10 5 0 8 11 17 3 4 19 14 7 13 18 9 6 1 12 16 2 15
6 0 10 11 15 5 1 16 18 17 7 4 12 8 14 9 2 3 19 13
0 12 14 11 1 10 6 3 8 4 17 16 5 2 7 9 19 13 15 18
6 16 15 1 7 19 10 3 18 0 11 8 12 4 17 14 5 13 2 9
1 9 10 19 2 14 3 4 18 17 11 7 15 0 12 8 13 6 5 16
4 5 9 7 17 13 0 19 11 2 10 14 18 12 8 3 6 16 15 1
11 15 2 18 6 13 0 12 9 16 4 1 7 17 3 19 14 10 8 5
5 10 19 14 17 13 8 12 9 7 11 1 4 18 3 15 2 0 6 16
12 16 0 2 6 7 15 10 3 4 11 14 18 5 13 8 1 19 9 17
2 4 8 11 10 9 16 13 0 6 7 18 14 17 5 12 19 1 15 3
0 19 2 8 9 4 1 12 18 5 14 17 13 6 15 11 10 16 3 7
5 12 14 2 3 9 13 0 4 17 19 16 8 11 10 18 15 7 6 1
12 6 10 4 15 13 1 9 2 7 17 8 19 0 14 18 16 5 3 11
16 8 6 19 12 1 13 0 9 2 11 18 10 4 7 5 15 14 3 17
3 15 4 12 8 6 14 9 0 19 5 18 16 11 7 13 2 17 10 1
16 6 9 15 1 7 8 0 19 13 11 4 3 17 5 10 12 2 14 18
9 5 1 12 14 4 11 2 17 6 3 18 7 10 19 13 16 8 15 0
0 14 8 9 15 17 7 3 5 2 11 10 6 4 12 19 18 13 1 16
15 1 10 6 12 5 16 19 14 0 17 11 3 8 13 7 2 9 4 18
11 15 18 2 0 14 9 1 3 4 6 12 7 19 17 16 10 5 13 8
15 16 10 6 18 4 5 1 13 17 8 12 0 11 3 2 9 7 14 19
15 12 5 8 13 14 1 6 0 18 2 7 11 4 17 10 9 19 3 16
10 4 14 0 12 19 16 18 7 15 3 17 6 5 9 2 1 13 8 11
7 8 2 17 5 13 3 6 18 16 9 14 12 10 1 11 15 19 4 0
10 1 13 18 5 4 7 3 16 15 2 9 11 19 6 12 17 14 8 0
4 2 17 15 6 7 1 9 14 10 5 12 3 19 8 0 13 11 18 16
1 4 11 15 9 16 10 12 0 14 13 17 2 6 8 3 19 18 5 7
8 3 9 2 6 5 10 15 4 14 12 7 11 1 19 13 17 0 18 16
9 13 15 8 14 2 3 6 0 12 11 5 7 18 16 17 4 10 19 1
8 9 6 4 18 15 10 17 7 19 1 5 11 2 16 3 12 0 14 13
15 18 1 8 13 16 3 10 7 5 4 0 12 6 9 17 11 14 2 19
13 8 5 19 0 6 4 16 14 17 15 11 1 7 10 12 18 9 2 3
17 12 0 2 10 5 4 13 8 14 6 16 18 11 19 9 7 3 15 1
12 1 11 5 7 3 16 0 10 13 9 6 2 19 8 14 17 15 4 18
7 9 14 13 3 6 16 11 4 10 0 5 19 2 17 12 8 15 18 1
10 14 6 7 2 16 18 3 4 12 8 5 1 11 15 9 19 17 0 13
18 10 13 17 6 8 4 15 16 5 7 2 3 12 0 14 9 11 19 1
4 16 10 3 13 11 5 6 7 1 17 19 2 0 8 12 18 9 15 14
13 4 8 5 19 18 10 2 1 0 15 11 16 6 17 14 7 9 12 3
14 16 1 4 18 11 0 9 19 17 12 15 8 5 3 2 7 13 6 10
17 18 0 14 13 9 8 4 15 2 3 10 11 6 5 12 1 19 16 7
9 16 6 7 11 15 8 10 12 18 5 14 2 17 13 3 0 19 4 1
18 15 14 7 11 2 19 0 12 4 6 16 3 13 8 17 5 1 9 10
17 11 13 16 1 6 3 15 2 19 8 0 18 7 14 12 9 5 4 10
16 19 11 1 10 9 14 17 0 7 6 13 5 15 12 8 2 4 18 3
3 2 7 18 10 11 4 6 5 0 9 17 15 14 8 16 1 13 12 19
1 19 15 11 9 16 13 0 8 12 7 18 17 6 10 3 5 4 14 2
72 26 61 81 91 30 58 22 6 4 3 97 60 45 50 74 93 24 71 41
85 58 80 5 85 16 61 76 72 55 19 28 35 33 13 41 10 21 14 79
77 3 65 56 58 81 51 95 86 14 7 59 15 76 91 60 21 8 62 35
5 81 14 66 83 93 65 92 7 33 7 63 56 15 95 8 76 72 31 78
14 44 94 30 46 88 57 57 76 93 47 3 92 21 68 75 100 87 86 47
31 53 55 8 84 89 9 27 41 36 42 21 69 3 95 76 19 85 25 22
10 4 86 21 2 45 8 82 89 96 50 37 60 72 64 49 75 44 34 90
35 86 30 80 38 33 77 44 26 2 50 97 1 28 64 13 89 57 95 24
71 63 72 11 92 43 82 42 57 38 75 83 35 74 75 54 9 85 40 3
29 6 97 12 29 20 5 66 37 73 92 30 62 16 1 76 51 66 77 90
77 40 42 81 3 93 66 92 27 13 52 65 39 93 15 2 10 76 36 62
57 11 80 78 72 64 37 49 72 21 35 94 26 93 54 63 26 95 100 70
31 28 39 43 17 15 9 54 91 72 66 4 94 15 28 27 35 89 76 1
8 22 63 58 44 55 98 29 82 18 84 91 72 23 65 29 58 90 72 70
68 31 75 78 92 78 29 69 72 51 59 5 99 55 99 1 33 76 39 79
4 94 66 82 64 66 72 43 13 96 38 85 64 87 95 26 43 38 4 17
65 48 100 56 84 87 60 27 90 60 20 38 31 50 97 58 39 42 44 67
55 44 23 57 96 24 75 71 49 29 53 54 90 57 41 15 50 96 60 29
52 13 43 88 49 91 45 30 94 86 12 76 40 70 2 36 56 74 81 54
48 92 37 5 20 99 99 66 92 18 76 94 91 42 30 94 3 84 34 37
69 85 39 17 77 55 41 68 34 59 18 63 52 78 20 10 70 97 16 76
38 57 17 34 94 30 16 26 78 44 71 82 18 36 100 53 47 79 70 46
91 76 96 83 49 76 61 31 6 7 22 15 42 57 16 46 68 88 74 27
36 19 41 99 39 46 55 52 35 18 38 41 53 93 89 93 83 53 68 55
34 71 69 35 1 57 79 58 50 57 70 70 62 94 43 79 7 62 16 91
8 19 76 61 93 15 29 2 91 12 76 52 45 62 83 16 78 58 29 13
33 42 68 58 60 7 89 57 97 41 46 14 27 69 18 18 5 56 7 46
81 37 80 4 93 94 95 36 1 96 87 69 38 61 37 75 92 30 28 16
97 82 11 44 75 22 88 91 40 50 3 75 100 10 30 12 68 79 20 3
33 9 85 18 65 46 58 73 29 62 11 76 54 73 15 9 29 19 97 53
99 45 27 37 59 27 4 32 20 44 52 15 100 70 95 18 6 18 10 67
71 10 96 35 17 95 65 14 68 10 30 98 100 68 18 62 76 93 91 85
99 34 30 14 93 24 62 67 49 16 61 64 22 46 32 97 15 42 29 40
28 79 65 43 22 85 11 44 10 15 24 26 58 24 98 94 43 99 55 71
19 81 17 2 87 47 72 66 31 2 96 17 60 52 88 70 63 56 6 60
39 28 32 62 10 34 65 3 29 19 9 9 76 10 33 93 48 97 39 6
50 93 44 23 34 61 81 63 15 52 73 92 54 97 34 17 24 61 25 94
47 31 59 11 67 80 24 12 30 88 10 37 11 61 24 60 40 53 29 72
98 76 63 84 98 53 41 21 64 86 22 23 41 55 76 3 17 19 72 17
64 5 84 16 69 7 75 82 71 95 78 7 46 98 70 32 42 18 62 80
9 61 45 8 44 56 40 15 64 94 18 9 38 62 32 96 69 74 71 84
36 74 89 23 30 55 2 22 33 94 53 56 89 99 24 94 98 33 17 51
13 12 34 88 70 31 52 43 44 47 70 74 82 98 38 64 15 94 9 33
80 100 11 23 6 6 14 51 97 76 50 40 41 74 98 7 25 24 88 17
34 19 39 53 11 91 83 60 92 49 46 1 49 1 83 38 86 37 50 40
57 70 89 61 36 24 85 48 64 96 90 58 24 44 16 88 32 24 22 48
54 48 99 14 6 35 96 68 12 7 52 88 5 76 39 99 60 9 82 18
22 18 5 40 75 63 13 92 81 38 1 77 14 38 10 8 4 64 85 43
16 10 22 46 25 75 65 97 60 48 14 87 88 50 47 84 62 29 50 53
3 85 28 17 57 47 93 12 20 5 96 93 6 86 58 2 41 49 51 100
