50 20
7 12 15 16 5 3 9 13 1 6 4 18 14 8 11 2 19 10 17 0
0 7 9 17 2 4 3 13 18 16 14 10 11 15 5 8 12 1 19 6
17 13 9 16 18 11 3 6 5 2 4 8 0 12 15 7 14 10 19 1
4 8 5 15 7 19 12 18 11 2 3 1 0 6 16 10 14 13 17 9
6 17 3 9 2 18 13 4 7 10 16 14 0 8 15 12 1 19 5 11
0 5 18 10 6 19 9 13 14 3 1 11 17 2 12 15 7 8 16 4
0 5 14 11 10 13 6 18 9 2 19 17 16 3 1 7 4 8 15 12
11 19 7 9 18 1 10 8 5 14 6 2 15 3 13 17 16 12 0 4
17 8 7 10 0 1 4 12 13 3 15 14 5 6 11 16 9 18 19 2
1 14 18 11 5 9 6 19 2 3 4 17 0 8 15 13 10 16 12 7
19 2 9 5 1 16 4 17 18 10 3 15 12 13 6 7 14 8 0 11
8 4 17 14 7 10 16 15 19 13 5 9 6 2 11 1 18 3 12 0
9 0 16 5 1 7 4 2 3 12 13 8 17 15 6 11 18 19 10 14
10 7 9 15 13 0 2 6 5 4 1 14 8 11 16 19 3 12 17 18
2 0 10 7 6 18 12 5 9 4 8 1 17 15 14 16 11 19 3 13
9 0 18 11 16 3 14 17 15 12 19 8 6 10 2 1 4 5 7 13
11 19 16 3 0 6 15 10 5 12 14 7 13 9 2 18 17 4 1 8
15 7 19 8 2 9 10 17 4 13 14 18 6 11 3 12 0 16 1 5
13 0 8 18 12 6 2 16 17 11 3 4 5 15 14 19 10 7 1 9
19 13 15 14 4 8 1 3 2 11 5 0 17 7 10 16 18 6 9 12
1 14 13 3 6 5 19 7 16 18 12 15 9 10 2 4 8 0 11 17
3 17 11 13 15 7 18 5 4 2 0 10 14 16 8 1 9 12 6 19
14 1 4 3 5 12 2 13 10 18 6 15 8 19 11 0 16 17 7 9
5 19 9 17 0 10 1 2 16 7 15 14 8 4 11 13 18 6 3 12
12 18 11 15 1 14 17 3 19 16 7 5 0 6 4 8 13 9 10 2
4 19 14 18 10 17 8 11 13 9 2 1 5 6 15 0 12 16 3 7
0 8 7 11 15 5 2 1 19 14 6 13 12 4 9 3 10 18 17 16
19 8 16 17 14 6 12 10 15 3 11 1 13 4 9 7 5 2 0 18
19 13 17 6 5 16 4 15 14 7 8 2 18 3 11 12 0 9 1 10
6 14 8 7 16 18 17 9 12 11 13 5 0 2 3 1 10 15 19 4
14 7 17 1 11 2 6 9 10 16 5 8 15 4 3 12 18 13 0 19
19 14 18 10 15 12 17 11 0 3 7 13 6 4 2 8 9 1 5 16
14 9 7 3 12 2 8 6 5 18 0 1 16 11 4 13 17 19 10 15
12 19 1 15 14 16 18 13 6 17 11 7 2 4 0 5 8 10 3 9
16 10 14 12 9 8 15 13 17 2 4 1 6 11 3 5 18 19 0 7
0 15 19 14 9 16 4 11 18 12 17 8 3 1 13 10 2 7 5 6
3 4 15 14 10 18 11 12 9 16 19 0 2 8 17 7 1 5 13 6
6 8 3 12 0 4 15 1 19 11 18 16 17 5 9 13 2 14 7 10
15 10 0 11 18 5 3 13 9 2 14 6 16 1 4 12 7 8 19 17
2 19 11 15 17 0 6 3 13 18 14 12 5 10 8 9 7 16 1 4
15 10 9 4 13 16 8 14 0 5 1 19 2 12 6 3 17 7 18 11
6 13 5 7 15 19 1 11 18 8 10 12 17 9 4 14 3 0 16 2
2 13 19 11 10 0 12 3 7 4 6 8 5 18 14 16 9 17 1 15
15 5 6 1 16 0 8 12 17 19 13 4 3 18 9 7 11 10 2 14
6 14 18 2 12 3 7 9 13 4 5 17 1 0 10 16 15 8 11 19
9 1 5 11 13 8 2 0 17 10 15 4 14 7 19 6 3 18 16 12
11 16 2 15 0 17 9 8 12 18 4 7 10 19 13 14 5 6 3 1
6 12 16 0 13 2 5 15 1 4 14 9 3 7 8 11 10 19 18 17
8 15 11 4 16 9 5 18 12 6 13 10 0 7 19 3 14 1 17 2
5 18 0 16 4 12 6 10 17 11 14 19 1 15 8 7 9 2 13 3
27 47 8 23 51 37 11 61 51 12 38 62 18 64 48 55 55 98 49 89
86 68 92 58 54 8 14 95 2 23 13 49 63 29 69 92 97 83 2 70
100 44 5 92 93 39 75 12 42 34 99 2 33 33 47 100 29 60 38 75
54 33 74 85 29 76 35 88 99 18 63 7 68 71 37 51 20 28 26 74
22 43 32 14 43 88 10 5 36 76 91 73 19 30 37 67 77 41 71 91
51 54 32 44 32 96 32 22 42 20 70 47 65 54 75 91 10 64 13 47
2 19 58 96 8 20 79 58 82 70 44 74 65 69 98 18 67 48 17 22
59 2 2 48 61 60 41 20 77 11 79 99 55 8 27 14 47 100 38 19
72 80 6 64 54 85 58 5 62 37 64 27 41 52 53 85 86 42 52 51
37 45 34 83 88 5 53 7 33 19 77 43 3 68 37 48 76 61 18 13
10 10 89 99 50 93 78 26 2 79 28 24 84 53 88 73 22 92 97 98
83 38 17 79 86 76 1 95 2 63 25 63 20 43 21 73 10 36 53 44
20 33 30 50 32 93 61 22 99 88 86 83 58 5 63 75 22 81 95 42
45 74 94 56 67 51 8 81 59 96 5 24 86 14 29 47 21 77 60 19
10 69 41 27 25 46 30 99 18 76 43 81 10 100 22 17 42 26 17 29
91 29 13 33 73 37 41 60 3 90 67 30 55 93 100 46 3 9 9 62
78 81 15 97 88 25 7 62 97 43 60 88 38 75 76 79 31 45 86 81
63 97 94 26 15 63 42 13 34 69 77 74 90 92 81 93 72 33 35 3
72 38 32 38 47 79 23 3 69 13 92 66 55 78 43 71 38 8 15 99
72 57 18 30 30 42 8 19 25 56 44 53 29 18 50 88 31 15 43 89
31 77 76 36 51 25 73 26 91 3 92 81 26 71 79 30 31 19 91 55
24 14 3 62 99 16 45 73 23 59 67 71 33 39 17 38 64 2 12 14
90 16 85 14 37 83 6 22 26 63 24 30 29 66 83 93 86 82 48 60
89 48 61 8 54 55 10 60 6 69 88 43 66 88 95 62 41 54 26 18
64 20 4 97 20 72 89 69 22 39 9 73 83 78 19 28 62 81 47 60
51 69 60 71 84 23 83 100 84 26 33 82 6 100 25 42 39 61 4 66
28 92 27 46 41 39 76 19 98 77 27 82 23 54 58 58 89 96 60 59
44 90 69 19 72 3 94 45 2 15 69 36 76 35 18 38 62 33 21 7
47 44 79 45 78 10 100 53 96 91 59 4 9 36 100 75 77 94 68 31
77 70 93 66 70 72 15 86 87 47 32 59 46 35 36 72 2 88 43 25
62 55 53 72 71 26 94 43 10 26 17 42 82 29 67 24 78 23 28 33
14 21 66 22 29 4 69 13 49 90 1 12 44 28 57 86 55 78 54 11
34 70 53 29 23 35 15 55 27 35 28 17 94 95 58 35 42 60 91 24
72 88 1 48 63 33 87 100 81 75 83 4 24 73 71 50 91 6 1 6
6 81 11 43 33 91 10 86 62 86 69 26 25 43 37 79 91 46 30 77
62 92 56 75 96 17 64 59 2 100 47 35 91 75 32 62 12 81 76 96
36 78 12 95 48 92 12 61 30 85 48 90 52 16 19 9 9 35 89 58
45 25 79 73 51 80 22 41 52 75 91 74 61 54 16 97 22 82 99 97
87 44 45 73 28 95 34 50 42 34 10 4 25 23 29 75 85 57 38 60
11 23 51 6 45 9 60 61 2 74 3 53 71 69 68 57 43 7 33 76
78 34 91 65 58 97 24 55 19 12 6 37 24 6 14 45 51 72 13 35
53 83 100 63 92 66 75 39 75 58 61 3 32 44 60 42 75 96 40 4
33 5 70 41 3 99 80 32 91 70 43 12 57 15 88 15 1 31 84 61
53 3 39 98 9 78 23 85 10 28 44 73 74 73 100 86 68 31 76 57
86 9 73 84 75 82 35 18 57 94 8 91 38 18 58 23 14 97 29 50
46 88 5 59 19 86 37 36 66 15 80 18 59 50 74 52 60 75 100 60
83 11 21 51 22 9 78 10 19 18 77 82 96 81 8 47 78 57 96 78
56 24 62 17 32 77 19 53 5 18 30 97 76 95 95 72 24 9 90 62
6 33 99 35 19 56 61 1 20 3 70 19 10 84 45 88 17 17 8 11
87 2 14 73 51 47 91 71 62 100 73 4 66 16 43 43 99 7 34 36
