50 20
18 14 12 0 10 7 9 1 16 17 3 5 6 13 15 19 11 4 8 2
15 19 1 6 14 3 13 11 17 18 8 9 5 16 12 0 10 4 2 7
19 0 15 5 10 3 8 6 16 12 18 9 13 4 2 14 1 17 11 7
15 10 5 9 4 7 12 2 1 16 6 17 11 8 14 18 0 13 3 19
0 3 14 5 15 19 12 2 18 7 6 16 11 8 17 10 1 13 9 4
14 0 17 8 4 9 5 7 19 16 2 13 6 3 11 1 15 10 12 18
7 1 18 3 8 14 4 17 15 9 5 10 0 19 2 16 6 12 11 13
7 16 18 3 15 19 12 2 6 10 1 9 13 0 8 14 11 5 17 4
6 2 3 12 9 19 16 15 14 18 17 4 7 0 5 10 11 1 13 8
2 14 0 11 16 15 5 12 18 4 13 9 1 19 3 17 10 8 7 6
17 4 15 0 9 3 12 1 14 6 13 19 11 16 2 10 7 18 8 5
1 14 16 13 6 7 8 5 18 0 9 19 17 12 10 3 11 15 4 2
6 8 7 17 15 5 3 18 2 0 9 13 10 14 4 11 12 19 16 1
8 3 12 6 9 19 10 5 15 16 1 7 4 13 0 18 14 11 2 17
15 12 13 4 10 18 0 6 16 17 2 3 5 7 19 8 11 1 14 9
1 10 15 14 2 9 18 16 13 8 3 19 0 4 7 12 6 11 17 5
18 2 12 16 14 4 6 19 3 11 15 0 1 17 7 9 10 13 8 5
15 6 9 4 19 12 7 5 0 8 10 11 14 16 17 13 3 18 2 1
6 17 4 10 14 9 11 12 3 1 18 8 7 16 2 15 19 5 13 0
12 14 18 6 17 1 8 11 7 13 15 2 9 16 5 4 0 10 3 19
7 12 15 19 9 11 2 17 3 16 1 14 18 13 4 8 0 10 5 6
6 4 3 19 15 5 10 0 11 14 8 7 12 9 16 18 2 17 1 13
0 10 19 11 15 17 7 18 1 13 4 9 12 3 8 14 6 16 2 5
4 2 10 17 0 16 3 6 8 11 19 5 1 7 9 15 12 14 13 18
6 12 5 8 1 0 15 4 13 19 3 9 17 7 2 18 16 14 10 11
17 9 18 11 1 13 6 5 14 12 10 15 8 16 0 4 3 7 19 2
4 12 9 2 8 17 18 7 13 19 1 16 11 10 0 3 15 6 5 14
15 18 5 2 8 7 6 13 0 19 10 11 12 14 9 1 3 4 16 17
10 0 12 3 4 5 2 7 11 15 13 8 17 16 18 19 9 14 6 1
2 17 0 4 7 13 15 1 19 10 5 9 8 12 11 16 14 3 18 6
0 4 10 5 11 17 13 19 1 9 2 8 3 18 14 7 12 15 6 16
11 15 17 10 5 1 9 4 3 2 6 13 8 18 7 16 14 0 12 19
5 4 9 16 15 8 1 6 12 17 7 13 10 18 2 19 3 11 0 14
16 0 18 19 17 6 7 14 1 12 15 4 13 5 8 2 11 3 9 10
19 14 0 4 6 2 5 13 18 10 8 1 15 16 17 12 9 11 7 3
14 13 8 16 12 19 0 1 11 7 3 2 6 9 4 17 5 15 10 18
19 6 18 15 10 11 2 5 7 8 13 0 16 14 1 17 4 3 12 9
19 18 17 7 5 3 1 9 8 16 13 11 2 12 15 6 10 14 0 4
1 13 11 0 16 19 4 17 6 9 14 2 8 12 18 5 3 7 15 10
15 0 14 11 7 17 13 10 3 5 1 9 4 16 18 12 6 19 8 2
8 3 15 16 4 19 1 12 5 2 17 6 0 13 7 14 18 10 9 11
11 0 5 18 12 9 16 15 17 1 19 10 4 7 14 13 3 6 2 8
10 7 6 12 8 2 14 19 0 16 4 15 13 9 18 11 1 5 3 17
3 7 16 6 12 0 17 15 13 1 2 10 9 19 4 14 18 11 5 8
7 2 3 5 1 10 15 18 12 0 17 11 8 16 13 6 14 9 4 19
12 5 1 10 11 16 15 19 14 4 3 0 17 18 2 7 9 8 13 6
6 11 10 12 18 5 2 8 14 15 16 1 17 0 7 9 4 3 19 13
11 14 6 18 9 0 10 12 15 8 16 7 13 2 5 1 4 19 3 17
5 13 3 9 8 0 19 6 17 14 1 16 2 7 4 15 12 11 18 10
17 6 16 14 8 11 0 12 7 3 1 13 9 5 4 19 18 15 2 10
75 60 7 72 42 94 12 10 53 61 11 52 36 95 43 18 1 3 19 65
86 27 72 65 40 66 84 79 31 81 74 98 77 46 56 34 22 65 39 85
82 93 17 31 40 99 60 1 68 8 57 28 33 49 83 43 8 82 96 33
33 32 27 18 75 100 75 98 7 5 89 3 36 42 51 53 38 55 61 57
23 66 53 30 1 54 76 39 89 43 17 43 54 30 51 10 35 27 55 7
20 72 84 24 27 48 77 16 69 63 94 88 95 100 24 79 35 22 35 34
32 27 85 27 70 81 46 13 88 65 62 22 64 77 51 75 36 45 82 53
50 41 47 30 44 23 45 93 29 41 81 73 44 52 1 89 41 89 94 40
79 80 52 54 28 79 22 2 23 57 12 74 62 19 23 71 59 87 55 26
95 14 30 84 86 20 59 38 24 24 28 31 80 3 94 17 29 41 98 81
54 53 79 51 94 77 16 86 6 7 91 34 26 46 90 82 100 99 6 82
39 23 92 67 85 26 26 21 74 64 27 46 20 42 54 17 27 1 39 57
47 87 58 7 45 95 93 68 98 1 39 64 41 30 34 86 31 26 27 9
70 44 1 59 16 12 60 81 7 24 78 37 74 99 60 87 97 55 81 58
79 87 59 84 98 75 5 7 43 83 33 51 92 50 79 56 34 3 12 30
85 53 63 88 65 74 65 9 98 66 85 51 65 28 51 60 5 33 37 79
85 5 20 72 100 25 70 11 8 54 79 6 41 83 41 17 4 65 97 66
43 42 49 34 93 2 96 83 30 6 2 18 39 15 28 86 31 100 79 52
37 53 2 16 22 58 4 93 19 57 68 68 30 84 19 33 21 98 56 27
13 24 2 25 97 90 48 8 24 33 22 55 95 18 16 91 22 15 76 5
19 63 63 96 4 28 18 83 69 46 37 51 87 99 44 78 23 94 4 84
25 45 27 43 40 66 40 9 5 4 54 20 54 78 74 52 1 58 87 69
17 3 41 19 36 35 16 92 96 56 59 91 6 73 35 33 53 69 12 93
23 58 5 37 49 25 64 31 63 82 87 37 81 15 3 95 6 66 44 80
13 56 14 69 60 17 1 99 28 36 92 53 93 57 99 68 70 97 3 29
33 22 8 43 5 54 93 63 77 21 95 93 43 5 24 47 84 67 46 42
71 59 85 5 65 100 93 27 88 88 57 68 82 79 25 49 53 10 34 9
17 55 51 100 36 41 62 90 33 19 20 49 1 21 69 40 76 89 57 50
89 4 77 27 92 62 60 17 68 80 10 20 5 17 66 47 21 21 91 62
82 78 50 52 58 29 41 71 77 34 76 67 65 17 64 100 10 77 49 96
70 35 44 37 6 63 96 85 91 1 89 48 56 42 99 28 3 19 58 40
76 98 54 73 69 23 52 28 53 99 46 30 13 75 43 44 21 65 2 70
1 80 23 86 35 33 34 95 31 57 96 99 31 100 20 84 43 84 88 45
24 25 92 84 6 92 36 89 69 45 74 61 2 24 67 66 19 33 67 36
1 75 38 46 25 18 33 13 90 91 81 71 82 76 9 71 31 91 94 15
10 13 13 4 74 54 6 40 66 55 54 26 92 63 31 98 82 97 52 84
10 93 19 48 74 63 16 95 81 36 5 24 11 19 18 93 2 77 37 34
75 20 84 73 47 66 96 63 51 86 22 42 82 74 4 80 16 87 52 15
29 45 16 89 23 15 60 34 96 16 47 95 45 56 70 67 96 41 12 99
20 31 8 49 63 26 75 61 97 16 28 5 46 96 68 79 95 48 52 66
69 43 91 31 15 93 82 2 100 60 36 81 51 19 90 87 99 3 92 97
63 35 33 4 64 69 65 29 12 9 92 9 53 15 61 89 44 21 19 23
60 98 7 67 72 12 77 99 61 63 50 95 82 9 75 71 72 69 30 22
26 60 11 94 35 60 6 52 75 46 87 46 73 72 31 74 2 48 26 3
5 85 26 17 58 72 11 10 6 40 17 56 50 94 52 87 2 54 71 80
77 76 55 74 72 28 61 69 76 3 4 97 10 63 37 84 82 79 31 33
9 32 10 5 71 70 34 81 78 89 61 70 45 99 44 54 80 35 49 41
31 16 99 56 75 37 54 20 1 86 70 92 23 61 79 97 41 38 43 12
53 50 22 48 18 83 20 56 82 67 34 27 7 42 36 89 53 8 67 29
82 57 28 84 70 51 7 59 27 21 58 94 85 25 58 34 80 72 98 84
