50 20
7 6 13 10 5 8 11 3 18 1 9 14 12 2 0 15 4 19 16 17
10 6 14 7 19 1 2 4 13 16 12 8 18 5 17 0 9 15 11 3
10 12 7 0 11 1 2 13 8 6 18 5 9 17 15 16 19 3 4 14
2 1 8 9 14 3 12 15 7 13 5 6 16 18 10 0 4 17 11 19
2 5 0 11 7 9 13 16 1 3 4 8 18 17 12 15 10 6 14 19
9 16 13 4 7 6 14 11 12 5 3 19 17 1 8 18 2 0 15 10
2 16 19 11 13 17 5 4 15 18 8 14 3 10 7 12 6 9 0 1
14 12 11 16 8 7 5 6 4 1 13 0 10 15 18 17 9 2 3 19
8 2 13 19 11 16 7 17 4 10 1 15 3 0 12 14 6 5 9 18
14 5 1 11 0 10 8 3 4 15 6 17 9 16 18 7 2 13 19 12
16 9 7 19 11 12 1 13 18 15 2 10 0 8 4 14 5 17 6 3
15 17 1 5 2 0 13 14 9 18 7 16 19 4 6 8 3 11 10 12
4 8 5 11 18 15 13 1 3 10 12 16 2 19 9 6 7 0 14 17
0 9 18 16 17 5 6 3 4 15 19 1 8 10 13 2 14 7 12 11
14 0 10 5 16 9 6 17 3 4 15 12 19 13 11 18 7 1 2 8
8 19 6 12 17 9 5 15 14 18 0 16 11 4 10 1 13 2 3 7
4 8 17 0 13 9 1 19 14 5 11 2 15 18 7 16 10 3 12 6
18 6 11 14 19 9 8 7 3 13 1 16 17 0 2 12 10 5 4 15
19 2 1 7 4 0 15 13 9 18 6 8 11 3 12 5 17 10 14 16
16 13 6 11 19 3 0 17 14 4 7 9 10 8 18 12 1 5 2 15
1 15 3 7 2 19 13 5 8 12 10 14 18 4 6 9 0 17 16 11
18 14 8 16 2 4 19 9 11 7 15 13 0 10 12 1 6 3 5 17
17 5 3 16 0 14 1 10 12 15 4 13 19 18 2 7 8 11 9 6
18 9 16 15 14 12 6 7 10 8 5 0 4 3 19 1 2 17 11 13
9 5 0 15 3 1 14 12 11 8 19 17 2 18 7 10 16 4 13 6
1 11 3 14 12 6 8 19 5 16 2 13 15 7 4 10 0 18 17 9
0 14 4 18 17 6 1 13 8 10 7 5 3 15 2 11 9 19 16 12
4 3 8 10 0 6 18 2 16 9 14 7 19 15 13 11 5 17 12 1
16 12 14 8 10 6 13 5 15 17 3 0 9 11 19 1 7 18 4 2
18 10 19 5 2 4 0 17 7 14 8 12 15 9 13 1 3 16 11 6
6 12 19 14 3 2 7 10 15 13 8 5 18 16 17 1 11 4 9 0
2 19 12 7 5 16 18 0 13 9 17 1 6 10 3 11 8 15 4 14
0 14 3 11 15 16 13 17 7 8 9 1 5 2 4 6 12 10 19 18
5 10 0 2 3 8 18 4 14 17 9 16 1 11 12 7 19 15 6 13
1 8 14 12 3 19 2 15 9 16 17 6 18 0 10 4 11 13 5 7
11 8 13 10 19 0 17 3 7 5 2 18 6 4 12 15 16 14 9 1
6 19 1 5 4 2 0 17 13 12 16 7 14 18 11 9 10 3 8 15
9 3 13 7 17 4 6 19 0 1 10 8 12 14 5 11 18 2 15 16
11 8 15 19 14 6 9 13 2 17 4 3 7 18 0 16 1 10 12 5
19 10 13 4 15 9 8 12 2 18 5 14 3 1 17 11 0 7 16 6
3 10 9 14 13 11 19 15 5 16 0 17 12 7 8 2 1 18 6 4
19 3 8 15 7 11 10 6 14 16 1 13 12 9 5 2 0 18 17 4
4 1 2 19 17 9 8 14 5 18 6 12 16 11 13 3 7 10 15 0
17 19 3 18 8 14 16 7 13 2 15 1 6 9 12 10 5 11 0 4
2 9 7 16 4 0 13 5 8 1 14 10 18 15 17 11 3 19 12 6
1 19 8 7 3 11 15 0 10 16 6 9 18 13 17 5 14 4 12 2
19 4 18 7 2 13 11 8 1 17 9 16 5 15 3 10 6 0 14 12
4 5 9 12 11 14 16 18 8 17 15 10 0 13 7 2 19 3 6 1
1 3 7 9 0 8 13 12 15 6 5 18 14 11 17 19 4 10 2 16
2 12 19 1 14 10 0 18 8 6 7 17 5 15 16 13 4 3 9 11
47 36 96 50 48 20 23 24 51 44 80 23 77 51 77 33 66 85 21 15
11 73 4 2 28 84 50 30 67 61 95 85 74 22 89 87 51 90 83 81
12 1 26 100 98 58 81 93 3 48 99 38 99 22 94 52 29 32 69 3
25 33 7 43 29 59 19 42 9 18 100 21 79 34 29 12 1 84 91 49
100 72 14 9 49 60 71 58 88 34 66 95 94 84 33 44 76 76 7 90
98 38 17 17 56 25 80 65 1 71 56 85 97 11 55 58 91 26 24 15
36 11 41 83 77 92 32 30 20 32 29 4 44 28 79 95 30 66 59 96
99 39 71 64 77 45 7 44 96 45 9 54 17 11 70 99 46 28 79 27
55 18 69 25 19 15 71 39 11 96 74 84 55 49 68 73 18 38 17 74
88 75 14 4 29 20 93 97 96 99 49 77 78 49 97 3 4 7 29 32
79 36 35 12 34 1 50 2 8 75 53 33 30 2 93 66 90 42 4 30
66 33 35 29 63 70 14 60 72 66 31 28 36 62 64 37 23 48 64 39
3 98 8 81 65 76 98 13 76 74 70 61 35 76 92 98 94 84 76 90
31 75 72 34 37 57 29 31 68 72 37 91 51 76 74 55 94 25 53 81
92 99 18 63 87 47 21 7 76 37 76 92 2 61 21 76 94 16 55 52
19 46 35 32 65 1 36 44 83 19 92 94 96 38 89 10 1 14 74 10
96 81 57 42 35 16 27 8 34 84 7 100 95 8 28 53 32 72 89 50
52 34 96 24 57 17 18 50 37 6 25 14 53 49 46 89 98 94 19 64
12 5 54 56 5 34 98 10 91 65 58 54 7 5 10 98 2 19 100 9
79 55 86 78 91 65 70 83 44 12 5 78 53 21 51 2 9 52 44 87
34 1 37 15 60 63 23 66 98 11 87 24 32 57 60 76 8 28 72 52
97 74 41 68 45 60 45 79 1 93 96 52 74 87 87 42 62 24 65 33
87 62 29 58 19 42 39 74 21 48 60 59 3 95 50 81 1 74 38 68
56 24 33 87 24 79 7 45 44 74 74 93 69 71 89 95 33 56 96 92
45 68 69 79 40 51 76 84 11 78 8 64 36 52 51 57 69 60 53 86
28 77 80 74 46 77 95 42 63 69 32 76 1 68 41 2 3 70 17 70
1 48 85 100 32 78 35 4 61 31 26 25 13 33 2 73 94 85 52 35
41 60 70 64 10 95 20 36 10 61 18 96 94 32 26 76 36 70 89 23
85 84 35 53 36 24 44 57 57 51 96 26 57 65 52 46 79 96 2 95
55 95 16 22 82 24 91 8 2 65 9 29 15 49 83 1 37 72 32 40
32 26 21 17 10 87 78 63 41 65 93 50 71 45 34 20 7 20 65 26
30 3 50 55 48 25 86 71 100 38 56 17 21 82 92 87 84 86 70 9
97 26 51 2 2 70 67 56 38 75 17 48 12 38 3 29 14 70 92 64
31 31 58 29 80 8 40 33 32 76 21 28 49 22 72 17 82 100 84 11
92 56 90 29 36 45 98 94 57 30 20 7 89 50 94 73 74 52 74 2
70 67 19 42 96 33 86 42 58 69 11 68 58 13 89 94 28 65 92 34
22 87 82 2 24 52 60 28 3 78 75 43 83 62 50 41 12 6 63 61
71 84 63 93 29 37 76 21 40 66 77 58 41 92 87 40 55 83 73 63
85 2 11 46 69 35 21 39 16 75 42 65 23 38 18 57 43 29 99 53
11 88 48 48 71 18 74 72 94 70 48 74 16 73 33 48 10 81 19 89
72 16 86 88 59 54 100 80 2 91 86 65 13 75 37 90 11 40 12 6
94 99 60 84 79 80 3 53 83 52 24 59 64 53 15 9 72 88 42 29
72 54 66 12 10 9 20 94 2 65 15 63 64 54 16 47 98 29 87 20
83 13 34 6 84 14 18 84 75 15 96 15 93 21 16 77 11 97 85 84
9 42 42 40 56 68 19 44 29 88 24 38 4 14 59 26 90 97 45 65
16 79 92 44 40 51 22 21 55 40 36 19 39 66 82 56 49 3 28 24
94 25 22 38 80 10 67 5 8 69 57 61 43 12 21 47 10 18 11 66
90 38 100 90 54 14 87 87 100 83 10 86 31 86 41 71 13 50 38 45
61 79 76 68 41 53 72 97 20 56 7 56 91 15 95 58 57 23 15 50
56 14 87 71 48 63 82 25 54 14 71 85 31 70 65 63 45 49 97 99
