50 20
10 18 16 14 0 17 11 2 3 9 5 7 4 19 6 15 8 1 13 12
6 4 3 9 16 8 19 5 7 18 14 10 15 13 11 12 2 0 17 1
10 8 11 7 0 13 1 15 4 3 16 5 6 12 19 2 14 9 18 17
6 10 4 19 2 0 16 3 13 12 7 17 9 5 1 11 15 14 8 18
4 6 7 16 8 10 14 15 17 11 9 0 1 13 5 2 12 3 18 19
13 5 16 4 18 1 17 10 0 19 2 9 7 15 14 11 8 6 12 3
17 0 6 18 14 13 16 19 11 15 9 5 7 12 3 4 8 1 10 2
4 19 10 6 18 13 3 9 0 17 12 15 7 16 11 8 2 14 5 1
5 8 14 15 10 17 12 0 13 16 7 1 2 11 4 9 18 19 6 3
1 8 3 7 17 19 18 16 12 10 2 0 4 9 15 6 5 11 13 14
19 4 17 15 14 3 0 11 5 16 7 8 13 1 6 18 10 12 9 2
4 0 11 5 8 13 2 1 6 3 10 18 19 7 15 14 9 16 17 12
0 15 17 4 19 10 5 18 16 7 9 1 2 13 8 11 12 14 6 3
10 4 5 6 17 7 14 11 16 3 13 0 8 1 19 2 15 9 18 12
3 1 9 5 8 6 19 4 2 11 10 0 16 14 18 7 12 15 13 17
5 3 18 17 15 8 16 10 1 14 12 6 7 9 0 13 11 4 2 19
5 16 17 7 13 2 15 6 0 19 8 1 10 11 14 18 12 4 9 3
8 19 7 17 18 0 5 2 11 10 12 6 15 1 14 16 13 4 3 9
12 7 16 14 10 8 1 2 15 9 13 5 19 17 11 3 18 0 6 4
1 9 15 16 14 8 11 13 0 6 5 18 2 12 3 17 10 7 19 4
19 16 6 15 11 17 8 9 2 1 14 4 5 3 7 10 18 0 13 12
9 13 11 7 16 3 5 15 2 8 17 10 12 1 4 6 19 18 14 0
19 0 14 7 12 10 9 11 16 3 13 17 5 15 4 8 18 1 2 6
1 0 13 15 2 16 17 8 19 3 6 11 7 10 5 9 4 14 18 12
5 6 8 7 14 13 16 17 2 15 19 10 4 18 9 3 1 11 0 12
5 8 4 13 2 17 10 1 19 18 16 0 11 9 3 14 6 7 12 15
6 10 12 17 19 2 1 16 9 0 4 5 3 7 11 8 15 14 18 13
17 12 7 4 6 9 2 19 11 13 18 14 15 5 3 1 16 0 8 10
15 18 12 13 5 10 0 11 8 14 1 9 17 16 6 4 3 7 19 2
9 1 14 10 5 19 18 12 17 4 13 15 6 11 2 16 3 0 7 8
18 7 6 19 17 1 3 2 13 10 16 14 8 0 12 4 5 9 15 11
12 1 6 5 13 9 18 17 7 2 10 8 3 19 4 14 15 11 16 0
1 14 6 4 7 13 3 12 18 2 10 15 16 8 17 19 0 9 5 11
4 5 2 16 9 6 3 1 17 7 10 11 18 14 15 8 19 0 12 13
17 10 18 15 13 2 8 7 9 0 6 11 12 5 16 1 4 14 3 19
13 15 3 10 2 18 16 4 9 0 7 5 6 19 11 12 14 1 8 17
2 3 15 12 9 19 17 8 6 7 14 13 10 16 5 11 4 1 18 0
17 9 1 8 19 7 2 10 13 0 11 14 4 6 15 12 16 3 18 5
4 13 15 9 12 1 2 8 3 19 7 18 14 17 10 6 5 16 11 0
11 1 17 13 18 5 14 8 16 6 3 4 12 15 7 0 9 2 10 19
12 9 19 7 8 16 11 18 4 2 6 5 0 13 14 10 1 15 17 3
6 0 13 9 1 17 7 14 10 18 19 3 4 15 8 16 2 11 5 12
11 9 14 7 18 3 19 12 6 10 16 0 5 8 13 2 1 17 15 4
16 8 12 6 14 1 3 15 10 4 17 9 18 7 0 13 2 11 5 19
4 6 16 18 7 14 3 13 9 5 11 17 19 10 0 8 12 1 2 15
8 15 16 0 11 19 4 12 17 6 14 13 5 3 2 10 9 18 7 1
4 14 7 19 9 1 18 6 15 16 8 5 2 3 11 10 17 13 0 12
4 11 18 14 9 3 5 2 0 17 16 19 6 12 13 10 1 8 7 15
8 17 7 3 12 0 10 18 13 5 9 19 2 4 14 6 1 16 15 11
1 10 11 15 6 16 9 7 12 8 0 18 14 3 19 5 4 17 13 2
40 13 94 10 88 43 61 72 13 46 56 41 79 82 27 71 62 57 67 34
31 19 70 58 12 11 41 66 63 14 39 71 38 91 16 71 43 70 27 78
12 87 97 17 20 5 11 90 70 88 51 91 68 36 67 31 28 87 76 54
48 22 43 55 8 13 19 90 29 6 74 82 69 78 88 10 4 16 82 25
87 3 70 55 80 13 34 9 29 10 83 39 45 56 24 8 65 60 6 77
86 23 2 61 88 53 73 66 40 84 46 50 85 33 20 72 89 2 59 95
1 77 25 90 43 21 31 29 82 58 49 91 87 73 54 5 52 90 73 54
25 71 82 11 93 17 2 52 87 54 41 1 28 2 92 97 1 87 68 79
15 20 36 3 6 6 27 88 34 72 41 47 73 6 96 90 78 84 64 92
6 35 21 20 75 38 47 51 71 17 38 15 62 94 31 7 40 23 67 94
39 43 95 88 20 22 81 73 49 82 12 9 11 26 96 29 8 50 2 13
46 15 9 90 4 68 58 97 87 26 16 64 51 33 27 83 6 28 80 19
64 64 82 86 26 70 79 29 2 44 91 96 41 42 5 68 19 33 78 20
84 59 48 65 49 68 65 5 74 12 87 67 98 77 10 96 55 97 27 38
34 39 99 53 50 50 8 21 83 17 31 37 94 43 8 5 62 54 19 63
81 42 14 90 71 84 45 25 50 100 100 63 15 8 79 90 60 79 81 44
6 6 63 33 4 67 86 73 74 28 30 12 100 81 100 65 90 68 54 65
4 64 42 93 33 11 46 10 16 46 89 4 45 45 23 2 30 47 10 77
17 4 27 47 43 61 38 38 71 82 42 24 76 11 14 69 75 40 21 49
17 54 39 71 54 95 19 76 55 39 82 46 11 32 57 81 48 82 68 8
52 24 99 54 56 23 32 59 44 67 19 46 60 81 82 12 62 97 27 38
36 81 3 16 35 86 6 1 33 51 68 75 91 51 57 14 96 33 46 37
69 14 53 82 70 52 95 100 36 38 57 48 73 81 18 21 16 90 16 49
57 39 19 96 64 7 80 28 4 46 61 51 2 68 9 88 11 88 95 86
50 22 43 54 83 88 56 19 58 91 19 68 41 17 27 24 57 45 50 55
30 79 39 79 12 91 66 97 37 99 46 53 59 7 81 90 67 86 84 71
18 9 55 88 29 78 51 72 29 59 25 44 78 14 78 11 41 42 69 59
33 62 45 92 31 6 40 71 10 2 59 64 93 57 7 53 64 59 57 16
36 46 41 56 14 72 37 79 70 26 92 38 100 57 66 78 60 69 82 34
16 95 73 46 30 87 92 91 70 85 37 29 95 31 9 67 40 87 42 30
100 64 73 99 90 28 31 94 17 30 98 50 46 78 76 17 81 64 14 79
91 25 41 38 50 8 27 5 41 93 96 32 44 57 86 93 85 85 29 34
2 29 84 42 9 8 45 85 55 18 28 58 56 19 46 40 23 84 43 94
80 85 66 94 90 19 11 43 31 23 32 3 22 96 88 72 22 92 11 55
65 46 21 95 97 52 44 35 64 51 2 40 68 37 71 61 5 99 69 74
98 68 67 44 50 33 27 15 73 43 32 76 87 93 69 88 46 21 20 43
44 2 93 62 86 85 100 33 96 79 25 9 71 55 36 23 68 22 9 85
91 56 19 1 97 66 20 85 90 73 50 47 60 5 72 53 82 79 98 30
31 96 92 58 66 91 13 25 22 57 9 55 82 51 35 33 56 97 100 46
46 73 17 73 91 36 42 4 51 61 67 18 6 11 73 45 47 1 9 25
66 8 21 17 18 62 91 83 92 98 93 6 94 67 6 72 89 96 90 81
5 81 75 23 83 66 5 97 41 10 25 83 59 79 31 59 67 21 91 43
82 16 18 41 3 24 94 17 3 44 78 25 6 53 83 8 90 40 50 7
50 9 46 13 16 4 45 3 23 52 79 89 84 2 42 59 71 96 89 64
49 44 21 71 90 19 21 23 100 21 82 88 32 80 43 4 62 81 87 51
88 50 92 23 20 3 4 42 66 1 5 7 100 15 74 79 19 100 20 87
56 32 61 49 29 51 31 83 62 51 75 9 33 36 68 48 70 3 78 79
56 14 92 59 78 60 21 22 44 61 53 21 76 37 98 65 15 48 45 19
35 49 94 27 45 18 17 15 79 46 22 4 56 74 51 60 10 83 91 91
53 99 34 21 44 81 65 43 69 89 19 49 95 96 72 40 31 49 45 50
