50 20
7 6 17 8 19 15 13 0 3 9 14 4 10 12 16 5 11 18 2 1
19 1 12 9 15 3 6 7 2 11 17 13 16 14 8 4 18 10 5 0
12 0 1 13 8 6 16 7 4 9 2 19 5 3 10 15 14 17 18 11
15 2 14 17 9 11 1 18 5 10 12 6 0 19 13 7 8 4 16 3
5 2 16 18 1 19 12 6 13 14 17 8 7 4 0 15 10 9 3 11
11 18 5 9 15 6 10 14 3 7 16 12 13 2 19 8 1 4 17 0
11 5 9 6 4 14 10 18 8 15 13 1 16 12 19 0 17 3 7 2
16 14 2 5 7 8 12 15 3 4 17 1 6 10 13 0 18 19 9 11
2 17 19 7 8 0 10 15 6 5 9 16 13 1 18 3 12 11 4 14
4 10 15 7 0 9 18 11 14 6 12 19 16 5 1 3 2 13 17 8
10 19 12 1 3 4 16 0 11 15 2 9 17 13 6 7 14 18 5 8
14 9 10 18 4 16 3 15 1 2 13 11 8 7 5 0 19 12 6 17
9 12 18 17 4 16 3 19 13 1 15 10 8 7 0 11 2 6 14 5
13 10 2 11 1 16 12 4 3 7 18 6 8 15 5 19 14 17 9 0
13 10 11 5 12 19 16 6 18 17 0 4 15 3 8 14 7 1 9 2
0 1 14 17 13 7 2 18 9 6 10 8 12 15 3 16 4 19 5 11
7 3 9 8 16 4 13 6 19 11 14 17 1 0 18 12 10 5 2 15
4 13 14 17 8 19 3 16 11 2 0 9 12 15 5 10 1 18 7 6
19 3 13 9 4 18 10 2 11 1 0 7 8 16 6 5 14 12 15 17
5 13 19 1 14 16 6 9 3 10 17 12 8 11 18 0 4 15 2 7
0 12 9 8 7 14 1 11 18 15 13 6 2 17 10 4 3 19 5 16
5 3 11 16 1 14 8 7 4 13 15 2 10 0 9 12 19 18 6 17
15 6 5 8 17 3 9 12 14 1 4 7 0 11 10 19 13 2 18 16
4 8 0 18 19 11 12 13 3 7 16 17 5 2 1 9 10 15 6 14
11 3 0 15 17 13 19 8 16 1 14 18 7 9 10 2 12 5 4 6
2 1 8 5 18 15 11 0 9 10 17 4 16 7 6 19 14 3 13 12
16 14 6 17 9 7 11 13 18 8 12 5 3 2 10 4 1 15 19 0
1 3 14 7 4 13 12 10 6 5 18 0 2 16 17 9 15 8 19 11
15 12 2 14 18 10 4 8 3 11 19 13 5 17 6 16 7 1 0 9
19 3 4 0 1 8 6 17 11 2 7 10 12 15 9 13 14 16 5 18
1 15 11 6 2 17 5 12 3 10 4 16 7 8 14 18 9 13 0 19
0 17 4 3 13 6 1 18 10 8 5 11 15 9 7 12 2 14 16 19
7 16 13 8 17 10 4 1 12 2 6 15 19 9 5 11 0 18 3 14
13 3 14 1 0 2 11 8 17 16 9 19 12 4 15 5 10 7 6 18
13 8 14 4 1 17 6 19 7 2 9 18 16 3 10 5 11 15 12 0
5 9 11 0 8 17 6 13 4 1 10 7 18 19 16 14 2 3 12 15
15 10 12 7 8 18 14 17 4 1 5 0 16 13 2 6 3 9 11 19
14 16 3 6 8 5 7 17 12 0 18 2 10 1 4 9 19 11 13 15
4 12 15 8 1 19 7 9 18 6 14 2 0 13 10 3 16 5 11 17
17 16 13 11 8 15 2 4 19 9 18 6 1 5 0 7 10 3 14 12
16 3 11 19 7 9 14 8 4 10 2 5 15 17 12 18 0 13 6 1
6 3 19 10 18 5 4 12 15 16 1 11 7 9 14 13 8 0 2 17
15 9 11 10 19 16 18 12 2 3 4 14 6 0 8 13 1 17 7 5
17 13 19 6 2 12 15 9 8 11 7 4 16 3 0 18 5 10 14 1
14 2 3 4 17 8 7 19 1 5 16 18 9 12 10 13 15 6 11 0
6 15 7 19 14 10 4 2 12 11 0 18 9 3 16 8 1 17 13 5
15 6 13 17 16 11 3 1 14 18 12 8 4 5 10 19 7 2 0 9
10 0 8 13 7 9 19 2 14 17 16 5 1 3 18 4 11 15 6 12
7 8 14 6 4 17 5 10 9 3 1 2 15 11 12 0 16 13 19 18
9 16 5 11 0 18 15 4 6 13 3 17 1 14 12 8 19 2 10 7
93 66 48 70 57 65 35 5 4 47 60 41 49 55 68 22 72 23 31 30
47 58 21 97 52 92 95 60 84 68 32 63 36 64 65 66 46 85 59 60
63 66 47 88 80 10 44 93 2 25 96 14 8 74 84 7 35 76 30 88
4 6 94 3 48 33 17 21 95 24 67 89 1 50 76 6 32 20 5 1
85 88 41 14 4 58 17 67 75 100 51 63 66 42 19 44 34 34 78 54
76 30 80 80 91 47 33 88 55 36 68 97 1 20 5 50 53 21 15 66
94 56 55 66 3 75 76 7 54 68 75 24 13 85 62 47 3 67 16 79
60 27 76 79 10 1 37 4 48 40 93 10 29 97 63 25 15 74 48 51
38 46 59 19 48 35 62 68 62 93 94 54 63 88 38 51 30 21 63 77
30 91 86 88 43 57 23 68 37 15 20 70 97 55 13 43 67 32 92 66
62 36 52 33 91 94 53 91 83 61 47 71 43 92 96 85 11 98 93 29
50 72 99 26 36 96 76 75 25 63 79 18 2 79 87 56 62 33 66 73
79 97 45 23 98 97 52 33 87 81 93 18 7 21 64 49 60 87 38 20
10 34 41 39 43 83 40 84 83 51 67 12 66 82 27 51 77 68 20 65
43 59 47 22 64 57 38 60 18 92 57 82 28 35 42 21 13 31 61 25
97 92 91 81 97 92 38 69 80 82 86 10 48 40 51 62 23 34 46 57
70 37 61 82 20 47 41 26 64 13 19 27 43 33 19 54 47 33 12 44
44 83 99 91 79 51 30 7 51 99 61 63 80 41 70 80 77 12 76 66
40 59 91 2 33 14 86 45 29 23 4 19 55 86 12 44 84 60 7 61
63 1 17 70 15 32 14 60 28 7 79 28 81 49 44 80 83 51 92 68
13 72 13 61 35 37 68 98 63 36 30 54 90 18 90 71 85 14 4 78
5 89 26 14 18 82 89 70 24 98 12 88 60 81 38 27 21 42 90 36
76 68 96 26 56 99 17 89 22 58 59 45 50 61 79 33 79 25 75 61
4 26 41 8 41 69 33 93 86 44 57 10 54 61 92 3 37 75 74 17
80 91 43 76 79 90 51 68 53 31 83 28 72 8 34 86 32 18 80 94
91 56 52 30 66 35 13 47 66 47 67 64 75 9 91 59 95 90 29 36
56 91 18 5 40 66 85 35 61 7 72 46 98 44 88 13 78 47 14 78
89 70 65 79 99 56 55 54 31 24 21 79 6 3 76 98 93 46 87 24
11 65 36 75 84 29 7 68 67 68 52 55 17 20 55 17 59 95 48 7
20 82 53 73 81 33 57 61 60 25 55 56 35 100 29 46 97 81 5 51
72 69 21 59 37 97 47 54 15 65 88 32 96 84 85 50 15 56 77 60
91 93 23 53 34 41 74 52 39 83 92 34 86 41 86 2 52 76 6 27
57 13 78 3 45 4 39 64 18 92 91 7 2 43 52 62 84 79 1 62
31 47 48 24 31 70 84 93 80 29 27 76 60 31 51 35 76 27 66 21
1 80 11 59 100 82 26 95 24 35 51 79 3 2 47 15 40 5 74 47
37 4 71 72 27 10 54 17 24 76 40 60 26 6 90 44 59 8 20 30
55 94 96 26 40 71 98 3 97 3 44 82 20 93 10 70 97 7 18 95
12 30 74 93 100 96 30 43 12 24 86 56 27 53 84 85 5 43 55 64
12 66 74 93 80 23 26 85 80 87 91 10 69 41 17 65 31 31 87 59
6 18 22 17 94 22 51 20 14 83 39 98 55 60 1 15 55 1 89 13
40 73 54 64 62 50 99 38 51 23 84 54 38 74 59 68 55 74 89 42
14 95 29 28 56 17 66 25 65 50 21 10 40 59 19 97 66 12 95 48
71 36 78 34 21 4 83 80 52 66 92 7 8 63 25 71 42 38 94 83
24 50 89 88 62 18 55 89 38 10 85 23 98 7 54 9 69 75 20 3
38 33 16 3 83 76 3 45 36 14 50 86 86 82 85 24 53 2 31 28
83 31 37 43 89 11 83 27 82 17 73 32 14 47 63 89 24 27 28 50
77 55 83 13 69 24 83 78 30 80 82 17 9 60 11 78 19 62 4 20
94 6 1 15 27 38 8 57 65 98 29 27 32 10 5 4 15 50 15 54
99 77 39 26 95 78 12 23 88 4 1 86 14 84 59 60 3 83 76 1
42 49 29 76 29 26 63 57 15 63 51 84 41 92 8 59 6 55 59 93
