50 20
8 3 6 5 15 16 2 12 0 1 13 10 19 9 14 11 4 17 18 7
17 4 10 3 1 14 18 5 2 7 19 13 6 16 11 12 15 8 0 9
2 14 8 0 16 19 15 7 12 1 11 4 9 13 18 6 3 17 10 5
19 10 13 15 11 5 14 12 4 6 3 16 8 17 18 2 0 9 1 7
18 4 1 3 7 15 11 2 19 14 5 17 6 12 0 10 9 16 8 13
7 16 17 13 14 18 19 3 4 2 15 0 1 6 12 9 8 11 10 5
0 7 17 11 19 8 15 14 18 5 4 2 9 13 12 10 6 16 1 3
2 6 8 11 15 5 7 0 13 12 4 17 19 3 18 10 9 16 14 1
13 12 16 19 9 5 10 0 17 4 3 2 14 8 18 6 7 11 1 15
7 8 0 3 9 12 14 11 4 17 6 13 1 5 19 10 15 18 16 2
5 2 9 18 14 19 17 6 1 4 8 12 3 0 7 16 13 10 15 11
3 11 16 18 5 17 14 0 2 6 10 13 9 19 8 1 12 7 4 15
12 8 1 0 13 11 17 14 15 4 6 9 16 3 10 19 7 2 5 18
0 1 7 11 17 10 6 13 18 8 9 2 3 12 19 4 5 14 16 15
2 4 9 13 10 12 5 8 3 7 16 17 18 1 11 19 0 14 6 15
2 17 4 15 7 6 3 19 13 12 0 5 10 16 18 14 11 1 9 8
16 6 4 19 2 13 0 5 11 7 1 12 17 18 15 10 3 8 9 14
10 11 7 14 0 16 17 4 1 15 6 19 13 8 12 18 3 2 5 9
17 0 8 16 4 1 7 12 14 2 13 11 10 15 9 6 5 19 18 3
5 1 13 18 11 4 17 12 9 16 14 10 8 2 15 7 3 19 6 0
14 16 19 8 9 15 0 5 7 11 6 13 17 3 12 10 18 1 2 4
7 12 13 15 19 2 16 4 10 0 3 6 9 5 18 14 17 11 8 1
2 4 11 15 5 18 9 8 19 12 7 17 0 6 3 16 1 13 10 14
6 4 5 9 11 7 3 12 8 16 17 14 10 15 18 0 19 13 1 2
16 0 4 9 1 15 13 8 10 3 7 6 19 2 14 11 18 5 12 17
13 18 15 8 7 16 19 17 4 9 5 1 12 6 3 2 0 11 10 14
12 8 18 15 11 19 9 6 7 10 14 4 16 17 13 0 3 1 2 5
7 9 4 17 0 19 14 3 13 16 5 18 8 1 12 15 6 11 10 2
6 8 17 11 7 3 5 10 4 12 18 16 2 0 14 9 1 19 13 15
10 18 1 6 19 0 2 14 16 3 17 8 15 7 4 13 5 11 12 9
11 12 14 3 10 13 2 16 19 8 9 18 17 6 4 0 7 5 15 1
17 3 12 13 16 4 2 6 9 19 11 14 15 10 7 18 1 5 0 8
4 3 11 16 6 19 10 2 17 1 18 12 9 5 0 8 14 7 15 13
19 16 14 11 18 0 5 8 3 7 15 13 4 6 2 1 9 17 12 10
8 9 7 19 13 1 18 11 3 15 17 10 2 16 6 4 0 12 14 5
13 17 19 6 3 9 18 10 0 12 14 1 16 8 5 2 7 15 4 11
14 11 12 10 7 16 15 4 8 17 9 6 19 18 2 0 3 5 13 1
13 0 15 2 18 1 12 19 6 4 16 10 14 17 11 7 3 5 8 9
10 9 17 19 12 7 2 4 0 5 8 13 14 11 18 3 15 1 6 16
9 18 4 2 16 12 8 6 1 13 7 3 15 5 11 14 10 17 19 0
4 17 18 15 8 6 16 10 0 14 5 11 12 7 1 2 3 19 13 9
1 0 16 15 10 6 19 17 8 2 13 5 4 18 3 7 14 11 9 12
18 17 19 16 0 11 9 8 4 2 14 13 5 6 3 1 12 7 15 10
10 18 6 3 2 11 4 19 15 14 8 1 0 16 7 9 5 13 17 12
8 1 11 2 6 10 19 3 12 17 0 14 5 7 13 18 15 9 4 16
17 4 0 9 15 1 16 19 14 13 7 11 5 2 8 10 3 12 18 6
11 0 13 9 12 17 19 4 2 6 5 16 14 3 1 18 7 10 8 15
0 18 3 14 17 12 2 9 10 16 6 11 7 13 19 4 8 15 1 5
5 9 13 12 10 8 0 14 4 16 7 1 19 15 2 3 6 11 18 17
4 17 18 7 3 11 6 16 1 10 12 8 15 14 19 5 13 9 2 0
70 71 61 51 82 20 30 82 20 67 50 95 2 86 100 9 21 98 76 6
87 56 100 81 39 54 65 50 74 45 69 75 53 75 30 44 88 4 36 78
53 20 3 38 55 99 54 16 6 78 79 98 6 49 92 76 43 71 36 65
18 49 49 59 67 50 83 77 88 72 14 80 65 35 56 82 93 92 31 39
78 91 36 95 63 3 76 8 87 3 48 33 81 59 39 76 77 41 23 47
84 90 13 14 77 42 43 87 29 57 22 11 44 95 84 28 73 58 35 29
60 45 82 54 38 54 73 53 5 53 20 26 1 62 80 66 56 72 92 29
2 62 96 16 22 65 39 31 85 3 68 69 53 7 79 15 44 17 33 70
32 35 80 68 67 55 7 61 42 100 1 8 100 17 6 16 7 9 62 5
72 1 92 93 49 11 73 23 6 48 59 78 84 70 49 82 6 80 56 7
72 34 16 60 89 16 94 85 68 49 86 14 94 41 73 69 14 76 92 1
90 37 75 39 12 5 99 73 66 68 92 31 14 71 96 13 71 8 71 42
53 96 21 54 89 73 97 75 87 67 88 62 20 83 52 20 21 13 64 96
77 75 75 35 28 40 3 35 62 49 26 23 73 47 31 42 62 100 19 54
25 100 34 18 24 80 91 87 5 33 22 6 41 24 55 12 94 11 16 12
51 17 70 41 16 36 10 86 56 15 57 68 33 13 68 90 48 87 99 48
23 48 84 59 16 14 72 19 43 83 93 84 77 54 72 39 83 24 59 62
65 35 32 90 99 66 46 43 52 58 70 99 9 46 64 15 20 35 76 13
26 33 48 38 4 57 53 50 41 71 75 40 82 64 68 88 91 39 86 62
85 20 18 60 12 80 7 4 47 80 30 65 10 64 69 3 44 42 43 45
51 64 61 90 9 69 55 27 84 63 39 3 60 59 97 89 52 57 24 59
21 27 3 22 75 52 65 22 82 4 18 15 78 22 57 63 24 8 3 52
80 15 45 16 77 7 94 38 36 60 39 63 32 72 35 4 44 81 45 41
44 62 45 85 5 49 40 97 78 81 51 12 38 24 53 15 65 50 71 43
20 22 91 97 3 60 12 98 89 87 85 13 41 31 77 83 8 79 7 58
20 83 19 75 2 15 30 37 27 29 72 66 54 65 100 78 41 69 25 60
98 86 90 45 52 78 85 58 100 15 38 77 57 49 27 15 70 1 60 39
57 11 33 28 42 22 96 27 93 28 95 79 60 92 69 54 48 25 80 53
36 63 56 5 45 60 95 26 96 37 19 14 57 39 53 57 10 27 20 63
96 32 67 2 2 17 81 68 20 69 3 22 7 1 27 99 60 46 47 71
44 6 4 55 5 81 87 22 98 73 32 18 96 98 53 66 97 44 71 18
88 18 71 14 53 100 46 57 59 36 33 58 37 68 20 74 41 18 67 5
48 5 66 63 97 83 58 25 40 45 24 84 50 51 41 7 35 28 5 41
81 1 37 89 9 56 35 62 60 35 38 70 72 7 23 31 63 22 19 20
49 100 14 56 50 24 4 36 14 17 15 19 38 17 50 46 78 10 25 1
57 20 69 59 50 26 97 77 38 96 96 23 39 22 41 35 26 17 7 78
76 77 28 42 59 65 73 48 82 41 76 46 90 77 99 93 45 89 44 37
80 68 67 57 80 7 9 54 55 71 79 100 38 8 31 49 50 28 10 47
84 88 14 75 64 19 42 29 1 48 9 79 1 18 11 27 42 56 37 26
16 23 77 11 56 4 45 49 1 63 24 61 36 18 50 27 66 82 56 76
75 29 42 26 83 51 12 7 83 67 4 66 68 31 74 11 24 30 61 69
58 8 93 56 40 81 25 64 28 24 14 59 16 65 51 28 41 24 97 5
27 29 39 57 23 73 22 32 62 90 27 28 86 47 78 30 23 88 97 68
29 50 65 63 45 52 80 62 98 23 15 92 54 44 94 19 75 42 14 45
70 42 53 96 84 38 2 55 87 72 95 98 45 55 62 48 73 24 32 38
78 62 90 26 22 65 86 22 16 13 71 69 16 50 72 66 41 51 36 9
86 29 32 34 45 94 44 14 13 91 18 97 11 29 59 43 15 42 98 19
20 6 5 22 56 82 1 28 98 17 65 94 27 90 94 83 48 33 6 81
12 80 11 88 18 13 1 90 11 81 67 51 91 59 71 85 79 57 34 23
86 93 42 81 29 57 58 31 1 45 28 30 21 54 51 13 51 41 74 15
