50 20
4 9 6 5 14 17 18 1 2 15 10 3 12 7 13 0 16 11 8 19
17 14 1 13 19 11 7 9 2 12 10 8 3 15 4 16 5 18 6 0
16 2 7 9 10 4 3 12 13 18 14 6 17 11 0 8 1 5 19 15
16 3 17 7 0 9 19 12 15 1 8 4 5 18 14 11 10 6 2 13
7 18 5 3 0 13 8 14 12 19 16 17 2 9 11 4 6 10 15 1
6 3 18 16 0 14 7 9 1 17 11 13 12 8 4 19 2 5 10 15
10 3 0 9 12 1 4 19 14 7 2 5 6 13 15 17 8 18 11 16
15 11 4 16 19 17 1 7 18 12 13 3 2 10 9 14 5 6 0 8
0 6 17 16 7 2 10 5 18 14 12 15 4 9 19 1 11 3 13 8
2 1 0 8 14 5 13 16 7 3 11 12 6 9 15 19 4 17 18 10
11 1 16 10 6 9 5 2 19 13 14 17 18 7 3 8 15 0 12 4
12 2 19 5 14 6 9 15 3 13 16 10 7 8 17 0 1 4 18 11
7 12 16 4 19 11 13 3 1 0 14 9 6 2 8 10 18 17 15 5
17 11 14 7 9 3 18 12 0 4 19 16 10 15 8 1 6 2 5 13
11 9 0 1 6 15 10 5 3 16 19 14 12 13 4 18 2 8 7 17
0 5 9 17 14 19 8 6 2 3 15 10 16 18 11 7 13 4 1 12
9 11 18 8 3 4 2 12 15 14 17 10 13 7 0 16 6 5 19 1
3 12 9 4 8 5 6 18 2 13 7 19 14 16 0 10 17 11 1 15
1 19 15 8 11 16 13 12 4 6 9 18 0 3 10 17 7 5 14 2
5 7 15 16 12 19 4 11 6 18 2 3 17 0 10 9 14 13 8 1
18 12 8 15 19 10 11 17 5 6 13 1 16 4 2 3 7 14 9 0
13 8 5 1 14 3 19 16 6 12 15 10 11 2 7 18 4 9 0 17
12 6 4 1 16 9 10 18 14 17 11 15 3 5 2 19 7 0 8 13
1 6 14 16 8 2 5 7 12 9 11 19 17 18 10 13 4 3 0 15
14 17 13 0 10 9 8 19 5 18 4 11 16 6 2 3 1 12 15 7
11 13 16 7 18 10 2 15 3 8 0 9 5 6 19 4 1 17 14 12
12 15 1 17 9 4 5 18 8 19 11 14 16 0 6 13 10 7 3 2
10 1 5 12 11 0 19 15 4 14 9 8 7 6 3 16 13 17 18 2
17 18 9 11 5 8 0 1 12 14 6 19 7 13 3 10 2 16 4 15
12 9 4 2 15 0 13 14 8 18 3 1 16 17 7 5 11 10 19 6
13 4 11 7 18 17 12 10 16 0 14 8 1 5 6 19 3 2 15 9
9 6 5 10 13 4 17 15 8 11 0 7 18 19 3 1 2 16 12 14
19 17 16 15 7 2 11 8 14 13 18 1 6 3 12 9 4 10 5 0
13 3 19 17 8 15 12 16 6 2 11 0 9 5 1 7 18 4 14 10
14 19 6 5 4 1 15 13 9 11 16 10 7 3 2 12 18 17 0 8
8 11 17 15 2 4 14 6 3 0 7 13 1 10 16 5 9 19 12 18
1 9 12 7 11 18 5 16 2 6 14 10 0 13 17 19 3 4 15 8
19 12 15 13 6 8 5 4 17 18 0 1 9 10 11 2 3 7 14 16
16 15 0 3 17 12 13 11 8 9 7 18 19 1 5 4 2 14 6 10
10 11 18 17 14 0 2 12 9 1 7 4 16 15 5 13 8 6 3 19
14 4 5 16 10 19 3 7 12 6 8 11 1 0 15 17 9 18 2 13
18 10 11 14 1 5 9 2 19 16 0 6 7 15 4 8 3 13 12 17
17 8 16 10 0 5 13 9 2 18 7 1 12 15 11 14 6 4 3 19
7 12 14 13 1 10 3 11 6 8 2 4 0 5 16 9 17 15 19 18
6 2 10 4 1 11 14 9 3 16 17 13 7 12 8 18 15 5 0 19
6 2 12 5 15 16 1 13 4 0 10 17 14 19 8 11 3 7 9 18
2 9 4 17 13 15 7 10 12 8 16 3 5 11 1 18 14 0 6 19
11 0 9 5 4 15 1 19 7 18 10 12 17 3 13 2 8 6 16 14
16 1 8 6 3 4 13 18 12 9 11 19 5 15 7 2 10 14 17 0
18 14 7 16 11 12 6 9 8 1 4 0 15 5 17 13 19 2 3 10
74 32 2 94 28 53 36 24 99 50 21 98 10 18 80 80 57 17 17 1
19 34 9 43 39 78 76 1 77 87 91 44 9 40 46 40 62 90 41 24
80 26 16 97 32 60 45 66 46 68 33 100 60 14 76 96 100 48 38 5
62 21 93 7 11 77 69 52 5 31 95 77 45 33 59 84 54 19 8 82
59 80 22 67 59 63 89 94 41 62 36 38 61 52 19 15 49 69 23 81
63 34 99 89 92 38 44 84 23 75 2 61 71 100 33 42 86 36 60 37
62 37 89 11 93 86 94 54 22 79 100 75 67 86 54 39 80 71 100 82
24 62 25 71 5 54 60 45 49 85 79 10 76 27 31 92 48 1 45 52
73 83 69 48 60 19 21 77 49 73 62 26 18 78 12 45 85 1 49 14
95 39 64 33 54 3 41 40 63 37 19 62 4 16 85 80 57 32 38 6
67 83 78 96 16 3 98 17 39 37 69 91 44 79 38 94 68 4 60 45
51 88 93 26 38 60 98 9 39 1 89 100 56 75 37 83 100 61 40 19
9 52 90 63 7 16 16 29 79 83 15 92 18 38 91 57 20 24 79 24
12 41 88 77 63 63 46 84 48 8 18 90 38 20 73 81 87 65 38 72
84 44 11 74 86 5 12 16 65 77 59 31 50 60 62 42 14 68 4 70
50 49 18 93 46 83 38 81 56 47 67 5 76 74 28 95 24 51 9 13
13 25 20 84 21 10 48 50 61 20 71 33 15 36 21 97 37 87 31 5
94 21 5 26 92 4 74 30 85 11 80 52 91 47 88 40 24 60 47 37
5 71 67 73 45 13 92 10 31 63 12 61 7 88 32 83 7 64 51 8
70 21 77 10 94 28 80 3 57 70 46 63 55 74 99 49 67 81 17 93
55 74 86 32 36 8 64 90 32 7 91 26 37 48 13 10 54 99 41 49
40 22 18 34 64 87 42 37 5 9 70 98 95 72 4 4 16 7 17 46
58 98 56 55 16 43 41 58 30 60 77 56 22 57 7 99 86 21 69 61
36 26 39 72 67 46 98 97 31 47 46 32 85 8 80 64 52 45 19 19
89 2 14 66 78 76 80 24 50 3 41 87 4 79 40 66 50 65 61 70
40 2 36 92 31 10 5 97 12 86 39 45 89 95 78 79 72 27 62 67
89 71 89 92 48 32 13 28 38 40 35 80 10 22 10 81 53 99 24 29
4 20 15 38 73 72 78 73 24 56 25 42 77 14 83 89 43 94 10 8
20 48 79 98 14 74 98 57 95 42 99 24 92 71 75 81 14 47 14 9
64 49 44 96 10 63 98 93 92 38 3 15 62 46 97 95 26 44 49 19
71 62 56 24 70 50 32 12 58 46 17 11 1 99 19 47 3 3 33 72
51 99 100 65 56 76 85 83 80 82 76 5 28 4 54 99 93 53 56 49
1 86 82 16 99 22 98 59 10 10 88 49 5 53 20 26 83 3 96 64
38 67 90 72 12 37 15 14 83 52 48 39 48 62 71 75 57 31 73 18
65 31 5 89 50 45 100 3 72 39 57 58 14 84 16 48 73 68 36 92
59 45 9 64 1 73 73 27 73 59 6 8 95 12 15 44 19 48 44 34
73 7 95 46 72 16 2 59 6 89 79 64 87 84 6 4 76 53 16 53
16 52 97 40 34 59 39 39 1 98 42 67 85 64 60 49 20 84 28 34
74 45 3 19 56 35 73 64 65 69 28 72 31 85 22 54 71 33 41 38
7 100 70 50 23 82 43 93 99 34 13 53 43 13 40 9 38 92 44 53
84 14 88 66 42 47 10 60 49 14 22 99 32 15 79 69 13 11 84 85
18 40 7 83 60 40 57 71 74 82 65 33 37 22 96 81 33 59 61 52
87 21 90 62 14 39 75 33 81 46 90 7 70 93 72 16 27 98 4 44
97 94 5 1 63 21 40 54 85 37 54 76 87 60 44 94 68 65 42 92
86 52 84 14 50 54 83 30 83 36 2 27 85 31 75 9 96 65 48 56
99 25 14 23 59 57 61 62 38 67 10 4 99 90 99 79 80 60 80 79
8 39 25 94 50 51 22 99 15 50 89 25 28 17 52 58 19 53 4 36
25 69 21 47 82 13 91 78 56 47 19 81 37 24 1 70 20 91 55 14
22 51 55 72 57 3 30 62 38 14 66 10 100 69 62 29 11 86 84 77
28 57 39 20 55 36 79 58 74 10 87 67 32 38 12 76 39 10 49 38
