50 20
4 12 6 16 17 3 13 14 11 5 7 9 10 19 0 1 8 15 2 18
11 15 4 14 16 2 12 0 18 8 17 7 5 10 13 19 1 3 9 6
7 1 15 2 17 12 3 13 4 11 9 14 8 19 10 18 5 6 0 16
9 5 3 15 17 4 19 1 16 10 0 18 12 11 7 14 8 6 2 13
14 13 16 1 18 3 9 0 15 4 2 7 6 19 17 8 12 5 11 10
3 15 2 12 6 9 5 8 17 14 19 1 13 16 0 18 10 7 4 11
12 14 16 13 19 6 3 7 15 10 4 8 1 0 5 17 11 9 2 18
9 17 16 6 8 0 15 18 13 19 1 10 14 11 7 4 12 3 5 2
1 15 13 11 9 4 5 3 2 16 14 17 0 7 8 19 10 6 12 18
6 14 2 8 0 10 5 15 16 17 4 11 9 12 3 13 7 18 1 19
3 9 7 2 16 18 4 1 14 5 10 13 11 12 15 19 0 8 6 17
15 11 0 5 1 13 12 17 9 14 10 3 2 19 6 16 4 7 8 18
9 3 7 13 10 15 1 8 11 18 2 16 17 19 5 0 14 4 12 6
7 3 15 4 13 5 6 19 14 10 11 9 1 0 16 17 2 8 12 18
17 12 19 8 2 3 5 7 9 14 0 13 1 16 15 10 4 11 18 6
16 2 19 9 17 13 5 6 18 12 1 15 7 8 10 4 0 11 14 3
16 6 7 12 11 2 1 10 4 9 3 14 19 0 13 5 8 18 17 15
6 1 8 16 10 14 5 18 4 7 12 17 15 9 0 13 2 3 11 19
16 18 7 11 6 9 12 15 0 5 4 10 19 17 8 13 14 1 3 2
5 11 18 13 17 10 15 14 6 16 1 8 2 12 19 3 0 9 7 4
2 6 15 1 14 0 5 8 3 13 18 10 17 9 16 11 19 12 4 7
4 10 14 3 0 11 8 13 6 12 19 2 17 16 1 7 15 18 9 5
5 1 7 16 2 19 6 15 14 4 8 9 17 10 13 11 0 3 18 12
12 10 9 7 14 2 8 5 16 17 19 13 0 3 1 4 11 18 6 15
18 8 9 12 11 4 1 14 13 0 17 7 2 10 5 15 3 16 6 19
18 15 13 8 12 2 1 3 7 0 10 14 11 19 16 9 6 4 5 17
10 18 14 6 12 2 11 13 19 9 7 15 8 3 1 4 0 17 5 16
10 14 2 16 12 4 11 8 5 17 6 1 13 19 15 9 7 0 18 3
11 9 12 3 13 18 19 6 7 10 5 0 8 16 15 1 14 17 4 2
6 4 9 11 1 19 16 0 8 12 10 7 13 15 14 17 2 3 5 18
9 8 16 18 19 2 17 0 15 6 1 3 10 11 5 7 13 12 14 4
5 3 9 16 14 4 6 12 17 10 1 0 15 19 18 11 7 2 8 13
15 1 14 8 3 16 19 10 17 4 6 9 18 7 13 5 11 0 2 12
2 4 18 17 0 11 14 15 5 19 16 9 7 1 12 8 6 3 10 13
9 17 14 0 4 12 15 10 13 11 6 19 16 7 3 2 1 5 8 18
17 13 1 12 14 18 16 11 7 0 8 10 19 3 9 15 5 2 4 6
2 13 14 12 4 15 0 19 8 9 11 1 3 10 7 17 16 18 6 5
16 15 7 14 3 0 4 19 9 11 5 12 17 8 18 2 10 1 13 6
6 18 0 2 9 12 14 1 10 4 15 16 3 5 11 13 19 7 17 8
11 6 2 9 4 1 12 0 17 10 3 15 16 18 8 19 7 14 5 13
5 2 12 6 14 10 4 1 11 16 0 13 7 17 18 8 15 3 9 19
7 0 17 1 16 12 3 2 11 8 10 18 13 14 4 5 15 19 9 6
3 16 8 12 18 4 19 15 11 17 13 14 6 0 10 7 1 9 5 2
7 16 11 10 8 14 5 2 6 1 12 13 9 3 18 4 17 15 0 19
2 16 10 8 19 6 14 0 5 4 17 1 13 12 18 7 15 9 3 11
0 4 15 12 9 17 1 10 7 8 6 18 13 19 11 16 14 2 3 5
10 6 2 8 13 17 19 7 3 16 15 1 11 14 5 9 4 12 18 0
4 9 10 16 13 7 19 2 15 18 11 3 17 8 0 12 5 6 1 14
0 15 3 16 6 17 18 1 13 12 8 7 19 5 9 11 4 10 14 2
2 3 17 9 4 11 15 8 19 5 7 14 1 10 16 13 0 6 18 12
25 73 71 90 94 34 85 79 88 12 55 43 12 47 53 33 57 90 13 97
76 16 12 65 87 68 26 15 78 85 35 40 93 26 49 62 29 18 77 27
7 24 55 77 96 51 13 57 32 12 78 86 58 58 49 10 67 55 61 39
43 67 33 53 54 79 63 35 78 61 85 62 63 19 93 49 64 40 82 60
88 92 48 47 64 76 8 25 20 35 79 2 55 68 63 10 61 30 13 48
21 80 81 34 84 58 64 89 3 82 18 25 57 62 100 57 58 72 36 62
32 78 82 31 69 96 5 95 23 44 48 5 7 95 98 97 27 90 56 44
95 20 65 73 50 29 29 90 73 92 17 54 89 21 97 41 31 72 74 1
20 22 89 81 18 50 10 8 2 6 61 98 8 15 84 92 70 13 87 48
16 15 90 23 7 88 4 97 87 94 55 84 91 37 33 57 30 26 84 100
29 98 4 47 89 44 56 88 7 45 18 4 2 44 9 63 1 60 34 12
98 58 14 23 74 14 1 66 21 16 20 76 51 61 63 68 99 89 70 61
80 80 99 30 83 12 25 49 53 17 97 19 67 7 67 68 100 63 47 43
28 45 44 21 94 32 23 24 29 81 17 62 95 59 80 15 93 79 18 59
93 13 50 80 44 14 95 48 19 97 19 48 86 98 61 96 52 3 69 20
33 70 100 45 38 70 89 35 58 72 92 99 6 65 96 32 85 80 1 68
90 48 28 91 94 22 77 1 12 46 74 24 45 24 62 82 29 61 50 71
82 47 39 55 96 48 13 98 70 54 83 21 36 8 84 65 41 85 65 8
76 91 92 10 95 15 37 64 58 94 33 40 31 99 2 7 100 66 70 49
20 13 4 28 77 42 54 89 61 79 74 63 58 42 79 59 25 23 69 15
83 5 41 47 64 83 33 56 49 39 47 68 92 76 48 75 8 53 82 76
2 14 78 9 62 56 82 8 82 4 94 66 68 45 47 21 23 62 69 10
54 39 23 64 46 5 3 70 27 1 100 6 4 61 83 14 72 54 62 42
25 96 72 8 65 26 26 52 68 6 87 55 82 4 82 10 94 11 16 87
4 38 14 52 66 28 86 27 94 53 72 77 70 84 97 77 64 12 56 77
84 41 47 93 46 52 56 46 68 53 37 20 78 84 77 33 84 26 79 60
16 45 42 18 38 70 1 75 35 100 17 35 81 42 12 96 83 68 77 45
8 24 84 72 78 31 68 32 38 22 33 23 78 46 46 37 73 100 29 21
42 82 58 49 72 70 77 32 7 94 12 55 85 66 51 14 79 66 58 43
1 37 57 89 99 91 99 79 16 26 62 21 1 2 61 85 83 86 46 32
73 33 29 82 99 43 99 77 47 40 36 52 56 82 41 58 45 26 15 76
17 25 2 15 36 22 28 29 98 14 76 28 89 82 2 89 94 42 84 100
38 19 1 28 39 15 17 81 1 73 95 48 46 15 92 93 71 26 45 82
23 3 5 88 2 2 41 10 57 7 20 36 36 95 39 32 29 32 43 68
32 6 29 93 41 4 49 45 81 43 91 23 59 28 15 41 95 22 90 19
71 41 71 91 61 60 32 9 54 51 3 61 19 3 60 8 1 16 12 9
82 88 31 90 24 90 15 99 72 93 92 62 33 96 93 30 77 78 42 13
82 97 84 21 4 30 2 23 15 18 39 82 56 75 71 82 53 11 45 10
53 3 23 43 54 37 2 55 37 90 28 85 79 37 26 29 62 1 4 96
18 64 84 48 36 30 78 93 61 20 32 11 26 6 38 52 40 93 27 24
70 29 94 65 27 14 79 60 57 31 61 66 58 72 6 100 78 72 56 46
43 57 92 44 48 18 30 37 63 71 16 12 10 86 9 91 50 46 90 62
92 51 2 72 84 24 79 30 36 3 76 1 60 25 24 59 17 87 34 22
73 71 24 63 14 78 8 36 80 12 65 77 26 67 39 30 89 34 19 69
56 3 69 89 55 83 3 59 8 48 6 18 85 67 61 75 58 62 44 58
90 83 80 61 15 28 8 18 61 98 28 20 49 2 86 39 35 82 99 43
25 87 7 87 92 4 3 58 70 25 40 60 33 1 45 9 22 9 69 58
88 27 84 24 23 15 68 49 25 93 13 97 22 58 2 15 67 7 27 53
97 12 78 55 13 63 47 57 80 30 50 31 99 16 26 74 83 56 23 22
1 84 68 25 43 22 76 12 1 87 78 94 21 64 43 93 95 7 35 32
