50 20
17 15 11 18 7 6 19 3 14 0 9 5 16 8 13 2 1 12 4 10
12 14 11 7 6 18 0 5 16 15 1 2 10 19 8 9 3 17 4 13
4 3 17 16 13 18 0 12 7 11 5 19 6 8 1 2 9 14 10 15
15 10 6 8 13 19 5 16 4 3 17 7 1 9 2 18 14 0 11 12
3 19 1 13 11 14 10 12 9 16 17 6 2 18 4 8 5 15 0 7
7 14 10 15 12 16 8 5 19 2 6 9 18 13 1 0 11 3 17 4
1 18 7 19 14 6 12 3 10 15 5 8 4 13 11 2 9 16 0 17
9 13 15 8 0 6 4 16 10 5 12 7 18 1 3 2 17 19 14 11
3 11 16 6 8 15 1 18 13 14 2 10 12 7 9 17 0 4 19 5
17 7 5 3 0 16 18 19 15 2 12 6 8 9 10 14 11 1 4 13
10 11 18 4 9 2 12 15 5 13 16 0 14 19 17 3 1 8 6 7
0 16 15 17 9 10 5 13 12 6 1 19 7 2 14 8 18 11 4 3
9 14 11 15 8 5 19 6 10 12 18 0 13 4 1 17 7 3 2 16
6 7 17 11 5 19 12 4 16 1 3 15 18 2 9 8 13 10 0 14
11 0 9 19 5 1 2 17 16 4 12 6 8 18 10 13 3 14 7 15
13 10 7 9 6 1 2 15 3 11 16 12 17 4 0 19 8 18 5 14
14 3 0 1 15 13 8 16 17 5 6 18 12 11 10 4 2 7 19 9
15 5 2 19 6 9 13 4 7 18 17 8 16 0 10 1 14 12 3 11
19 5 13 8 18 7 3 0 17 9 14 12 11 15 16 10 4 2 6 1
12 5 0 17 7 10 15 4 18 11 9 1 13 3 6 8 19 16 2 14
8 2 7 16 9 6 13 1 5 17 4 19 11 15 14 3 12 18 10 0
19 10 3 5 1 8 14 13 4 15 9 7 16 11 0 2 6 18 17 12
4 13 11 9 10 0 1 3 8 19 18 14 12 5 17 7 15 16 6 2
12 2 9 5 14 0 19 13 10 7 17 15 3 16 1 6 4 11 18 8
16 8 6 10 19 5 7 11 13 4 15 9 3 18 12 0 1 17 2 14
11 15 16 2 12 5 8 4 1 6 10 18 3 14 19 9 13 0 7 17
10 16 11 18 4 0 5 6 12 3 2 13 17 15 1 9 8 19 14 7
11 4 15 3 6 8 10 19 0 17 2 7 18 5 13 12 9 1 14 16
9 10 8 11 19 6 2 5 15 3 4 14 16 18 0 17 1 12 7 13
19 2 17 6 14 8 10 13 1 11 7 12 18 3 16 4 9 0 5 15
6 2 0 8 10 1 17 16 12 11 5 19 15 18 4 9 3 7 14 13
15 13 6 2 10 8 4 5 19 12 18 16 3 0 17 7 9 1 11 14
16 15 2 19 4 18 12 6 14 17 8 7 0 3 1 9 5 11 13 10
4 13 3 15 8 10 9 7 5 17 11 1 14 2 16 0 19 18 12 6
8 13 14 12 11 7 17 3 2 16 19 10 18 0 5 15 1 4 9 6
2 17 10 18 15 0 1 8 7 5 11 6 19 16 4 13 9 14 12 3
9 3 11 7 13 5 18 19 14 15 16 6 8 12 0 17 10 2 4 1
17 15 19 13 9 1 12 14 4 11 6 2 3 0 5 10 7 16 8 18
18 3 19 1 6 12 16 15 17 13 8 4 0 11 9 5 7 14 2 10
8 12 10 15 6 0 1 18 19 5 3 2 14 4 9 13 7 17 11 16
9 10 12 19 18 4 14 15 13 11 3 2 6 17 8 16 1 0 5 7
8 9 18 16 6 19 5 17 4 1 3 15 7 10 11 2 14 13 12 0
2 15 1 14 0 4 11 13 7 8 17 16 3 9 18 12 19 10 5 6
7 15 17 13 14 10 6 12 8 3 5 9 16 19 11 2 18 4 1 0
9 3 1 12 18 2 6 7 17 19 5 15 16 14 4 11 0 8 13 10
3 17 6 8 12 14 10 4 5 19 13 2 16 7 18 15 11 0 1 9
16 12 1 19 5 10 4 18 7 3 14 2 13 15 17 8 9 6 11 0
4 0 14 19 10 17 1 18 5 3 13 2 15 11 12 9 8 6 16 7
11 14 9 3 19 5 16 6 17 2 18 15 4 10 8 7 13 12 0 1
15 4 1 3 10 11 16 2 14 9 0 17 18 6 19 8 5 12 7 13
12 71 55 8 73 16 29 81 81 75 8 74 75 51 7 29 6 72 18 38
64 88 69 55 100 41 60 75 59 47 39 32 24 90 100 32 11 74 39 68
77 64 75 59 9 12 35 61 90 86 9 8 94 90 40 83 74 88 58 37
22 58 52 71 36 18 56 71 36 91 54 46 88 49 30 20 11 23 20 30
51 52 51 14 62 82 52 8 25 9 27 57 21 15 44 77 7 14 1 73
60 62 62 40 11 19 14 96 44 95 34 62 89 21 67 3 27 68 47 19
79 98 25 31 52 95 30 26 67 64 46 94 4 4 36 61 34 25 89 78
83 11 85 16 50 92 97 26 62 23 56 82 43 12 93 51 60 52 96 11
93 84 14 68 96 18 56 25 28 4 33 28 38 65 31 98 76 42 34 70
100 20 23 19 61 80 93 16 72 8 42 88 67 68 72 62 100 14 72 8
90 67 34 72 26 58 18 54 16 51 57 41 10 86 31 55 10 28 86 39
44 54 26 46 41 12 93 47 3 44 71 59 57 91 3 50 43 67 80 38
90 42 12 36 8 89 24 55 10 35 3 82 12 34 11 78 29 9 34 16
68 98 27 38 58 65 87 23 35 45 3 33 5 2 3 94 65 71 25 66
17 2 10 81 95 33 56 21 8 11 86 49 65 86 37 77 32 89 38 6
49 11 61 36 65 84 26 32 65 100 1 12 34 12 19 52 76 6 51 3
94 90 65 18 68 97 65 73 3 88 75 92 88 89 83 30 11 4 6 18
96 95 61 33 10 34 31 94 97 27 30 95 84 59 64 49 10 62 88 37
89 28 87 63 38 91 67 37 60 60 60 99 16 71 26 40 11 61 3 38
30 64 63 51 4 21 1 63 88 58 52 39 94 19 54 45 49 41 16 43
97 36 7 36 14 7 85 37 82 20 32 35 56 66 41 25 99 48 55 4
44 37 39 33 95 95 84 34 52 84 31 39 62 72 86 51 16 22 83 21
41 31 48 34 73 26 3 96 53 50 53 96 68 27 49 35 44 97 8 64
76 63 1 10 51 68 60 58 32 14 29 20 20 67 88 14 93 90 83 98
39 68 75 25 50 34 29 77 1 2 69 39 59 36 41 83 32 61 68 31
5 90 44 92 54 47 88 51 26 1 38 95 65 9 27 64 26 40 99 25
28 4 77 19 54 7 91 8 24 51 58 92 41 94 15 11 22 43 25 24
49 46 99 40 56 12 7 91 61 26 48 70 58 25 42 47 95 61 4 81
36 39 1 93 97 77 82 9 4 30 14 61 92 60 100 50 33 56 64 17
62 71 70 42 21 55 14 10 34 80 11 27 13 54 64 91 58 23 30 18
37 75 25 42 9 51 33 32 65 68 30 84 13 84 60 5 14 1 61 30
14 82 77 91 80 45 28 5 48 44 19 6 27 33 5 77 94 84 27 2
84 21 51 90 35 53 37 86 40 54 7 40 96 73 46 54 54 3 99 47
83 51 12 74 80 48 95 65 22 19 45 37 21 67 22 9 14 50 63 97
73 28 6 52 67 21 50 46 16 20 32 93 25 6 72 97 87 5 86 42
58 98 80 100 59 23 61 52 14 9 17 46 56 47 12 57 65 66 85 6
37 22 88 93 29 9 45 79 97 33 21 42 79 36 59 19 33 65 62 27
82 47 58 72 67 75 89 14 33 69 81 51 95 48 34 49 48 74 19 47
79 81 56 54 66 47 7 17 63 30 79 84 6 3 7 1 73 46 39 14
9 82 19 86 35 52 34 2 8 83 72 45 77 83 75 57 78 67 94 64
26 67 78 83 65 83 83 54 79 23 66 40 9 39 81 7 93 62 92 69
92 7 35 82 71 87 56 88 67 34 38 83 28 11 65 2 22 34 31 96
74 40 28 51 80 75 10 73 22 19 5 4 15 14 80 21 45 19 90 4
27 15 5 5 97 82 12 97 81 81 37 62 13 17 13 97 83 27 38 41
56 67 99 13 45 61 91 7 69 73 28 92 12 74 37 22 56 1 68 26
64 22 15 82 99 11 63 90 72 14 81 42 46 13 52 51 96 12 55 83
67 20 58 85 71 95 42 22 60 57 89 99 33 75 30 17 43 60 83 90
22 85 14 26 50 20 19 39 94 39 56 36 26 14 82 14 36 27 50 60
30 86 93 84 100 83 90 75 30 87 24 83 16 59 56 41 34 81 90 13
5 33 70 28 21 92 26 67 45 13 74 59 70 27 92 61 66 3 82 48
