50 20
19 14 17 16 9 13 5 15 10 8 3 2 1 0 18 6 4 12 11 7
10 9 17 14 6 0 4 19 13 8 7 15 11 16 5 1 3 18 12 2
7 12 14 17 0 18 2 3 11 1 10 13 19 8 5 4 9 6 16 15
1 16 15 18 17 4 19 8 11 7 9 6 2 3 14 13 5 10 12 0
6 14 8 4 12 16 1 2 17 13 19 7 15 0 5 10 11 9 3 18
10 8 2 6 4 16 5 17 9 1 7 13 19 0 3 14 11 12 18 15
11 0 14 18 7 17 15 13 5 6 8 1 4 16 3 12 10 2 19 9
0 3 8 5 11 9 19 10 12 18 14 7 1 17 4 2 16 15 6 13
11 8 6 14 2 19 12 7 17 16 15 10 3 9 0 4 1 13 18 5
19 10 7 15 8 17 0 18 9 1 12 14 6 4 2 5 13 11 3 16
17 1 5 12 8 3 9 16 19 11 0 18 15 14 2 13 6 10 7 4
13 9 2 1 11 7 16 10 14 8 5 19 0 6 18 3 17 15 4 12
12 4 18 14 2 1 8 0 19 6 11 13 9 16 17 7 5 15 3 10
0 6 8 13 3 4 18 11 1 19 17 5 16 10 7 2 14 15 12 9
19 13 7 9 17 15 10 8 4 2 11 12 18 16 5 6 14 1 0 3
12 2 15 14 6 9 16 5 7 17 4 0 3 10 19 18 8 1 13 11
9 12 6 0 3 1 4 17 5 15 18 19 16 8 14 11 13 2 7 10
2 13 9 8 16 11 3 18 14 15 1 19 17 5 6 10 0 12 7 4
11 4 1 3 14 8 10 9 15 16 12 19 13 5 18 2 7 6 0 17
1 6 14 19 11 15 13 0 18 5 16 4 2 8 7 3 12 17 9 10
14 1 8 16 17 2 4 0 6 12 7 13 11 19 9 10 15 18 5 3
18 2 0 16 3 13 5 7 17 1 9 6 19 8 15 10 14 12 4 11
5 6 10 15 11 18 8 17 14 16 13 3 2 1 19 0 12 7 4 9
12 3 19 6 5 16 4 18 7 17 15 9 2 14 10 1 11 8 0 13
1 14 18 11 7 16 9 2 17 6 15 12 5 0 19 8 4 10 13 3
6 19 0 9 1 13 3 7 15 2 12 5 18 10 17 14 8 11 4 16
18 16 17 14 2 9 7 11 12 6 3 15 8 5 13 10 1 4 19 0
18 17 1 16 2 9 11 6 3 4 0 14 19 5 15 8 7 10 13 12
19 12 14 16 0 10 6 18 17 13 5 15 7 11 2 1 9 8 4 3
18 17 13 0 3 2 15 6 8 4 19 16 10 9 5 1 7 12 11 14
16 1 11 4 0 5 19 8 14 10 15 12 13 9 18 2 3 17 7 6
4 14 1 0 18 9 15 10 7 16 6 5 12 11 2 3 19 8 17 13
0 9 18 2 13 10 12 7 11 5 8 17 1 19 4 14 15 16 6 3
12 13 2 7 1 0 15 18 11 4 6 10 3 9 16 19 17 14 8 5
17 5 19 8 6 9 3 18 12 7 14 11 2 13 10 15 4 0 16 1
2 9 12 1 7 11 17 3 10 0 16 5 15 8 18 6 4 13 14 19
10 5 1 19 11 7 2 3 12 15 4 8 17 14 16 0 6 13 9 18
3 15 13 11 4 18 8 9 6 19 12 7 17 0 5 1 16 2 14 10
17 10 4 18 3 6 11 13 8 1 2 16 5 14 9 0 19 7 15 12
0 2 8 16 19 18 11 1 12 17 15 6 10 7 4 9 13 5 14 3
13 10 17 16 4 18 6 19 12 14 0 15 3 7 8 5 2 11 1 9
2 3 0 15 18 9 17 7 6 8 19 16 10 14 1 13 12 5 11 4
6 10 14 5 13 3 2 16 19 18 12 11 1 15 9 17 7 4 8 0
7 11 13 1 8 0 5 19 6 18 2 14 10 12 15 3 17 9 4 16
7 14 3 6 13 11 18 12 9 0 2 5 4 17 16 19 15 10 1 8
8 16 19 3 12 5 15 13 6 17 1 9 7 0 18 2 10 14 11 4
3 9 0 5 4 10 7 18 1 19 11 17 15 14 12 13 16 6 8 2
13 7 9 4 11 6 5 18 0 14 16 15 19 17 12 1 2 3 8 10
2 10 5 1 14 8 19 6 3 18 15 0 7 17 12 9 11 16 4 13
19 0 17 12 2 8 3 13 10 14 1 18 16 15 5 4 9 6 7 11
64 74 25 52 12 63 30 98 3 90 35 67 53 61 49 93 15 85 34 13
19 75 59 94 75 57 37 72 46 55 18 21 98 77 13 69 89 41 90 46
35 5 55 33 49 39 91 54 23 85 51 15 22 85 4 26 99 21 39 15
5 11 85 14 98 67 68 47 20 65 63 91 20 78 9 25 3 18 44 50
26 78 29 64 61 20 49 16 14 75 93 58 83 17 93 57 66 93 12 92
56 68 12 96 97 77 65 91 73 26 65 30 42 68 50 96 67 83 26 1
26 63 48 49 75 40 27 38 51 79 50 88 68 89 94 46 87 78 75 47
32 47 32 32 65 96 59 32 30 77 68 26 48 64 100 14 15 50 11 84
84 9 41 5 11 18 84 47 10 30 93 5 77 41 29 38 96 46 42 9
14 7 8 72 95 23 22 72 82 42 38 32 95 65 62 15 73 92 11 18
47 95 100 68 24 40 35 88 61 17 36 64 82 65 69 66 38 28 73 68
11 24 58 75 17 99 55 73 81 75 14 48 65 6 77 92 84 48 46 14
66 47 62 47 61 72 23 39 18 83 35 3 57 95 37 75 88 34 59 38
27 70 67 91 76 23 19 65 5 12 71 86 98 40 28 19 82 52 33 26
54 31 1 88 13 67 66 26 62 97 92 54 15 55 65 19 10 19 85 91
34 40 67 36 78 3 52 27 91 89 89 90 28 25 15 99 84 100 64 20
79 21 72 31 29 55 93 87 77 26 44 89 17 73 100 35 10 57 42 74
3 97 2 91 78 89 65 41 48 91 62 75 14 79 23 15 7 57 36 11
70 86 89 8 66 99 66 84 52 58 67 61 86 21 16 74 79 66 90 22
71 92 89 61 57 37 90 25 62 71 9 84 9 81 38 9 24 51 13 71
74 6 75 13 57 94 48 33 43 14 14 25 63 55 73 58 13 89 17 4
31 57 26 36 78 72 86 20 28 67 1 43 47 12 22 65 41 72 54 93
10 50 57 64 56 43 62 94 30 40 6 75 87 14 3 72 80 47 84 91
32 47 46 65 85 69 46 11 31 83 25 66 31 36 13 81 54 4 25 3
89 35 94 3 68 6 80 79 38 71 19 39 70 77 27 4 18 90 6 93
74 98 86 1 37 44 65 15 35 2 1 75 60 89 52 81 90 75 68 26
63 96 13 50 68 42 55 64 70 49 78 86 8 69 100 86 26 30 72 21
63 80 30 74 23 46 22 94 21 97 30 25 8 86 84 49 74 67 30 73
83 15 45 37 45 94 36 18 88 74 8 83 82 90 21 97 52 2 4 57
43 25 95 68 52 8 58 38 31 40 42 36 53 8 1 2 55 100 5 84
37 7 71 45 11 35 48 65 40 60 69 30 31 8 10 30 57 40 7 15
49 42 54 40 37 61 58 1 95 32 10 34 10 81 69 74 7 18 5 2
24 52 100 39 4 94 90 16 3 93 29 89 53 71 28 74 19 18 79 13
14 18 46 96 58 16 56 36 13 5 10 37 82 24 99 53 42 8 54 43
75 38 44 3 28 94 21 51 39 24 12 40 39 6 22 61 34 75 18 80
79 27 98 12 2 15 17 35 72 86 27 85 5 54 20 64 88 98 97 45
6 80 60 99 68 24 41 28 43 89 17 17 47 33 89 85 21 11 3 67
47 6 71 44 9 27 76 62 63 43 67 21 96 98 19 75 90 77 99 80
88 24 18 50 23 38 16 74 42 1 90 91 69 6 64 17 37 74 2 86
53 69 18 8 10 57 52 84 30 52 67 42 68 24 94 7 18 19 69 13
90 22 49 9 45 23 68 45 13 88 52 28 7 78 53 9 29 87 35 94
21 1 40 35 3 73 61 62 49 15 91 89 33 91 57 19 68 23 74 52
81 41 28 68 92 56 61 47 87 62 78 85 1 95 19 34 97 39 79 38
52 8 23 51 13 76 31 9 32 68 54 21 18 57 98 100 25 36 4 44
92 28 74 89 40 97 90 20 85 3 65 76 84 9 89 50 21 28 92 31
72 48 74 40 60 70 82 29 89 36 93 14 14 98 72 29 40 76 24 100
76 70 62 34 8 77 39 72 29 52 68 79 100 86 48 43 94 69 54 49
20 100 51 51 10 66 85 47 70 8 40 71 92 11 70 72 56 14 38 36
3 51 95 59 12 98 65 2 28 80 84 65 77 5 99 29 12 44 68 29
24 18 97 3 13 74 77 22 42 4 43 78 82 3 14 97 96 60 33 95
