50 20
4 15 5 0 11 13 3 1 16 9 10 7 8 12 2 6 18 19 17 14
17 5 9 2 11 8 3 13 12 1 18 0 15 4 19 7 16 6 14 10
7 9 3 19 10 11 15 17 18 16 0 14 4 1 5 8 6 2 13 12
15 14 4 8 7 3 11 2 17 1 12 10 19 13 16 5 6 0 9 18
14 17 1 0 6 15 18 10 8 2 19 11 3 16 13 7 9 4 5 12
9 18 13 16 5 12 10 7 19 4 1 0 11 3 14 6 8 2 17 15
6 13 3 8 17 10 12 7 19 14 16 5 4 11 18 15 2 0 1 9
18 5 19 2 0 6 4 1 15 16 7 9 17 11 14 12 10 13 8 3
5 9 0 2 12 1 16 8 11 18 13 3 4 17 6 19 7 15 14 10
6 16 3 15 11 7 8 12 5 18 17 0 9 13 4 1 2 10 14 19
16 10 14 1 13 9 19 4 3 2 18 11 17 7 12 0 5 8 15 6
17 10 16 15 2 18 9 14 11 0 13 5 8 4 1 12 7 6 19 3
6 0 18 1 3 5 17 4 15 12 19 10 8 11 13 9 16 14 7 2
0 9 16 10 18 1 13 12 19 4 11 6 7 8 14 17 5 2 15 3
11 19 2 1 12 5 10 0 6 14 16 4 9 8 13 17 18 3 15 7
16 8 5 12 0 18 10 2 9 14 13 19 15 1 11 17 7 4 3 6
17 7 9 11 8 14 16 12 0 1 10 18 13 2 19 3 5 6 4 15
13 8 4 15 7 2 9 14 17 19 10 11 12 1 18 0 16 3 5 6
14 0 12 17 19 4 13 18 16 2 15 6 10 3 5 9 8 7 1 11
2 5 11 4 6 15 3 0 14 12 7 16 1 9 17 13 10 18 19 8
8 15 3 16 13 4 19 11 5 17 12 14 6 2 10 1 7 18 0 9
14 0 9 17 3 8 13 15 12 19 10 2 7 5 18 4 16 11 1 6
1 2 15 5 16 9 3 19 4 11 12 13 0 10 14 17 18 6 7 8
0 7 13 18 1 12 8 9 10 5 19 15 4 11 16 17 6 14 3 2
0 14 7 6 12 8 13 1 17 11 16 5 3 18 4 10 15 9 2 19
9 15 13 2 6 14 11 10 8 3 0 18 7 19 1 16 5 4 17 12
14 8 1 9 0 4 3 19 2 16 11 5 6 17 12 10 15 18 7 13
2 3 18 11 17 14 19 9 1 16 7 0 15 4 8 13 12 6 10 5
19 2 13 4 17 0 11 3 14 1 16 10 18 6 7 8 15 9 5 12
10 5 7 11 15 6 18 17 14 13 3 0 2 12 9 4 1 16 8 19
14 6 16 13 3 17 0 15 11 5 1 18 7 4 8 2 12 19 10 9
0 7 11 18 5 14 2 15 6 13 3 4 1 16 8 19 10 9 17 12
0 18 4 15 9 11 10 2 8 13 16 17 12 14 6 19 5 1 7 3
19 0 16 5 15 14 7 11 8 13 2 9 1 4 18 10 6 12 17 3
6 0 12 5 7 13 4 1 15 10 18 9 16 2 19 17 3 14 8 11
16 18 3 13 4 11 10 19 1 14 8 2 17 7 15 6 5 0 12 9
7 4 12 10 2 0 3 6 18 11 5 8 17 19 1 16 13 14 15 9
1 19 4 0 16 18 13 3 15 6 8 5 10 11 14 2 7 12 9 17
19 10 3 14 8 6 16 15 2 13 12 4 5 17 0 9 1 7 18 11
7 0 11 6 8 5 9 18 17 12 16 1 19 3 15 2 13 14 10 4
14 6 16 0 10 5 7 11 15 3 4 2 1 17 12 13 8 9 18 19
11 0 13 2 14 15 12 4 8 7 10 3 6 19 1 17 5 18 16 9
4 1 5 6 11 7 17 13 15 12 18 10 9 16 19 3 2 0 8 14
6 8 4 17 12 15 18 9 7 2 0 16 3 11 5 19 13 10 1 14
10 6 15 18 11 8 1 0 19 9 12 4 5 3 16 2 14 13 7 17
4 12 1 11 5 0 17 19 8 3 16 2 13 10 7 18 15 9 14 6
15 12 9 11 8 17 2 16 19 5 14 1 18 6 13 10 0 3 7 4
3 18 9 17 10 0 1 5 19 13 2 16 7 11 15 8 6 4 12 14
10 9 19 14 16 17 3 4 5 15 12 0 18 6 1 13 2 8 7 11
1 8 17 16 10 15 5 9 18 7 13 19 4 6 14 2 11 3 12 0
77 51 58 84 95 79 84 21 80 2 68 9 8 5 25 31 77 4 100 60
66 37 4 9 73 99 14 52 14 38 50 9 3 88 1 28 27 7 61 49
63 23 88 72 25 58 66 25 94 99 17 54 83 50 15 51 54 28 1 35
38 50 10 10 12 27 75 82 32 2 77 48 48 80 59 17 76 62 74 18
14 14 5 66 33 31 95 91 51 33 54 77 63 38 67 23 93 9 17 30
68 74 17 12 47 18 58 43 85 94 89 67 75 18 76 5 3 61 46 90
11 88 61 10 54 4 64 74 2 80 85 49 49 75 2 78 10 11 12 82
62 3 30 90 15 64 100 79 85 63 33 2 48 39 19 87 79 26 67 22
18 64 45 6 92 9 36 22 15 58 61 36 28 53 49 81 67 64 87 41
25 4 99 35 31 100 19 7 81 15 58 14 81 69 84 82 48 10 88 26
12 53 93 50 17 58 59 26 81 1 49 71 73 84 65 44 60 42 84 27
4 28 9 55 5 23 69 43 88 18 61 20 67 93 67 87 89 57 64 75
70 68 35 74 64 26 53 69 15 65 1 78 49 4 69 6 67 52 70 73
14 25 54 80 4 34 17 90 100 3 5 25 20 30 2 88 37 42 93 46
81 69 82 28 68 28 70 79 76 18 30 95 81 45 24 41 78 41 25 28
47 15 91 65 82 98 44 65 88 25 10 62 14 4 5 98 71 79 66 73
60 55 66 46 56 27 77 48 2 82 90 6 26 24 53 59 47 95 48 52
52 18 43 69 89 48 99 56 98 24 52 27 93 24 10 44 39 61 13 2
98 51 74 3 15 79 14 95 31 33 57 52 65 7 98 26 83 49 2 13
70 79 77 8 55 64 54 37 68 52 77 40 47 68 37 62 84 35 72 37
93 62 33 97 32 6 67 13 93 60 19 32 78 91 15 7 80 54 59 16
38 94 17 31 62 15 65 40 65 80 46 36 35 79 88 93 73 90 76 25
70 36 10 97 12 87 21 71 31 81 48 62 62 46 27 44 44 64 96 18
75 13 60 42 11 70 11 56 73 73 63 88 60 39 100 2 10 40 28 85
59 41 29 52 94 67 32 11 47 47 4 47 87 51 75 50 25 95 73 48
9 75 70 40 70 11 43 11 36 95 14 41 11 4 82 84 19 13 96 84
1 49 12 60 70 82 4 68 47 91 2 15 54 54 19 32 95 21 82 49
75 62 5 41 14 26 24 46 28 76 31 77 92 61 77 66 29 57 24 36
8 85 31 2 61 48 58 32 92 54 78 21 54 21 99 42 19 34 67 17
11 96 76 70 65 39 3 25 54 25 88 12 57 27 5 70 53 68 64 21
84 57 2 49 92 91 61 31 38 73 15 59 99 2 93 27 79 20 38 81
58 49 12 14 19 80 13 17 87 81 91 23 24 25 52 5 60 76 91 12
53 80 2 94 52 79 90 41 32 85 78 68 3 34 43 25 44 40 84 57
67 92 91 26 73 4 81 85 26 100 11 18 32 62 74 54 90 43 43 12
16 1 37 88 47 31 98 74 47 22 24 77 71 10 59 5 52 24 85 18
73 43 7 83 5 93 86 19 52 64 77 14 61 45 53 80 89 73 98 53
94 49 77 42 97 40 76 9 32 16 58 32 65 51 7 61 89 14 68 31
67 17 16 69 74 59 1 38 32 94 39 4 42 23 9 57 58 68 51 19
46 61 3 23 82 90 72 26 69 81 31 25 7 84 14 40 93 41 36 54
76 67 30 39 24 86 29 36 17 82 86 12 60 10 57 68 10 68 6 1
5 80 60 97 75 50 1 64 8 24 9 72 100 83 47 42 85 62 5 67
75 78 64 34 5 26 77 92 7 74 58 24 42 20 78 3 78 64 56 65
80 95 68 100 34 98 76 64 12 84 66 22 49 33 32 21 64 89 85 77
53 68 19 12 51 72 39 61 55 10 5 88 92 98 94 79 30 38 33 16
73 89 76 23 60 51 28 49 49 7 28 54 45 32 24 71 21 62 27 52
80 3 67 24 95 34 66 51 73 84 92 28 35 14 47 8 20 94 100 47
25 20 66 77 17 5 27 40 53 55 62 70 89 18 67 91 71 34 41 93
18 6 4 96 81 62 73 2 98 96 39 85 86 9 28 72 89 46 86 16
26 61 99 22 45 86 92 31 67 12 96 44 55 20 62 75 33 90 71 40
45 42 48 73 39 34 86 24 83 61 50 79 44 47 4 74 91 28 99 10
