50 20
2 9 14 18 1 10 12 13 3 17 19 7 5 0 6 4 11 16 8 15
18 9 14 7 19 17 15 16 6 1 12 2 8 0 11 5 10 4 13 3
4 17 2 7 1 10 9 12 3 11 8 15 14 13 6 0 5 19 18 16
9 12 13 17 1 11 6 4 0 10 3 2 16 8 18 14 5 7 19 15
1 16 12 6 11 2 10 3 7 19 17 4 0 13 15 9 18 5 14 8
4 19 3 7 1 14 11 0 17 15 10 16 5 8 9 6 12 2 18 13
6 0 17 3 8 11 9 4 19 16 15 10 1 14 5 13 2 7 18 12
15 18 12 1 0 10 17 3 19 16 14 2 5 11 8 4 7 9 13 6
10 8 12 1 2 13 3 9 11 14 19 6 0 16 17 18 7 15 4 5
12 18 7 17 0 15 6 9 2 4 5 11 10 14 13 1 16 19 3 8
15 1 19 9 2 17 11 14 6 5 13 18 10 7 8 12 4 0 16 3
6 1 15 2 4 8 12 5 11 13 10 18 14 16 9 17 3 19 7 0
4 16 11 18 2 1 0 19 8 3 14 7 6 9 5 17 12 10 13 15
0 6 17 16 11 3 4 2 1 7 15 19 13 14 5 9 10 12 8 18
6 18 8 7 12 0 16 13 17 10 19 11 1 4 3 14 5 9 2 15
13 15 14 3 8 5 16 7 17 6 4 18 1 0 2 9 12 11 10 19
15 19 10 14 0 11 1 18 3 5 12 16 8 13 17 7 4 6 2 9
3 9 7 10 11 19 4 1 18 15 2 6 5 8 13 0 12 14 16 17
16 10 7 6 0 17 18 5 14 12 11 8 13 15 9 2 4 19 1 3
1 18 7 6 17 10 2 12 16 8 4 19 0 14 5 13 11 15 3 9
4 0 2 12 6 14 5 8 16 9 13 3 7 19 15 17 1 18 10 11
3 0 15 14 4 11 9 12 18 1 16 19 10 7 17 2 8 5 6 13
13 1 0 6 11 5 10 3 9 8 15 2 12 16 14 4 7 18 17 19
14 5 11 17 2 9 13 10 12 7 19 16 8 15 6 4 3 18 0 1
16 9 0 6 7 15 2 10 19 4 17 12 1 5 14 8 11 18 13 3
2 12 13 4 1 10 16 11 8 6 15 19 3 18 0 7 17 9 14 5
2 17 8 15 7 5 10 18 16 3 0 9 11 12 14 19 4 13 1 6
10 13 17 18 8 2 6 19 16 11 7 15 0 1 12 14 9 4 5 3
6 19 4 11 16 1 8 14 5 17 0 9 3 10 2 12 15 7 18 13
13 11 7 16 19 18 12 6 4 9 3 1 8 0 2 14 5 10 15 17
11 4 5 17 19 8 10 2 15 6 14 16 18 9 7 12 13 3 0 1
8 14 0 13 17 7 4 10 16 18 11 19 15 9 12 2 1 3 5 6
6 1 3 4 17 14 5 12 10 11 15 18 13 19 2 7 9 8 16 0
16 19 11 17 5 8 0 18 1 14 4 6 12 13 2 15 9 7 3 10
10 3 0 19 1 16 6 15 11 2 12 14 18 13 4 9 8 7 17 5
1 0 10 18 15 3 2 8 5 19 7 12 6 14 11 13 16 4 17 9
12 5 14 3 19 1 15 0 6 8 17 9 11 4 18 7 13 16 2 10
11 10 12 1 16 18 4 6 9 17 19 15 0 8 7 13 3 14 5 2
16 5 11 7 13 9 14 19 18 3 8 15 17 4 0 2 6 1 10 12
18 5 1 19 17 3 10 16 2 12 4 8 6 7 9 0 15 14 13 11
19 11 10 6 14 13 18 4 2 1 9 17 12 15 16 0 5 8 3 7
7 11 3 17 6 2 14 10 5 0 16 9 4 19 8 13 18 15 1 12
6 9 18 5 12 17 4 11 14 8 1 16 19 13 7 10 0 2 3 15
6 15 8 13 0 19 16 5 18 4 17 3 14 10 7 9 2 1 12 11
6 12 0 5 17 11 9 4 14 8 7 2 15 18 10 19 3 16 13 1
19 1 3 15 0 10 17 5 13 18 16 11 7 9 2 4 12 8 14 6
7 14 0 10 17 3 4 12 8 16 18 15 11 2 1 9 13 5 19 6
12 16 5 10 14 17 6 7 13 11 15 8 4 1 2 19 0 3 9 18
7 4 5 9 12 13 10 11 17 0 19 2 6 18 14 3 8 16 15 1
1 15 9 6 19 17 16 2 7 14 3 0 18 10 12 4 5 8 13 11
44 27 8 74 26 10 66 88 44 88 52 12 3 8 85 66 29 12 55 57
70 4 83 93 11 25 85 34 46 47 89 50 87 40 15 33 31 43 47 48
23 10 90 36 5 56 36 64 45 78 82 93 7 66 59 48 27 44 37 59
32 80 15 47 70 65 20 4 42 86 36 82 16 30 68 65 62 63 81 46
89 4 17 72 35 54 18 31 26 56 61 8 72 73 80 93 34 98 6 54
54 69 26 49 13 91 46 25 40 35 89 88 70 63 80 79 16 28 69 77
4 27 63 80 57 63 23 8 86 77 44 59 31 42 13 29 1 47 47 36
67 87 57 85 7 14 71 74 88 40 45 98 94 3 42 100 64 47 81 40
83 5 85 78 49 53 55 80 85 34 44 53 99 49 64 50 52 24 22 27
22 26 21 26 92 38 25 24 100 40 70 3 78 14 47 88 64 69 26 58
97 47 89 14 88 55 71 52 78 48 97 10 17 45 8 30 14 55 11 8
12 84 78 44 8 98 88 47 19 39 16 63 77 18 86 36 2 26 30 16
70 86 57 96 36 33 44 54 14 16 95 76 81 64 23 47 71 20 77 80
79 45 19 38 44 43 85 83 51 6 67 43 83 69 10 86 68 13 33 21
59 17 62 51 57 60 50 47 35 92 97 26 31 76 68 93 63 65 85 85
23 34 55 53 7 19 7 58 15 68 40 32 21 27 16 100 71 49 66 63
69 70 57 14 63 80 67 24 73 83 8 56 39 3 64 50 46 52 11 10
39 53 36 66 96 51 68 11 100 87 87 6 37 84 47 89 37 45 11 84
73 59 90 42 97 22 33 97 2 37 56 97 98 56 27 22 3 80 46 46
41 31 70 85 91 27 16 12 9 79 23 96 56 87 44 35 100 6 56 29
87 60 69 100 50 91 44 25 87 18 76 88 22 68 61 92 58 20 15 26
11 70 90 22 93 42 81 76 85 22 6 30 61 94 63 95 18 21 12 59
21 71 35 70 74 86 4 55 77 6 58 67 17 26 81 56 99 72 24 87
4 43 2 20 14 11 2 35 98 48 34 39 93 46 16 85 75 22 57 77
11 52 1 21 30 57 64 87 69 51 90 98 84 50 89 9 12 21 78 58
17 11 80 43 49 1 41 60 36 46 10 40 44 44 3 14 44 55 31 35
48 27 23 56 80 16 12 11 97 72 46 62 24 18 81 23 93 64 44 55
81 54 10 43 16 6 63 87 13 8 61 83 55 100 75 40 83 68 62 64
27 19 24 80 3 22 64 72 83 55 29 77 90 53 85 56 21 23 88 45
56 85 9 89 80 1 16 82 85 91 67 16 69 65 70 5 19 98 26 69
86 82 71 36 49 72 25 88 51 27 41 32 14 21 27 93 63 78 59 100
19 35 62 58 16 87 43 37 1 27 31 89 65 54 79 79 17 12 5 52
76 80 79 63 23 18 63 48 73 77 5 14 59 47 41 99 51 29 73 54
15 89 75 13 35 56 62 71 87 19 83 32 42 54 26 92 56 23 88 88
2 2 74 97 78 65 81 91 16 59 59 23 48 61 96 79 77 84 95 16
60 23 74 83 36 58 4 45 69 66 94 17 54 83 70 47 21 19 87 80
33 95 14 28 89 49 62 36 57 46 79 90 29 67 14 76 77 85 42 72
94 72 60 39 94 78 94 87 53 94 34 74 87 75 66 16 98 97 89 52
88 84 99 71 3 35 1 55 47 73 25 66 2 44 89 66 41 6 85 4
88 17 47 71 44 80 84 66 76 17 72 78 2 48 72 28 8 34 68 39
13 66 29 33 93 77 68 60 84 81 66 10 65 80 55 47 72 73 22 42
38 85 30 72 91 44 71 39 54 12 52 83 36 84 45 13 33 11 72 68
97 17 61 21 58 44 61 49 96 43 23 56 4 73 22 78 92 15 30 10
92 26 72 75 97 33 66 94 86 40 88 19 78 25 86 46 29 73 32 47
31 14 10 85 28 68 24 70 42 45 44 55 1 50 17 76 78 5 64 47
80 62 72 15 45 88 14 66 3 24 95 43 92 45 38 79 37 74 82 80
19 2 41 4 71 18 7 82 48 27 39 100 52 95 57 22 34 39 66 10
65 40 36 66 24 58 23 2 43 13 86 31 83 25 100 64 18 47 20 87
26 59 70 24 49 92 15 24 88 19 45 43 27 3 83 9 69 23 46 100
70 83 91 88 67 89 71 2 42 97 93 65 95 64 9 69 89 49 17 12
