50 20
5 9 15 12 2 0 19 6 13 14 17 10 1 11 4 18 8 7 16 3
19 7 4 13 3 0 18 2 5 16 11 10 1 9 15 14 17 12 6 8
0 11 19 16 8 9 3 18 1 10 6 17 14 4 7 12 5 15 13 2
5 10 8 2 7 11 19 13 3 0 14 17 18 4 12 15 1 6 16 9
13 10 2 18 0 4 19 14 9 8 12 3 15 7 16 6 5 17 1 11
12 6 4 15 19 18 5 0 9 10 14 1 3 7 2 16 13 17 11 8
5 3 10 19 6 11 2 18 15 14 8 16 13 7 0 17 12 4 1 9
15 17 13 8 3 18 1 10 4 11 12 19 9 5 7 2 0 14 16 6
6 19 18 17 4 0 8 3 16 5 15 12 11 1 10 2 7 14 13 9
12 17 7 6 1 8 13 3 18 19 2 14 5 4 10 11 15 9 0 16
8 2 5 10 0 12 17 11 13 1 15 9 4 18 14 7 16 3 19 6
19 0 17 18 12 2 13 9 11 14 10 1 8 6 5 16 15 4 3 7
4 11 0 12 18 15 14 9 16 6 8 3 7 17 10 19 2 5 1 13
15 17 18 12 19 10 14 6 11 13 4 0 3 2 5 16 7 8 1 9
9 2 14 3 11 6 7 19 12 0 1 16 5 8 4 18 13 10 17 15
3 8 11 2 12 0 1 19 18 17 4 7 9 6 5 10 14 13 15 16
14 2 7 11 17 12 19 15 18 13 0 3 8 16 5 10 1 4 9 6
17 12 6 10 11 15 1 2 14 7 16 8 13 18 5 9 3 4 0 19
17 3 2 7 1 14 4 15 11 19 0 5 8 12 6 9 10 13 16 18
15 16 0 3 2 7 19 8 4 14 10 5 11 13 1 9 6 18 12 17
6 16 7 0 3 19 9 11 5 2 12 13 17 4 18 8 1 14 15 10
13 4 16 3 10 0 2 7 9 19 11 1 5 14 18 8 12 17 6 15
19 13 18 2 3 0 1 4 7 17 8 10 15 11 16 14 6 9 5 12
5 16 13 17 8 3 14 2 18 7 19 11 12 9 0 4 10 15 1 6
14 10 17 11 3 13 5 8 0 12 18 4 9 15 7 6 1 2 19 16
18 15 5 6 10 11 16 7 4 9 13 2 8 0 3 14 17 19 12 1
1 4 12 6 19 10 8 7 13 14 5 16 15 0 11 2 9 17 18 3
4 1 13 17 16 12 8 18 11 0 2 14 3 19 15 9 10 5 6 7
15 0 18 7 9 11 2 12 5 10 14 19 13 16 3 6 17 1 4 8
13 8 4 14 18 17 16 3 10 2 6 19 9 11 7 5 12 15 1 0
7 5 17 16 3 2 19 1 8 15 9 11 4 0 13 14 10 6 18 12
8 0 19 5 3 18 6 7 15 17 13 10 2 11 9 4 16 12 1 14
10 13 5 16 1 0 9 2 17 6 8 14 11 15 19 3 4 7 12 18
18 9 8 0 12 3 14 1 15 2 17 5 6 11 10 19 16 7 13 4
5 4 12 10 6 17 18 1 11 19 0 3 13 8 7 16 14 15 2 9
17 10 1 18 16 2 0 11 15 14 13 12 4 19 3 8 5 9 7 6
3 11 2 7 12 15 9 0 8 13 17 18 19 4 16 10 14 1 5 6
11 10 6 0 8 1 2 16 3 14 4 18 7 5 19 9 15 17 13 12
5 2 10 7 14 6 9 0 19 4 16 3 11 18 17 15 8 12 13 1
19 16 10 14 4 0 18 13 2 7 15 8 12 17 5 9 1 3 6 11
4 11 7 2 8 16 5 14 13 15 19 9 18 10 3 12 17 6 0 1
1 7 13 18 11 16 15 17 10 5 9 4 3 8 6 2 12 0 14 19
16 7 3 4 1 12 17 13 11 0 2 9 15 14 19 6 18 10 8 5
9 5 2 18 16 3 13 0 7 12 8 14 19 10 4 17 6 15 11 1
0 16 13 15 12 6 1 4 17 2 3 5 11 8 7 19 9 14 10 18
16 10 1 15 18 11 0 4 2 13 6 14 9 5 17 8 7 3 19 12
17 11 4 0 13 3 5 16 1 8 18 6 10 9 12 19 14 2 15 7
7 2 5 11 10 15 18 12 1 17 0 16 4 6 3 13 19 9 8 14
1 19 0 8 16 18 10 3 15 17 6 9 14 2 12 4 13 7 5 11
11 3 4 10 9 1 18 17 14 13 6 2 16 12 19 0 8 5 7 15
34 47 81 81 67 20 21 71 86 85 36 22 2 84 9 16 77 44 4 11
80 28 63 37 65 33 14 16 12 36 36 16 4 21 95 53 15 88 68 76
9 73 19 63 91 35 74 57 3 91 52 55 3 45 91 73 48 61 34 46
33 15 5 19 100 26 1 30 33 65 34 24 32 27 78 88 43 38 93 98
61 100 44 12 34 14 17 26 7 89 19 28 34 63 58 17 70 49 7 14
60 35 61 42 10 47 8 88 83 83 70 13 9 55 15 7 83 22 9 1
93 1 46 15 16 51 49 58 38 45 93 43 4 33 18 37 73 99 91 40
67 16 98 29 31 25 33 10 32 12 59 85 72 7 4 25 87 88 78 84
97 88 45 43 64 69 40 7 23 79 82 59 18 36 61 40 69 7 20 8
76 61 78 45 23 45 32 72 82 46 43 67 56 15 2 6 40 35 22 39
70 69 97 76 49 25 69 11 17 47 81 62 16 11 99 96 12 72 75 30
81 46 6 69 58 41 2 97 8 69 49 26 32 70 14 46 66 90 22 36
90 84 16 33 32 66 82 8 27 19 28 51 33 15 30 30 2 26 95 87
96 7 64 20 59 27 92 94 83 34 26 65 75 84 40 16 64 82 52 4
64 91 50 98 50 1 52 74 31 91 10 37 12 66 78 74 27 99 85 95
93 84 63 85 8 30 61 3 7 18 53 83 98 23 77 26 89 23 50 6
43 43 73 78 54 80 54 79 3 81 70 62 3 7 4 13 92 55 25 80
63 87 96 28 66 24 80 64 30 35 62 21 6 11 87 50 43 64 24 24
8 43 10 68 97 21 98 43 78 63 49 95 49 74 17 43 51 25 16 17
95 78 82 58 15 50 15 49 50 43 16 43 12 38 83 96 29 40 28 14
61 98 35 1 39 83 49 36 41 92 88 19 20 11 35 77 80 67 22 26
58 4 73 94 93 85 97 33 98 46 78 92 40 61 56 96 52 36 34 60
65 29 5 99 3 93 22 74 16 76 19 16 71 31 63 90 27 74 22 89
41 62 97 44 21 17 48 34 63 34 66 100 29 56 38 98 31 33 46 67
93 29 26 10 48 54 68 86 2 17 42 91 52 38 76 38 56 100 6 1
71 14 42 31 38 10 21 78 54 100 51 70 100 59 2 38 67 96 74 55
75 20 100 53 9 75 74 85 9 6 86 30 47 72 31 30 18 81 10 32
63 58 41 3 46 97 31 68 5 94 18 45 41 4 54 27 67 52 4 65
89 88 75 97 57 11 60 62 84 15 10 94 44 15 1 14 72 2 2 90
69 33 83 77 16 61 13 95 68 42 70 8 74 26 56 67 70 45 66 42
69 89 39 11 65 89 64 84 12 3 32 85 85 41 99 24 60 47 63 28
22 94 93 86 63 88 90 95 61 51 33 25 64 97 70 20 49 63 29 46
95 74 79 30 88 98 48 83 93 97 53 40 6 94 76 90 28 21 59 100
74 52 11 21 80 60 69 59 85 39 90 16 15 5 34 19 72 44 25 1
69 41 60 90 28 88 39 51 68 28 68 24 17 14 97 69 34 96 35 65
81 65 80 35 24 74 100 79 94 35 93 20 63 100 97 97 94 30 78 57
60 34 87 78 71 14 89 95 85 4 46 27 2 19 44 96 98 44 83 11
42 88 58 58 81 89 57 74 98 61 1 80 25 38 46 10 55 94 85 38
69 47 54 25 8 63 29 48 96 37 33 51 22 69 26 84 12 43 73 72
27 69 16 30 23 4 3 21 63 19 10 72 2 81 65 20 81 18 74 99
18 39 10 38 16 93 47 50 61 19 4 36 59 60 86 47 88 72 95 42
3 1 83 100 13 5 39 64 18 66 41 62 19 93 20 21 59 8 18 51
57 61 7 96 85 48 82 35 48 70 19 82 34 76 68 12 24 77 48 99
24 47 43 25 52 3 49 90 51 13 71 12 78 10 11 13 6 57 86 20
15 84 88 57 7 9 92 10 80 14 86 67 33 90 41 97 30 91 8 10
22 100 33 15 13 2 78 16 21 86 86 22 4 32 94 66 32 1 21 59
26 15 7 48 67 64 42 58 31 60 86 55 80 27 3 63 96 66 59 93
71 49 37 49 97 64 32 97 81 36 84 47 64 13 66 33 82 92 33 34
82 61 11 27 24 26 36 47 15 86 100 24 23 22 13 46 16 9 71 53
7 39 13 47 35 36 62 77 31 55 23 13 17 32 77 37 2 98 100 86
