50 20
19 4 17 8 7 9 11 13 15 2 10 12 18 3 14 5 1 16 0 6
8 17 5 9 6 11 4 2 3 0 7 1 16 13 15 12 19 10 18 14
8 19 0 17 6 3 14 11 2 16 4 1 7 13 18 15 12 10 5 9
19 16 1 3 15 4 12 11 17 6 10 5 13 0 9 2 8 14 18 7
3 4 19 13 12 9 16 14 6 1 8 18 2 17 5 7 11 0 10 15
0 5 6 14 2 9 4 7 16 1 15 13 18 8 3 12 11 10 19 17
8 11 4 15 13 1 10 12 3 6 18 0 9 19 16 7 5 17 14 2
2 19 10 15 13 3 8 11 6 4 9 12 7 5 17 16 14 0 18 1
16 11 0 15 2 7 18 9 3 12 1 6 4 13 17 5 8 14 19 10
17 4 18 0 9 8 3 2 1 11 16 13 6 14 5 19 10 7 15 12
7 15 13 9 14 11 2 19 4 16 12 6 5 0 18 17 8 1 3 10
12 9 19 3 10 15 7 16 14 18 0 2 1 5 8 6 4 11 13 17
17 10 6 7 19 0 8 2 11 18 16 4 9 13 14 12 5 3 1 15
8 10 12 17 1 0 16 19 15 13 14 6 4 18 2 7 5 11 9 3
9 16 19 17 13 0 8 3 4 2 1 6 5 15 10 18 14 11 12 7
18 13 11 10 16 9 14 1 19 12 7 6 8 17 5 15 3 2 4 0
1 19 18 15 12 2 7 11 10 13 6 17 0 3 4 14 9 5 16 8
18 14 5 12 4 7 1 13 11 3 0 15 16 17 9 8 2 19 6 10
3 8 16 14 7 9 13 18 0 12 19 15 1 11 5 6 4 10 17 2
0 13 5 3 17 14 18 8 11 1 9 12 4 2 6 16 19 10 15 7
6 5 15 17 3 0 8 1 14 12 19 18 9 4 7 16 13 11 2 10
11 17 13 4 0 3 6 14 5 9 16 15 7 8 2 1 12 18 10 19
19 5 9 4 2 3 1 18 15 6 11 16 12 8 13 14 17 0 7 10
0 18 11 4 13 12 14 10 3 2 16 6 1 9 17 19 8 15 7 5
13 7 8 1 14 3 9 0 11 15 16 4 10 2 17 18 19 12 6 5
4 17 15 5 8 1 2 18 10 9 16 7 13 12 0 11 3 6 19 14
5 17 13 6 11 10 2 7 9 16 18 3 15 4 14 8 1 19 12 0
2 0 19 6 18 13 17 3 14 15 7 1 12 8 9 10 5 16 4 11
6 5 1 14 18 10 15 7 12 19 4 11 3 2 17 13 16 8 9 0
16 9 8 15 13 3 11 12 19 6 18 5 4 10 14 2 7 1 17 0
16 4 6 19 7 18 14 15 9 11 13 12 2 5 17 0 3 8 10 1
18 13 11 6 1 0 3 10 19 16 12 15 17 2 7 14 5 9 4 8
13 16 18 15 2 8 12 17 0 10 11 7 1 14 3 4 19 5 9 6
9 8 18 6 10 16 11 4 17 15 5 19 13 1 7 3 2 12 14 0
9 5 6 16 10 4 11 2 0 1 12 17 19 7 14 3 13 18 15 8
18 5 16 15 7 13 0 11 2 9 12 4 3 19 10 1 8 14 6 17
12 6 11 15 8 1 2 18 7 0 4 10 14 9 17 5 13 19 3 16
7 5 18 8 13 19 6 10 2 14 4 11 17 9 12 0 15 3 1 16
13 2 11 7 6 1 19 10 14 18 9 17 5 4 16 8 15 3 12 0
16 5 13 12 3 10 14 19 17 7 2 4 0 18 15 8 11 6 1 9
1 3 11 13 5 15 18 6 8 7 2 16 10 19 0 9 14 12 17 4
3 8 19 9 16 7 4 2 17 6 15 14 18 5 1 11 12 13 0 10
10 2 9 14 19 18 15 6 4 11 1 3 7 5 17 12 8 16 0 13
12 11 9 0 19 8 18 13 5 4 3 16 1 7 6 14 2 10 17 15
8 15 6 1 4 0 17 14 5 19 11 13 9 18 3 10 2 7 16 12
14 9 16 13 11 19 6 1 12 0 2 7 4 3 10 18 15 8 5 17
4 7 1 15 14 11 9 10 3 12 0 13 16 6 17 5 8 18 19 2
6 10 19 14 17 5 0 3 4 11 16 15 8 2 9 7 12 13 18 1
6 3 5 1 12 15 8 16 14 9 7 4 18 0 13 2 10 19 11 17
8 9 3 7 2 11 1 16 17 0 18 13 14 12 4 15 5 6 19 10
34 45 30 27 46 41 29 40 94 66 54 30 74 59 54 63 11 60 73 47
20 13 15 51 7 10 60 93 72 38 52 65 30 23 70 65 46 11 31 40
95 12 37 9 6 58 8 33 21 64 73 62 64 6 65 8 61 11 73 60
56 50 2 86 45 79 50 67 1 19 33 32 64 66 43 42 32 88 76 41
59 95 79 71 80 62 74 16 51 75 1 13 20 91 84 60 21 84 26 75
4 35 44 17 98 35 46 24 8 60 90 75 28 13 9 83 33 27 96 87
62 61 60 60 77 22 56 9 55 36 57 95 32 86 4 58 43 52 84 22
58 62 43 91 74 60 67 11 28 29 22 98 71 65 52 85 14 90 52 88
85 66 31 20 62 67 16 84 32 28 51 55 29 79 37 53 90 83 61 84
33 28 31 64 33 64 24 31 63 48 21 67 83 85 28 72 69 78 99 82
96 73 82 30 54 90 9 86 22 56 18 16 8 80 12 6 81 50 96 78
19 1 75 57 62 29 89 19 88 22 65 80 50 31 93 29 92 55 43 84
97 51 37 81 10 80 68 49 29 86 95 7 94 64 80 45 22 23 26 15
11 62 43 78 22 83 90 47 72 8 93 83 59 8 63 85 43 77 78 22
27 41 10 56 46 28 6 94 49 89 26 55 71 93 54 3 73 83 3 97
64 37 39 71 40 42 48 59 79 65 32 9 20 40 49 43 70 64 81 55
47 98 5 85 39 66 30 88 39 3 2 24 97 19 96 18 8 86 78 80
55 38 17 66 31 19 80 1 95 41 76 100 65 100 7 17 1 69 34 19
41 22 65 97 7 84 8 54 15 23 49 71 75 84 77 64 10 92 75 59
45 55 70 62 77 59 64 85 58 26 99 28 65 43 80 57 46 33 38 73
57 29 88 34 72 82 62 85 55 25 59 42 29 31 11 100 19 86 95 28
35 53 31 77 21 85 72 34 81 89 69 10 24 17 54 19 14 72 4 49
10 10 5 33 77 11 96 82 31 9 71 5 35 9 91 91 1 33 57 99
76 91 93 95 67 13 99 52 63 66 87 40 36 9 47 34 13 56 81 56
93 59 66 80 70 88 78 2 2 59 88 54 9 63 32 99 1 23 8 19
95 29 55 18 17 28 88 56 68 97 26 72 36 96 31 79 57 65 18 11
16 63 90 50 76 29 24 64 59 65 76 64 11 30 19 63 58 72 31 26
64 38 2 76 97 49 16 43 44 51 51 97 100 89 14 68 69 8 6 65
17 98 96 90 85 30 36 17 45 88 12 43 40 27 95 26 50 21 57 36
93 46 87 84 70 84 16 35 33 85 29 67 44 77 50 55 43 10 39 25
42 20 71 56 74 78 38 12 63 70 81 54 61 95 70 69 6 6 99 17
19 72 26 7 98 90 91 15 55 97 83 17 42 43 78 29 39 20 4 97
5 25 88 44 60 59 18 49 35 75 34 99 3 43 10 19 21 74 67 35
86 68 51 70 89 7 21 34 6 81 93 96 85 88 61 24 85 46 46 49
34 61 74 52 78 94 35 79 26 54 38 96 62 29 30 77 86 71 77 68
38 90 72 33 67 25 99 41 68 11 80 24 73 47 83 47 89 92 26 36
31 35 20 87 12 9 8 88 77 47 70 48 28 50 66 35 32 34 41 88
63 9 8 21 5 32 3 5 55 91 58 92 79 57 47 7 76 60 45 61
73 25 40 51 80 84 72 33 29 88 30 2 86 84 44 3 54 10 82 46
68 35 13 60 42 76 20 12 56 22 53 2 58 14 31 90 46 52 8 1
59 8 17 56 28 57 45 77 62 74 93 52 40 2 86 46 6 70 73 87
28 23 99 92 9 52 22 11 23 84 34 31 79 15 99 50 86 48 37 94
28 35 58 17 44 7 37 79 20 51 87 57 49 14 98 83 63 55 97 18
77 29 46 77 59 53 92 1 37 31 42 62 78 30 59 70 98 2 77 22
51 79 11 59 65 33 14 23 53 71 49 50 19 44 29 47 58 72 82 64
4 50 67 95 18 56 29 100 16 38 31 94 74 60 31 61 14 23 83 20
12 74 50 92 83 81 80 19 45 71 30 88 93 17 90 30 63 15 82 54
1 68 55 77 30 38 23 91 26 94 80 4 50 65 40 96 76 56 92 57
1 4 59 61 41 48 45 63 38 18 61 54 82 6 19 12 10 66 77 19
6 1 35 27 84 57 65 97 1 72 63 16 34 29 23 13 55 41 26 91
