50 20
8 17 19 0 6 1 12 9 4 11 2 13 16 15 18 7 10 14 3 5
2 0 6 19 5 7 3 10 1 15 14 18 9 4 13 8 16 11 17 12
11 19 16 0 14 9 6 12 5 8 13 10 3 1 7 17 18 4 15 2
14 3 1 16 5 8 15 7 18 6 10 11 9 2 12 4 19 0 17 13
10 18 7 19 0 12 15 14 17 13 3 11 9 2 1 8 6 4 16 5
15 0 4 3 13 19 16 18 1 7 10 11 14 5 17 9 6 2 8 12
7 13 17 4 18 8 2 19 11 5 15 1 16 3 10 6 0 14 9 12
17 2 14 16 12 6 5 3 13 10 4 7 9 0 18 11 1 15 8 19
11 16 12 7 0 1 19 4 15 17 5 18 6 3 2 9 13 8 10 14
18 8 12 16 19 14 1 17 2 15 9 0 3 10 13 11 4 5 7 6
0 18 1 9 16 10 19 11 2 12 13 17 7 3 5 15 6 4 14 8
16 17 15 0 14 1 19 9 4 6 10 3 8 5 7 11 18 2 13 12
13 16 4 17 11 2 14 9 18 7 8 19 3 12 15 6 0 10 1 5
16 4 14 10 9 11 7 3 12 1 13 6 2 8 15 0 19 5 18 17
11 6 18 13 7 15 2 9 5 17 19 12 14 16 0 3 10 4 8 1
17 9 16 7 0 11 5 2 4 18 15 6 8 1 13 10 12 3 14 19
2 18 0 4 8 1 13 11 15 7 9 17 10 3 19 6 16 14 12 5
3 7 18 6 10 16 1 9 17 5 14 4 15 8 0 11 12 2 13 19
0 2 13 10 5 14 6 16 9 17 7 18 4 15 3 1 12 8 11 19
5 9 16 11 7 8 14 10 13 19 18 3 12 2 0 4 6 15 1 17
8 2 15 18 10 12 7 0 1 5 11 14 19 17 4 9 16 6 3 13
10 7 0 16 4 1 14 3 5 17 9 15 12 2 8 6 18 11 13 19
13 3 4 15 5 11 7 17 19 18 8 2 6 1 12 14 9 10 16 0
5 15 0 9 19 11 3 7 12 18 16 13 1 8 6 4 17 10 14 2
3 14 1 19 13 6 8 16 4 12 18 10 5 17 7 11 15 2 9 0
11 5 19 8 17 1 9 12 10 3 16 18 6 4 13 0 14 15 2 7
9 15 19 13 14 3 18 12 4 0 1 8 10 11 7 6 16 2 5 17
14 19 5 0 12 13 3 7 16 18 1 4 8 2 9 10 15 17 6 11
5 2 11 13 7 3 12 19 6 4 8 17 16 15 1 18 10 0 9 14
11 17 8 5 16 14 0 13 9 19 7 4 2 1 10 6 15 3 18 12
10 15 4 6 3 0 8 1 16 7 5 17 2 18 14 19 9 11 12 13
12 5 11 8 16 7 15 2 19 0 6 1 4 3 18 10 14 13 9 17
13 7 5 15 8 4 16 2 3 18 11 1 0 10 19 6 9 12 14 17
17 10 5 2 14 12 9 18 1 8 3 13 4 19 7 16 11 15 6 0
3 1 13 14 4 5 17 16 9 7 15 11 2 0 19 8 6 12 18 10
13 9 19 15 11 10 12 4 14 1 16 5 2 17 3 0 6 7 8 18
5 15 19 10 1 6 9 13 16 0 18 17 14 4 7 2 12 11 8 3
5 3 13 15 2 4 19 14 8 17 0 1 10 16 11 12 6 7 9 18
17 19 6 2 14 13 4 7 16 10 11 5 3 8 12 9 1 15 0 18
15 14 18 11 10 5 8 17 13 4 0 2 6 9 16 3 12 7 19 1
10 7 19 16 0 11 14 1 17 15 9 13 12 4 3 18 5 8 6 2
4 14 10 6 1 8 11 17 2 5 7 9 0 18 12 15 13 3 19 16
18 19 15 7 16 12 10 11 9 1 0 4 17 6 3 8 13 14 2 5
1 17 6 7 0 15 8 10 2 4 19 5 3 12 9 18 16 13 11 14
3 19 7 18 0 15 9 17 5 16 6 11 1 12 8 13 2 10 14 4
12 6 16 2 19 13 5 10 4 8 1 0 15 17 14 11 18 3 7 9
13 17 14 12 16 0 9 10 19 15 1 3 5 6 2 8 4 11 18 7
11 9 7 4 12 16 0 15 17 3 6 2 13 19 14 5 1 10 8 18
0 1 14 16 9 15 17 8 18 10 4 19 2 7 12 6 3 11 5 13
8 12 19 9 17 10 0 15 11 5 4 14 2 7 3 16 13 6 18 1
31 22 31 26 95 47 74 65 26 87 97 64 28 92 39 34 1 44 52 29
25 27 83 88 56 17 53 66 62 74 13 91 26 76 34 69 44 85 70 61
62 52 52 24 50 54 17 35 91 51 88 90 47 19 43 44 94 79 39 17
62 79 72 61 54 20 29 23 23 48 94 81 39 64 8 100 12 46 98 70
78 35 45 93 22 51 90 53 66 53 95 67 91 2 35 56 96 6 73 33
29 91 10 60 100 41 21 98 93 12 29 47 69 82 63 68 99 65 100 49
3 17 30 92 91 58 36 3 68 55 87 96 66 22 35 54 18 64 79 32
39 31 25 53 9 71 23 4 59 70 81 32 59 11 95 89 63 62 27 25
51 9 12 64 34 45 28 62 9 10 47 20 44 43 2 56 45 26 5 37
89 71 42 100 75 42 67 75 43 34 37 46 30 61 48 54 54 47 69 15
25 38 74 3 90 50 88 30 97 98 87 92 51 6 67 77 14 86 46 8
97 97 75 66 55 44 34 55 46 87 41 70 47 74 46 92 76 85 24 37
39 29 35 29 90 53 53 27 9 16 54 41 41 44 80 27 93 4 12 80
56 7 70 49 27 64 90 42 59 88 80 60 8 53 12 6 67 77 33 21
38 96 11 9 30 68 79 54 9 17 34 86 68 41 32 72 6 3 66 100
27 54 23 25 18 92 61 60 80 65 31 92 7 20 67 45 47 36 90 65
3 47 21 71 81 27 64 60 40 55 31 15 40 91 1 6 89 12 62 32
31 23 44 6 56 73 36 51 17 63 28 84 48 20 20 11 33 55 76 24
23 88 64 70 86 64 96 66 45 69 6 23 98 72 79 24 92 48 34 90
2 23 20 98 39 52 76 1 1 49 55 5 26 46 84 76 71 68 75 37
43 21 16 14 94 81 94 15 2 1 99 79 33 60 59 11 13 24 60 1
67 69 78 46 25 59 84 53 76 93 97 94 93 62 87 82 25 5 90 65
54 14 88 80 99 60 59 7 90 4 15 93 31 90 73 49 3 72 9 18
23 30 65 8 7 19 35 56 5 60 37 44 6 13 27 5 62 18 80 67
67 10 9 88 71 38 7 42 28 39 80 39 45 6 38 20 27 7 87 100
84 84 17 97 5 2 62 90 40 99 4 89 49 53 3 68 68 81 36 37
57 78 83 42 40 73 35 33 92 73 95 47 65 44 37 96 28 20 99 42
78 92 66 96 32 35 38 53 13 68 43 60 51 25 81 33 23 79 71 26
15 50 10 13 15 90 17 55 29 89 94 67 79 47 88 97 80 95 59 1
5 3 71 45 86 12 70 19 90 17 98 95 38 39 56 98 45 78 62 39
5 88 75 58 88 43 13 9 91 20 12 20 31 76 79 38 50 3 30 85
44 32 48 60 62 57 42 34 24 83 42 71 78 19 57 14 4 12 95 46
35 40 29 55 37 64 1 40 5 17 34 15 91 95 74 21 82 7 71 55
68 3 39 50 2 37 48 66 42 66 65 90 15 45 65 65 10 69 37 11
43 52 66 88 58 36 59 65 37 10 54 28 22 67 28 7 96 91 30 15
74 92 84 32 6 28 19 35 5 19 92 30 71 60 90 58 78 16 20 79
7 29 79 53 61 76 46 78 90 77 53 6 31 56 8 93 40 42 99 92
86 81 90 83 20 64 89 21 80 66 20 57 63 23 34 4 97 76 68 40
50 38 13 93 83 43 40 49 21 16 52 25 92 57 70 26 39 68 43 44
93 65 79 94 55 84 1 43 65 99 9 78 79 52 59 15 98 4 18 47
20 94 96 2 46 83 49 67 60 67 86 99 51 44 15 7 80 77 17 71
47 46 64 7 27 27 37 70 59 45 18 32 45 50 46 11 95 76 94 50
27 45 91 93 32 29 37 93 67 64 76 59 55 84 82 63 57 6 54 84
90 18 1 84 46 8 65 63 60 67 52 4 87 52 6 9 79 37 75 78
49 92 10 66 1 35 35 60 19 65 29 45 25 63 56 73 42 42 53 45
40 27 67 4 51 85 22 92 94 45 53 67 63 62 64 62 99 56 66 20
17 91 98 18 85 76 90 45 2 55 80 12 42 66 29 42 100 62 59 89
30 72 75 97 1 77 28 5 61 15 90 52 14 10 89 23 77 82 13 93
27 48 37 88 81 96 64 24 31 6 99 73 78 22 62 57 9 62 14 9
41 22 46 20 50 10 82 92 78 73 33 26 20 72 43 56 11 83 34 37
