50 20
4 1 11 16 19 0 6 14 10 2 8 7 12 3 17 15 9 18 13 5
9 19 17 15 13 10 1 14 6 5 8 16 7 18 12 3 2 4 0 11
18 17 8 19 15 3 10 13 2 1 0 4 6 7 5 12 16 14 11 9
3 10 13 4 8 17 12 14 15 18 0 9 19 2 6 7 16 1 5 11
14 17 6 13 9 18 12 2 5 3 0 7 11 16 10 19 8 1 15 4
5 15 3 11 18 17 9 10 7 0 14 19 6 1 2 16 4 12 8 13
7 13 8 17 6 10 1 19 5 4 3 11 16 9 15 18 2 14 12 0
13 18 8 3 0 15 4 7 9 12 14 16 17 5 1 11 19 10 2 6
0 14 6 8 12 10 16 4 13 3 9 11 5 18 17 19 1 2 7 15
7 11 15 12 8 2 0 1 4 18 9 19 16 17 10 6 13 5 3 14
19 2 7 13 16 4 18 9 15 0 14 11 10 12 5 1 17 6 3 8
8 9 17 12 5 4 13 18 16 15 3 10 11 6 1 2 0 14 19 7
16 18 9 7 11 4 13 3 17 0 2 6 14 12 10 8 15 19 5 1
11 13 6 17 7 12 2 1 8 9 3 18 10 4 16 0 14 5 19 15
18 13 10 1 15 4 3 0 12 17 8 5 16 19 6 7 2 11 14 9
18 9 1 10 16 2 6 11 3 17 19 0 4 14 15 7 12 13 5 8
19 8 3 16 17 2 10 18 12 9 6 13 14 5 7 4 11 0 1 15
13 18 17 2 14 1 10 9 8 5 0 3 7 11 12 15 4 19 16 6
5 2 17 9 19 1 6 16 3 8 13 14 10 7 15 12 18 4 11 0
4 2 9 13 16 11 19 0 8 14 15 12 1 6 10 18 5 3 17 7
18 10 0 6 3 14 12 7 9 19 13 17 16 4 11 15 8 2 1 5
9 14 2 18 10 1 12 19 4 7 0 17 11 5 8 6 15 3 16 13
12 9 8 7 6 17 13 3 0 1 16 2 10 14 18 4 15 11 5 19
11 15 4 18 14 3 7 1 10 17 0 19 8 2 16 9 12 13 5 6
4 11 9 1 7 0 6 12 3 16 17 15 2 5 19 18 10 14 8 13
7 8 11 15 12 2 1 0 13 10 14 17 16 4 18 9 5 3 6 19
6 13 19 12 18 14 9 7 1 15 10 11 2 8 4 16 0 3 17 5
18 5 4 15 6 13 2 7 9 16 10 1 0 14 8 19 3 17 12 11
10 18 15 0 2 11 1 14 8 9 6 7 12 13 4 19 3 5 16 17
17 7 14 1 18 2 9 10 19 3 16 15 4 11 0 6 13 5 8 12
15 5 4 0 12 8 3 6 14 17 11 9 7 19 13 18 1 2 16 10
5 9 8 18 14 2 16 13 0 6 19 4 7 11 15 17 10 12 3 1
1 4 0 16 19 10 2 9 14 5 18 6 11 12 3 13 17 8 15 7
18 0 5 4 15 3 10 14 19 9 13 2 8 1 7 17 16 12 11 6
6 16 2 3 11 19 9 8 17 4 10 18 14 0 5 13 12 15 7 1
12 11 13 2 10 7 15 14 4 17 0 3 16 9 6 19 8 1 18 5
14 8 3 12 9 6 19 10 15 13 11 2 1 4 7 17 16 0 5 18
15 11 12 0 13 18 2 5 3 6 9 14 19 4 16 7 8 1 17 10
14 12 8 9 11 7 2 16 18 0 17 19 6 4 5 13 3 15 10 1
10 14 6 1 0 13 3 11 8 4 9 7 17 15 16 18 5 12 2 19
17 7 8 13 15 9 4 16 12 1 6 10 11 19 18 0 2 5 3 14
16 19 8 10 0 13 15 7 14 1 12 5 17 2 18 3 9 6 4 11
18 19 4 11 1 10 9 12 6 17 14 2 0 5 16 3 13 8 15 7
13 0 10 7 9 8 2 3 12 15 19 17 14 6 16 11 1 4 5 18
8 6 3 0 11 10 15 9 4 1 18 19 13 16 12 2 7 5 14 17
9 6 15 17 5 1 19 2 10 18 7 12 8 3 16 0 13 4 14 11
8 18 3 12 17 13 4 10 6 19 9 0 5 1 2 15 16 7 14 11
12 2 6 10 17 18 16 4 15 7 8 0 19 5 1 9 3 11 14 13
14 16 9 4 11 13 8 19 10 0 1 12 3 5 15 7 2 17 6 18
18 7 10 6 8 16 5 11 13 9 3 17 19 12 4 0 14 1 15 2
9 19 97 30 30 89 6 56 95 99 53 79 57 5 43 70 64 89 15 84
100 26 27 87 85 97 98 75 94 10 16 72 61 72 50 26 44 19 69 53
72 80 15 24 86 22 81 45 43 45 98 77 40 32 14 22 9 23 100 55
57 53 100 95 62 8 37 7 34 85 38 5 54 32 22 51 9 44 83 19
40 18 69 76 36 18 99 93 2 49 88 17 92 4 34 76 42 83 32 75
51 64 29 80 22 24 24 49 26 91 96 71 97 6 78 91 65 96 100 8
65 71 63 74 13 70 77 8 66 77 95 42 67 40 38 90 80 68 98 72
52 10 29 4 7 85 56 6 32 36 91 76 52 93 55 59 31 52 50 42
68 92 1 21 41 26 40 51 92 19 12 71 23 11 67 39 80 49 96 96
31 77 89 36 92 49 21 51 60 52 56 59 79 86 36 86 23 86 50 80
70 19 13 40 25 59 48 1 48 22 18 74 56 68 7 40 25 54 52 71
20 35 20 46 37 39 82 81 2 10 86 9 24 66 13 87 25 47 35 46
94 68 55 11 42 29 28 65 6 94 46 78 69 82 81 83 23 3 91 48
2 46 23 79 34 78 4 97 49 83 96 21 24 69 65 53 27 29 66 72
28 69 67 48 66 38 16 21 31 85 55 79 83 60 99 64 97 25 84 28
94 29 21 49 19 51 5 1 100 86 75 38 74 59 26 63 30 94 71 98
94 59 16 26 77 43 10 96 40 32 82 17 19 97 34 14 88 79 38 83
90 53 8 16 97 78 84 66 3 93 30 77 91 57 63 65 69 71 48 56
45 63 20 22 2 35 42 89 43 39 28 7 59 24 26 20 2 80 21 20
56 74 67 90 85 2 52 39 41 88 46 54 5 74 64 6 52 99 75 62
37 75 12 63 42 18 97 93 20 40 40 50 15 35 85 87 57 30 7 48
21 5 28 28 22 44 2 86 100 30 84 58 32 95 46 68 49 25 36 90
4 81 74 35 35 28 79 99 96 30 16 4 27 49 25 64 84 90 86 66
82 42 15 23 66 75 38 84 58 92 38 53 99 51 94 71 15 36 45 1
6 22 45 89 28 65 4 6 4 23 42 74 88 71 30 17 42 80 92 22
99 25 11 80 60 59 92 89 24 24 93 79 57 7 49 63 11 92 72 63
57 63 96 34 24 73 39 82 98 29 39 9 19 21 53 84 41 72 34 99
36 99 25 88 74 41 41 79 76 96 62 69 54 97 30 81 34 27 86 23
38 73 9 27 69 22 90 2 66 99 71 65 82 31 82 56 90 54 88 87
33 48 44 68 55 66 8 34 87 21 30 24 14 43 84 29 22 99 75 23
24 76 49 83 81 58 22 52 50 44 16 87 86 27 83 66 23 13 15 44
13 59 51 53 84 58 62 98 37 80 8 53 32 83 7 99 95 91 74 34
36 9 86 16 64 84 61 41 55 43 50 30 68 34 10 18 23 70 96 10
3 22 84 94 26 7 43 77 51 77 90 95 26 73 15 52 37 12 75 35
41 91 60 91 97 11 75 35 81 88 7 34 96 41 40 24 93 6 17 77
61 33 10 63 82 95 44 32 69 86 44 28 1 21 62 91 83 82 82 51
26 47 62 41 7 19 17 83 45 37 54 86 36 39 47 50 48 27 77 24
74 5 59 21 64 87 55 59 68 20 67 56 56 88 83 30 19 68 67 70
60 94 82 45 57 23 92 56 46 89 62 29 84 66 24 78 32 93 79 63
74 79 29 67 8 42 48 39 87 69 42 77 82 3 23 85 97 1 50 39
87 63 53 79 5 18 62 88 56 76 26 18 100 84 1 8 73 94 83 94
17 40 62 82 89 59 10 38 83 92 69 45 50 92 81 69 12 77 5 40
57 51 14 19 45 8 26 19 94 24 17 59 82 77 58 66 16 34 58 73
62 37 9 40 24 56 99 20 56 78 54 3 84 36 71 35 25 50 79 50
1 83 80 44 6 60 97 13 71 43 68 66 79 66 16 28 39 78 57 1
39 48 94 24 73 50 65 63 4 97 72 16 32 53 73 11 58 14 46 21
38 43 77 70 95 19 90 32 70 36 41 86 50 93 67 1 48 4 78 98
2 17 10 5 63 92 92 59 84 76 40 52 54 52 56 86 21 20 80 14
42 66 88 55 17 20 70 9 59 56 80 30 2 70 20 14 15 63 58 12
30 31 9 1 75 56 37 63 91 78 61 59 72 28 87 84 78 74 76 47
