50 20
6 8 12 9 18 2 17 19 3 13 15 10 16 1 11 5 14 0 7 4
6 11 1 17 7 0 3 13 15 4 2 18 19 16 14 9 12 5 8 10
18 19 4 11 15 10 7 9 8 3 0 12 6 1 5 14 17 2 13 16
12 10 5 17 15 8 4 14 11 18 0 7 9 2 16 19 13 6 1 3
11 15 9 14 16 0 13 12 7 4 19 3 17 10 18 6 2 1 5 8
15 19 17 12 3 6 0 5 11 2 9 10 18 4 1 16 7 8 14 13
1 6 19 16 10 18 7 2 9 15 17 14 8 13 4 11 5 3 12 0
13 2 3 7 18 19 9 10 16 14 1 15 12 5 8 0 11 17 6 4
13 4 6 8 15 17 16 2 12 19 11 18 5 0 14 9 10 3 1 7
19 10 3 12 11 9 0 6 18 5 15 16 17 2 13 7 8 1 14 4
12 17 7 11 1 5 19 3 16 4 9 13 0 18 10 8 15 6 2 14
14 6 0 4 10 2 8 15 3 9 19 5 13 12 16 11 17 7 1 18
6 19 3 9 12 0 14 8 2 7 13 17 4 1 11 16 18 15 5 10
6 1 19 15 17 16 11 2 14 8 12 5 9 0 4 18 7 3 13 10
4 18 8 16 12 11 0 10 15 7 2 6 19 17 13 14 1 3 9 5
5 3 17 18 6 13 1 14 10 9 16 7 19 0 15 11 8 2 4 12
19 15 6 10 14 0 7 17 9 5 18 16 12 1 2 8 4 11 3 13
11 7 17 6 1 9 18 4 5 12 3 16 2 10 8 13 14 15 19 0
2 14 0 4 17 9 19 10 7 15 5 1 13 8 6 11 3 18 12 16
0 8 11 4 9 7 10 18 1 6 19 14 12 16 2 15 3 5 17 13
3 10 8 6 2 12 0 5 19 9 4 18 16 1 14 17 11 15 7 13
5 12 7 10 19 3 6 0 15 11 18 14 9 1 8 17 4 16 13 2
10 15 8 7 2 0 19 16 14 18 6 9 5 4 3 12 11 13 17 1
4 18 13 7 15 12 2 3 10 19 17 16 0 11 8 5 1 9 6 14
18 0 7 9 19 6 13 17 8 4 14 10 5 12 11 2 15 16 3 1
4 10 13 0 5 12 8 3 17 19 1 15 11 2 6 18 16 9 7 14
6 11 8 17 4 14 19 10 18 2 0 5 12 13 3 15 7 16 9 1
9 5 2 8 13 18 3 15 6 12 1 0 7 14 17 4 11 10 19 16
16 3 5 7 9 10 18 11 0 8 19 1 15 17 13 4 2 12 6 14
1 6 7 8 17 3 14 13 11 5 18 10 12 16 2 19 4 9 15 0
13 14 7 4 1 9 10 17 0 6 2 12 3 11 5 8 18 19 16 15
7 9 8 18 13 19 1 16 2 4 17 5 15 12 10 0 3 6 14 11
3 15 6 17 11 19 18 9 7 13 12 2 14 8 1 0 5 16 10 4
18 8 12 16 11 3 9 0 15 6 1 19 2 7 13 5 10 14 4 17
19 13 17 15 1 5 16 14 10 11 7 8 6 18 3 0 2 4 12 9
16 15 1 14 0 10 9 4 11 8 18 19 3 5 12 17 7 2 6 13
16 6 5 10 9 0 1 18 2 13 14 7 4 17 15 19 12 11 8 3
4 13 2 1 19 3 11 10 8 14 6 15 17 18 12 16 5 0 7 9
0 9 15 17 7 11 19 16 2 6 1 3 5 10 4 8 18 13 12 14
3 14 6 9 12 13 7 17 0 2 11 10 5 18 1 16 15 4 19 8
12 19 1 13 2 4 16 14 7 10 15 5 8 17 6 3 11 18 0 9
12 6 16 13 19 7 8 15 1 4 3 17 10 2 9 5 0 14 11 18
3 2 4 5 13 9 6 11 10 19 16 7 14 8 12 15 1 18 0 17
12 16 14 4 7 13 3 15 6 11 19 18 8 17 9 10 1 0 2 5
0 17 16 3 10 5 1 12 9 4 8 11 6 15 7 19 2 13 18 14
7 8 4 9 15 19 5 6 12 16 0 11 1 14 17 13 2 18 3 10
7 5 1 9 0 10 17 19 11 14 3 13 2 16 8 4 18 12 6 15
19 1 11 18 2 10 12 7 5 8 0 3 15 17 14 16 9 4 13 6
16 9 17 12 4 7 2 0 6 13 14 15 11 3 10 18 19 8 5 1
17 10 18 0 3 9 4 15 5 2 13 12 16 11 1 14 6 7 19 8
91 7 74 3 76 34 40 54 25 24 15 75 68 94 100 73 8 90 42 79
65 37 67 53 51 85 24 40 73 48 51 75 4 39 74 77 72 70 68 56
4 70 49 45 23 43 46 81 25 57 5 9 69 18 100 83 95 26 84 89
83 92 46 15 78 34 16 3 24 65 45 82 9 44 13 22 81 89 77 56
80 27 52 45 16 95 68 24 5 31 49 80 5 27 27 97 63 82 49 7
6 63 90 4 36 99 99 1 28 81 58 85 30 57 69 56 18 46 44 34
64 52 44 98 10 50 86 84 68 25 91 21 11 7 49 44 31 7 67 68
41 53 74 80 68 95 71 43 42 87 94 7 30 66 84 42 87 37 1 31
18 52 40 31 70 30 80 48 6 60 36 66 70 28 12 17 31 97 40 72
86 75 59 56 81 69 7 51 88 59 86 57 47 27 37 89 2 11 15 20
58 72 92 23 100 52 86 58 72 55 34 100 27 32 29 83 68 35 88 38
84 100 14 17 88 66 92 30 51 17 14 48 65 84 95 34 2 2 22 57
69 58 42 90 74 42 30 24 96 82 7 79 16 47 9 2 68 70 53 81
69 10 21 57 2 58 85 50 55 10 47 80 4 62 50 28 37 15 79 72
97 83 63 81 36 40 78 85 46 94 35 48 40 11 72 61 29 19 25 55
6 4 64 16 71 45 29 15 82 30 46 54 22 20 34 85 31 79 62 88
26 82 28 18 20 41 33 17 9 87 30 7 75 63 75 38 15 16 54 12
31 72 65 65 47 30 17 36 77 42 87 89 6 65 9 75 87 4 4 40
8 77 93 50 42 35 47 93 16 35 44 99 47 35 10 36 95 45 41 37
12 46 62 15 64 39 88 36 19 70 78 88 57 69 39 57 77 77 51 52
50 2 32 52 45 60 28 7 49 24 27 46 28 7 67 34 7 47 12 4
11 92 26 69 67 23 70 65 93 89 30 13 74 21 37 37 24 35 58 44
81 20 81 76 86 17 52 45 68 82 96 39 68 66 12 77 61 17 84 69
54 14 21 97 75 35 57 39 72 74 9 43 94 20 33 81 6 49 39 52
62 6 63 54 14 76 55 79 90 55 22 41 65 16 29 63 92 52 39 69
53 76 70 14 31 12 83 89 32 42 67 56 52 20 80 55 69 27 44 58
49 34 3 56 45 96 62 47 76 51 37 6 54 65 92 21 82 23 65 33
7 97 17 22 73 74 21 3 34 48 3 47 4 48 88 16 92 81 7 32
72 9 85 83 84 23 79 20 96 42 61 13 97 69 12 69 74 2 3 87
3 55 91 63 79 42 45 32 58 82 7 88 21 17 97 40 9 45 22 57
2 51 66 39 78 1 7 63 26 49 16 100 20 86 89 34 2 91 33 58
72 46 77 38 43 88 80 35 19 91 74 68 69 98 67 93 11 5 72 3
77 26 81 63 21 63 48 90 15 99 20 3 11 38 15 84 38 3 27 90
95 58 48 7 83 15 74 54 40 51 72 18 28 50 81 58 8 1 4 99
56 81 8 69 10 58 27 59 84 4 72 49 13 16 84 5 17 80 76 93
41 8 53 75 98 25 57 67 30 56 4 72 36 56 83 55 19 91 71 26
22 43 36 23 38 12 75 15 47 14 85 4 40 1 98 79 31 75 74 56
33 63 77 81 15 57 46 18 18 14 17 83 49 38 16 3 52 64 29 76
51 44 5 76 91 25 53 40 13 51 95 73 75 49 34 34 39 96 58 95
14 85 25 63 92 92 54 93 16 72 78 16 55 54 33 86 88 15 55 54
75 91 43 22 24 79 50 37 49 5 79 62 34 46 48 96 49 1 72 36
36 6 60 26 87 18 49 48 2 90 25 29 37 48 11 73 53 93 76 77
78 90 87 28 9 96 91 2 73 21 42 30 29 79 53 5 58 6 58 12
81 23 3 44 94 72 20 43 72 69 59 12 84 80 39 90 22 96 55 42
48 68 85 9 87 3 64 50 35 37 15 100 62 86 12 1 62 53 89 18
47 59 75 36 76 38 41 88 36 9 72 80 99 38 45 1 51 56 42 83
37 89 46 96 89 39 28 37 5 39 64 32 63 53 21 64 23 99 15 9
77 61 52 63 88 50 93 35 72 99 5 95 86 97 5 5 83 92 5 84
15 60 64 42 85 22 19 76 60 3 31 75 80 21 6 48 84 42 16 99
53 78 18 22 30 87 64 86 40 59 18 80 97 9 25 53 43 56 85 67
