50 20
14 11 12 15 10 16 1 17 7 4 3 18 5 8 6 13 19 0 2 9
5 0 3 8 4 6 13 17 15 14 12 2 7 1 16 10 9 19 18 11
9 10 17 0 19 13 14 1 2 18 5 15 7 12 11 16 3 4 8 6
16 15 5 11 7 0 9 13 2 10 19 12 1 3 4 18 6 17 14 8
4 18 13 16 7 14 11 12 15 6 8 5 2 10 0 3 9 1 17 19
19 16 13 18 2 12 14 10 11 6 7 0 3 1 4 9 5 17 15 8
2 5 6 13 15 8 18 1 19 10 0 7 12 9 4 17 14 3 11 16
11 16 17 6 15 14 8 12 7 4 13 10 9 2 0 18 3 1 5 19
2 10 15 1 13 8 18 3 5 19 7 0 16 12 6 11 4 14 9 17
12 5 8 4 10 16 14 19 1 6 3 7 2 9 17 13 0 15 18 11
14 7 6 18 11 5 17 19 8 0 9 1 16 12 10 4 15 13 2 3
14 18 6 16 5 10 15 4 17 11 7 0 12 1 13 2 19 8 9 3
4 17 16 10 7 3 11 6 8 9 5 15 12 14 2 0 19 13 18 1
7 5 4 3 11 0 14 18 15 12 19 13 1 9 10 8 2 6 17 16
6 15 16 9 10 8 14 3 5 19 18 13 7 0 12 1 11 17 2 4
0 19 11 15 1 7 5 6 9 18 17 14 8 2 16 13 4 12 10 3
19 2 15 6 14 16 5 17 3 12 4 8 10 1 9 18 13 11 7 0
0 7 6 9 16 14 10 8 11 1 12 17 2 15 19 13 18 5 3 4
5 6 16 17 9 8 2 1 12 15 19 13 3 18 10 4 7 14 11 0
12 13 18 4 11 5 8 16 17 10 3 14 2 1 15 19 9 0 7 6
12 18 14 5 0 9 17 10 4 8 15 11 19 13 16 7 2 3 6 1
7 0 16 14 3 1 18 8 13 9 10 19 17 4 12 6 2 11 15 5
13 12 7 9 10 11 4 19 5 0 3 16 18 6 17 8 15 1 14 2
1 2 19 5 10 15 17 16 3 14 12 8 9 0 18 4 11 6 7 13
17 10 16 8 18 11 4 14 3 1 15 13 12 0 19 5 2 6 7 9
18 0 17 1 11 16 4 14 6 12 10 2 9 3 19 8 13 5 7 15
10 16 4 13 0 7 1 9 5 14 2 6 15 3 17 19 8 12 11 18
13 0 2 10 5 8 6 12 14 1 4 7 15 17 16 3 11 9 19 18
4 18 11 15 10 1 2 12 19 13 7 17 5 9 14 6 3 16 0 8
15 2 6 7 4 11 8 18 10 0 19 3 5 1 17 14 9 13 12 16
2 4 9 10 5 13 3 17 0 16 18 15 8 14 12 6 1 19 7 11
12 5 14 17 6 15 8 4 16 19 13 3 1 11 0 2 10 7 18 9
10 15 9 0 11 16 19 3 18 17 6 2 14 1 12 5 8 13 4 7
17 15 1 2 10 3 19 12 14 8 18 7 16 11 13 9 6 0 5 4
5 4 0 13 3 7 14 12 11 6 1 2 17 18 15 9 16 19 10 8
3 15 4 10 12 9 19 11 2 16 18 0 13 17 7 5 6 14 8 1
6 14 1 0 11 7 17 13 10 5 15 19 9 12 16 8 3 4 2 18
1 6 14 5 7 0 13 18 16 12 8 2 3 15 4 11 17 10 9 19
11 7 9 3 14 1 4 15 13 19 16 8 18 6 17 12 0 5 10 2
1 17 16 11 4 6 10 5 7 8 13 14 9 2 15 12 0 18 3 19
19 4 9 15 6 13 18 11 8 10 17 16 0 1 12 2 14 3 7 5
16 5 4 19 1 2 6 11 8 18 7 12 9 3 14 10 0 13 15 17
10 6 4 16 19 11 13 18 8 12 14 15 5 9 7 2 17 0 1 3
13 5 11 7 4 3 6 15 10 19 9 14 0 12 1 17 16 2 8 18
11 0 9 3 13 1 12 14 10 15 7 8 5 17 16 19 18 2 6 4
18 2 1 10 17 3 4 5 13 19 14 9 8 7 6 12 11 15 0 16
1 11 6 3 14 17 4 7 5 9 13 12 19 15 16 8 10 0 18 2
17 10 14 12 15 11 6 9 7 13 16 5 19 18 8 1 2 3 4 0
14 5 1 10 7 17 11 6 19 2 16 12 18 4 3 9 15 13 0 8
1 4 15 7 13 8 16 5 3 11 9 17 2 6 14 0 19 18 10 12
91 64 54 3 66 81 94 56 46 99 8 27 5 76 48 85 23 80 28 95
75 15 11 13 55 5 73 36 74 36 76 43 14 48 37 70 40 100 59 71
51 3 21 29 88 2 29 95 8 69 57 96 12 45 3 49 63 25 5 10
98 44 85 54 22 79 89 53 9 89 82 96 31 70 38 55 53 39 99 72
58 92 35 1 44 49 4 19 96 52 27 88 4 23 84 58 96 55 11 54
39 36 44 21 50 6 54 86 62 97 71 33 69 36 89 12 50 28 34 19
36 26 47 73 19 80 100 12 24 95 66 51 79 87 47 38 11 80 90 84
18 45 12 21 28 27 55 41 97 80 29 69 76 56 85 47 69 84 29 96
53 55 8 6 41 95 55 61 21 76 54 47 32 41 5 86 38 58 23 52
95 5 54 50 45 95 86 91 86 35 93 22 19 78 9 97 76 66 60 70
91 37 56 64 70 70 38 44 95 3 29 86 73 72 20 9 89 100 18 86
26 95 85 94 87 10 85 17 23 28 63 8 95 85 19 34 1 77 50 98
86 92 79 5 22 27 40 15 19 21 18 75 86 15 79 55 97 65 26 22
92 32 19 48 81 55 59 28 21 72 71 32 43 5 73 76 13 100 17 95
62 14 52 69 86 49 49 83 94 3 23 73 84 9 4 5 100 43 89 19
94 20 2 44 39 71 11 63 62 45 92 7 100 53 86 97 11 36 23 15
96 99 94 53 44 48 70 29 76 55 96 7 96 49 41 76 95 15 9 8
77 96 77 37 65 5 99 84 21 94 82 5 59 70 51 82 84 6 17 62
63 67 62 23 79 56 54 26 15 91 27 50 1 53 16 95 35 24 35 29
5 95 74 4 66 53 90 42 74 62 81 99 11 29 35 8 99 18 1 13
1 42 65 80 61 1 74 52 31 41 78 75 85 5 43 97 67 71 86 65
8 10 42 51 81 74 49 89 53 29 75 12 66 21 29 26 55 89 15 70
22 27 44 20 18 100 70 21 48 95 92 62 21 100 94 51 4 6 25 69
59 45 83 72 54 44 11 97 30 41 21 88 39 43 25 3 46 73 86 59
44 30 41 78 89 15 32 47 43 17 73 32 60 20 90 40 97 35 14 41
61 16 76 89 12 77 95 12 1 39 80 24 3 56 17 62 94 44 50 40
3 50 91 53 81 67 10 91 97 21 91 3 59 35 11 31 73 3 20 82
25 86 60 47 64 10 11 30 53 89 19 88 10 46 71 6 98 92 93 15
30 40 49 2 57 92 66 29 21 3 84 16 67 68 58 87 69 84 85 17
19 30 24 58 14 38 65 34 34 63 98 8 13 2 58 34 63 81 75 47
73 82 19 92 39 61 12 1 3 41 39 6 64 61 46 45 3 95 60 1
30 14 99 20 43 78 40 43 31 10 42 41 58 4 18 51 77 45 93 74
68 53 44 30 37 3 28 36 7 65 30 64 98 22 5 66 77 93 60 16
72 51 9 8 34 15 46 36 48 82 2 93 41 20 70 97 62 58 78 94
77 45 78 65 65 82 55 51 93 95 28 69 46 71 65 24 6 17 96 13
3 95 2 76 66 20 77 95 100 35 74 35 8 37 63 56 82 87 11 94
21 95 38 79 18 34 82 61 3 62 32 15 44 15 44 61 95 49 84 48
13 20 58 80 76 30 69 83 75 54 46 10 15 96 94 99 89 19 41 40
61 32 59 97 8 10 83 56 34 21 57 94 56 64 32 51 46 39 37 12
31 91 92 94 68 11 10 68 4 17 75 38 88 70 77 59 79 99 19 20
92 50 23 100 74 83 83 94 39 33 28 5 20 22 100 96 43 67 36 64
69 20 42 66 75 38 1 92 96 51 38 98 52 56 54 31 33 4 60 1
10 32 14 4 31 10 4 87 38 58 3 75 65 61 41 8 68 35 22 52
74 72 79 55 61 81 46 13 35 22 28 75 63 93 64 99 66 85 1 23
45 38 50 25 94 32 17 43 44 54 3 81 60 58 43 54 90 82 53 65
42 38 9 62 9 57 20 82 12 19 48 91 20 52 10 89 62 84 77 18
3 50 29 39 69 90 35 59 11 55 65 62 67 26 28 25 48 50 62 71
67 99 70 95 38 2 100 89 62 93 51 54 31 7 25 95 42 97 42 7
72 5 96 93 4 73 39 30 38 40 1 92 20 44 89 24 48 30 64 35
76 95 28 66 43 13 19 57 35 59 100 85 37 15 86 4 66 32 65 66
