50 20
11 15 9 8 7 16 14 0 4 13 1 19 10 2 3 17 6 5 18 12
5 12 0 13 18 8 11 14 7 15 9 16 3 19 4 2 17 10 6 1
11 0 9 14 13 18 2 19 5 16 1 6 4 15 3 12 7 17 10 8
11 10 18 6 3 8 17 19 0 15 1 14 2 4 5 16 9 7 12 13
15 9 19 16 2 11 8 7 10 3 17 12 1 0 13 5 4 14 6 18
16 11 12 1 18 8 0 9 13 3 15 5 7 14 17 19 6 2 10 4
11 13 6 17 2 1 0 10 18 16 12 3 4 5 14 19 15 9 8 7
15 13 7 1 4 8 0 18 5 3 19 10 12 16 14 6 11 2 17 9
12 0 6 18 19 10 2 13 1 5 9 3 11 8 14 4 17 15 16 7
6 4 16 13 12 19 18 3 9 11 1 15 2 10 14 8 0 17 5 7
4 14 10 17 5 0 13 1 12 3 11 9 18 2 16 8 19 7 15 6
14 8 16 5 11 6 18 4 19 0 1 15 9 2 13 17 12 7 3 10
0 3 7 13 18 12 11 10 4 15 19 16 17 6 14 9 5 2 8 1
18 15 17 9 4 1 11 13 0 14 5 10 7 16 2 8 3 19 6 12
8 18 11 4 1 19 16 3 17 2 5 10 13 0 14 12 6 9 15 7
4 8 5 7 10 11 19 0 3 16 18 15 6 14 13 17 2 12 1 9
17 9 12 13 0 6 8 16 19 14 7 2 15 5 10 4 1 18 3 11
8 3 19 17 11 6 10 13 15 14 1 18 16 12 9 5 0 4 7 2
1 8 5 9 0 13 7 12 16 19 11 3 6 15 14 2 4 17 10 18
11 13 6 17 4 15 0 18 2 14 7 8 10 1 19 9 16 3 12 5
14 16 8 9 6 7 0 2 12 10 19 4 3 15 11 18 17 13 1 5
13 10 0 16 18 17 3 1 11 14 12 19 9 5 4 7 6 15 2 8
6 17 12 2 0 5 16 9 15 1 4 14 8 18 7 10 3 19 11 13
19 13 15 3 10 1 2 8 17 7 11 0 18 6 12 16 4 14 9 5
14 7 11 15 4 16 1 13 19 12 10 17 5 0 2 9 18 6 3 8
14 11 10 17 2 9 16 6 4 19 1 0 8 15 7 3 18 12 13 5
7 10 3 6 2 16 17 1 14 5 4 0 15 13 18 19 11 9 8 12
9 8 12 10 3 11 6 13 15 0 18 16 17 4 19 2 5 14 1 7
6 0 15 11 10 8 3 19 2 18 9 13 7 4 1 14 17 12 5 16
12 14 17 13 7 11 1 4 16 10 5 18 0 6 15 2 19 9 8 3
6 7 10 12 1 3 18 8 13 9 4 15 19 17 14 11 5 16 2 0
10 6 4 16 8 1 15 19 11 2 9 7 13 18 17 14 12 5 0 3
11 8 13 14 6 5 12 19 0 3 7 2 10 4 15 16 1 18 9 17
10 16 12 13 17 0 4 19 18 6 3 9 14 7 15 8 2 5 11 1
2 15 16 12 7 0 8 14 4 5 1 13 18 10 11 19 3 6 17 9
5 3 13 0 15 16 1 19 12 2 18 7 14 8 10 11 17 4 6 9
19 5 10 1 7 12 8 17 0 6 4 11 15 2 14 13 3 9 18 16
6 17 9 1 3 8 7 19 15 2 0 16 10 12 13 18 14 4 5 11
17 5 12 6 9 2 10 15 16 3 19 1 11 0 4 14 8 13 7 18
11 5 18 13 7 4 2 12 17 6 9 3 1 19 10 15 14 0 16 8
14 18 4 19 3 11 10 12 7 16 2 15 8 9 17 13 0 1 6 5
16 9 5 3 4 14 7 13 11 10 1 6 17 0 15 19 2 18 8 12
1 10 16 11 13 19 8 0 7 5 12 18 9 3 14 17 2 15 4 6
2 10 7 15 11 16 12 8 1 4 17 9 14 3 13 0 5 18 6 19
10 0 5 3 12 18 13 11 9 15 14 1 8 4 2 16 7 17 6 19
10 14 16 18 19 6 7 17 1 13 11 5 3 15 4 2 12 8 9 0
13 14 8 11 3 18 15 17 10 19 6 0 7 5 1 9 16 2 12 4
15 2 5 1 0 16 18 11 8 14 4 7 10 19 3 12 6 9 13 17
10 11 3 6 16 0 13 18 8 17 1 2 4 15 5 19 14 9 12 7
11 18 14 17 5 12 7 3 19 16 8 4 6 15 1 9 13 10 0 2
63 95 57 88 39 64 11 88 98 33 79 21 88 42 40 10 70 84 47 85
20 84 19 42 62 26 86 78 17 61 65 34 66 98 29 69 32 11 81 18
48 5 8 58 90 41 57 58 98 12 5 11 42 92 53 49 69 64 74 68
38 35 58 49 87 98 48 41 93 2 51 3 62 60 9 22 30 17 68 84
15 19 100 65 98 11 77 67 64 67 91 40 33 88 84 59 59 83 49 53
9 25 28 49 80 73 61 76 44 98 59 89 20 6 23 22 25 94 29 2
30 66 51 43 10 11 46 57 58 46 58 61 73 53 31 5 14 21 67 4
79 81 91 48 21 36 67 58 37 21 37 75 19 49 79 3 10 31 62 1
44 23 77 54 30 97 33 61 49 72 8 60 70 47 40 26 61 95 86 95
48 78 99 61 80 6 17 86 21 44 84 36 55 25 83 16 30 56 80 38
19 68 1 46 81 24 53 69 38 87 18 34 10 27 13 99 56 39 19 77
47 94 77 78 56 51 50 21 19 39 13 61 2 97 19 3 74 99 83 57
85 43 19 86 72 31 17 19 93 30 54 50 53 74 14 55 33 52 7 40
87 22 13 72 71 98 76 30 87 30 26 93 45 66 73 57 32 81 57 98
39 45 61 33 41 11 17 43 8 53 59 66 56 59 91 97 41 18 72 19
9 17 38 3 26 11 63 78 11 81 30 96 89 93 53 21 81 35 55 36
41 99 60 22 78 61 51 13 37 2 4 90 34 10 94 60 89 24 93 26
73 1 3 52 41 98 47 15 48 21 54 4 14 81 31 55 2 7 34 43
52 73 58 46 95 78 49 68 98 64 52 17 45 34 60 85 75 23 36 22
12 63 79 80 56 57 19 47 11 54 40 71 38 48 9 38 96 76 67 67
93 62 81 21 5 77 44 1 88 22 66 34 70 92 39 88 23 61 89 52
15 30 76 16 51 73 34 30 31 20 1 91 29 34 98 68 22 2 17 51
50 83 37 65 75 92 46 39 76 8 39 63 3 17 35 19 55 81 6 7
47 53 98 50 51 20 65 64 17 87 96 90 3 15 14 89 95 64 44 33
4 3 48 82 74 86 65 34 38 81 33 78 57 37 12 63 72 39 100 63
25 78 35 34 65 55 31 93 62 56 48 27 12 20 56 63 22 6 89 72
95 63 34 45 80 90 58 10 31 60 34 30 28 10 95 100 61 93 58 11
76 70 14 98 25 25 3 71 92 39 32 29 77 60 21 63 3 68 46 52
34 65 99 38 51 76 1 65 73 67 95 34 97 16 83 53 53 93 56 11
62 83 40 23 29 85 87 84 36 2 89 38 54 71 36 57 3 26 74 78
70 64 32 15 54 62 18 83 53 33 46 85 82 89 33 56 25 7 32 49
64 24 47 59 98 49 52 15 46 94 16 86 38 72 1 32 34 25 51 34
53 40 11 96 38 66 48 39 66 56 47 96 17 51 30 78 92 88 36 66
74 66 8 57 57 46 12 45 74 58 56 30 90 72 69 54 89 12 30 58
63 49 54 83 91 2 57 4 95 48 87 93 35 52 17 83 13 36 78 30
67 96 16 77 2 61 21 45 66 64 18 40 47 76 91 36 35 33 78 78
77 75 21 66 19 99 18 53 81 54 58 11 17 53 16 17 84 33 87 59
12 94 6 52 95 57 21 91 45 74 52 68 98 68 99 77 99 49 25 43
2 49 43 29 99 70 8 14 68 42 84 49 12 89 54 67 76 8 30 85
18 94 60 32 98 30 44 26 1 73 21 53 56 34 35 15 81 18 23 45
73 81 96 20 9 84 94 11 74 90 41 90 30 73 9 49 95 76 65 78
34 34 34 51 57 12 57 29 4 3 3 34 59 75 69 66 1 68 68 71
58 41 48 92 55 37 45 32 7 47 13 69 42 66 14 63 63 95 66 46
43 47 63 97 80 76 62 64 71 40 20 8 42 37 46 55 46 35 33 7
42 7 55 74 27 42 58 28 62 52 58 60 43 42 70 7 88 85 22 54
59 21 98 7 50 61 58 82 64 66 42 46 73 59 74 26 69 95 85 76
71 97 77 37 2 40 78 95 8 21 7 8 98 59 68 6 5 98 10 67
95 73 89 9 79 56 30 57 48 4 55 56 75 27 94 50 22 81 60 32
2 23 79 36 3 53 35 98 84 68 68 47 100 83 9 3 51 77 13 82
59 43 67 92 85 58 52 20 99 33 37 53 71 7 85 54 17 14 20 52
