50 20
5 3 2 7 8 10 16 1 17 11 14 4 19 13 18 15 9 6 0 12
13 14 10 5 17 15 7 6 3 9 1 16 8 0 11 4 18 12 19 2
0 16 1 10 11 6 9 15 8 13 3 17 12 19 14 18 4 5 7 2
5 6 17 10 14 7 1 4 11 2 15 13 0 12 9 18 3 16 8 19
8 3 17 6 16 19 9 15 18 14 12 13 11 1 4 7 5 10 0 2
19 15 13 8 17 7 11 0 3 18 6 5 2 12 4 10 14 9 1 16
14 13 3 0 10 8 5 11 12 4 9 19 16 7 18 6 17 2 1 15
19 12 0 5 8 10 18 2 13 7 1 3 11 17 14 15 9 6 16 4
12 19 7 11 14 10 15 13 5 17 2 9 4 6 8 18 3 0 16 1
16 0 11 14 5 4 10 2 13 12 9 7 6 19 18 8 17 3 1 15
5 3 2 12 7 15 4 1 10 0 16 9 6 18 13 11 8 19 14 17
7 13 16 12 8 14 10 1 4 5 3 15 9 18 2 0 11 6 19 17
8 2 1 9 5 10 12 6 7 15 13 0 16 3 4 11 14 18 17 19
11 4 15 8 3 17 19 18 12 5 7 9 13 1 14 16 2 0 10 6
9 5 18 1 17 19 14 4 0 11 15 7 16 6 13 12 10 3 8 2
16 13 12 0 15 9 8 11 4 17 1 10 2 14 5 18 6 3 7 19
1 17 15 0 9 8 13 4 14 11 19 3 5 7 16 6 18 12 2 10
3 18 15 14 16 11 8 19 2 6 4 10 12 17 13 7 1 9 0 5
6 7 2 0 4 11 19 14 18 5 10 15 13 9 16 17 3 1 12 8
5 15 18 6 12 7 2 11 10 1 14 19 3 13 4 17 8 16 0 9
4 13 2 7 0 18 9 6 14 8 19 3 1 15 17 10 16 5 12 11
1 16 0 3 12 13 6 19 7 9 5 18 4 14 11 8 10 15 17 2
15 6 5 18 3 14 11 1 0 2 12 16 7 19 10 9 17 4 13 8
8 18 1 11 19 15 3 9 7 16 14 12 4 13 6 2 5 0 17 10
10 12 6 1 7 9 19 8 3 18 16 5 11 15 4 2 13 17 14 0
6 8 10 1 5 14 13 7 2 17 12 19 4 15 0 9 11 16 3 18
6 2 11 12 5 0 14 15 19 18 4 16 9 8 7 13 17 10 3 1
16 13 11 3 0 1 7 15 19 9 4 12 8 2 5 18 14 6 17 10
17 13 8 6 9 0 19 12 18 10 4 5 7 2 14 15 11 16 1 3
14 19 3 2 1 8 5 17 6 7 10 18 11 0 9 13 4 16 12 15
8 5 0 18 2 16 7 11 12 10 4 19 1 6 17 13 15 3 9 14
18 9 3 19 8 12 16 13 15 5 11 6 14 0 7 17 10 4 1 2
1 10 15 4 0 6 12 8 7 17 9 16 14 19 13 5 3 18 2 11
18 2 5 7 4 9 16 1 10 13 0 12 15 8 6 19 17 11 3 14
8 18 3 10 4 5 17 6 9 1 12 7 15 16 14 2 13 19 11 0
2 7 15 9 3 1 19 17 5 0 18 10 4 11 16 14 6 8 13 12
9 1 6 8 14 2 0 12 18 3 16 5 13 4 19 11 17 15 7 10
12 16 19 3 8 5 6 0 10 14 4 11 2 18 13 15 7 1 17 9
8 1 13 2 16 3 17 14 4 7 11 10 18 12 9 6 19 15 5 0
7 1 0 19 5 6 15 18 2 3 13 11 16 10 14 9 8 4 12 17
5 4 12 11 8 6 9 1 13 17 7 18 19 14 16 15 3 2 10 0
18 15 17 2 6 16 12 0 1 5 10 13 4 19 14 11 7 9 8 3
0 4 17 1 8 9 18 2 13 3 19 6 11 7 10 14 5 12 15 16
16 12 0 4 3 5 7 18 13 10 17 14 8 6 19 2 15 9 11 1
8 18 17 11 10 13 14 2 5 19 0 4 16 3 12 7 15 9 6 1
17 5 7 8 1 19 11 0 3 15 12 4 6 13 14 18 10 16 9 2
9 3 1 15 8 2 4 6 11 13 5 10 12 14 17 16 7 0 19 18
2 13 1 5 9 16 4 14 8 0 12 11 10 17 18 7 6 19 3 15
0 15 13 4 11 19 2 9 5 3 12 10 18 6 7 14 16 17 8 1
11 6 5 15 8 3 12 2 1 9 7 19 4 0 16 18 10 17 13 14
24 71 46 66 61 68 14 82 87 13 77 75 46 54 46 25 87 21 80 59
57 8 64 37 22 7 53 49 81 59 3 62 29 55 80 74 45 9 17 16
60 88 55 58 49 46 65 15 97 34 54 41 4 91 73 79 30 74 3 23
86 77 90 84 20 70 48 17 36 12 76 12 89 73 28 71 91 82 22 10
8 21 36 56 6 67 40 1 37 9 96 78 19 44 62 8 31 63 58 47
17 18 86 11 91 81 41 38 70 6 10 48 14 15 72 77 5 15 91 87
40 94 65 70 69 26 23 10 65 49 13 94 58 9 79 83 98 29 49 24
97 5 42 63 90 30 95 27 44 35 55 78 58 47 8 27 45 81 61 94
64 60 32 6 72 100 35 50 2 55 2 9 43 28 10 7 98 1 14 5
34 3 49 55 7 65 48 93 98 92 19 98 15 61 44 34 3 5 34 73
99 91 68 91 5 17 38 19 44 75 68 36 36 90 56 82 64 16 85 59
83 88 91 76 92 9 5 80 56 63 74 74 26 73 19 4 71 22 73 4
55 74 35 57 43 95 37 36 29 50 86 4 99 44 22 34 7 79 76 51
84 35 100 24 44 26 18 21 21 70 30 85 55 41 29 27 98 85 74 92
15 90 32 7 51 80 12 19 91 14 53 54 8 85 41 68 66 91 50 19
46 76 41 72 74 10 49 18 58 59 100 52 23 70 83 70 19 71 26 43
3 85 47 78 24 93 70 93 6 16 92 19 15 8 6 68 31 40 85 38
97 40 31 98 18 48 81 45 64 79 32 70 91 89 18 52 85 71 50 55
4 32 54 61 87 57 37 44 48 94 11 1 11 67 39 42 24 4 86 80
43 52 57 10 97 49 2 21 4 52 61 41 10 94 44 87 78 25 23 88
28 47 65 50 41 1 37 20 49 50 48 3 11 96 68 1 89 68 86 32
55 82 20 77 66 64 71 56 42 76 63 17 34 24 53 2 52 4 92 66
21 90 17 88 20 47 44 14 38 77 29 27 35 57 24 36 92 39 50 34
27 60 45 29 29 87 27 47 77 30 8 70 24 68 40 8 23 62 53 42
60 44 95 20 25 61 81 97 43 96 83 42 92 85 56 62 96 48 17 96
4 20 11 32 66 51 16 46 92 84 69 80 97 19 65 9 59 69 30 53
48 87 69 24 67 75 75 97 43 1 28 91 19 96 5 13 76 80 44 20
70 65 23 27 47 58 15 65 62 90 19 65 36 9 77 5 25 87 6 48
21 13 75 35 62 29 4 81 19 80 53 96 22 64 52 68 8 20 26 56
80 8 93 97 70 28 29 87 5 19 13 48 74 31 27 95 28 61 20 51
27 9 37 6 59 19 19 41 18 7 4 90 19 3 83 13 38 93 61 51
51 98 66 50 81 67 13 87 52 30 91 32 72 4 49 11 43 15 62 35
94 84 23 56 31 62 55 2 97 63 27 72 91 49 22 57 28 12 60 93
48 98 77 43 70 44 6 48 93 26 39 65 50 49 75 49 69 28 77 12
14 91 79 71 97 61 83 45 72 4 7 90 97 61 65 90 73 10 15 95
47 97 28 22 42 73 57 38 7 6 20 85 40 16 100 29 100 38 45 39
32 52 75 49 82 2 72 30 9 34 27 36 92 85 74 80 34 51 69 75
77 3 96 78 46 20 20 38 48 12 68 74 97 13 86 5 72 32 2 50
19 88 82 31 79 44 75 2 3 31 53 54 8 98 94 93 28 14 65 19
39 57 85 72 90 60 19 60 79 33 72 10 84 36 31 44 30 51 33 57
63 28 35 37 8 55 56 71 12 9 74 23 85 52 43 85 39 39 47 66
16 88 86 80 29 10 52 47 22 95 99 43 23 48 55 39 15 39 98 53
2 90 83 96 26 45 99 93 48 69 7 67 10 16 71 27 8 51 11 79
45 35 70 49 100 56 36 68 4 29 40 32 73 34 54 85 19 73 98 51
19 85 49 60 66 71 89 99 83 61 86 42 30 66 25 29 74 84 71 35
32 82 7 67 29 70 44 95 54 37 81 96 10 86 63 23 52 87 99 34
67 17 28 35 35 49 79 71 44 9 87 24 49 24 22 6 7 98 41 49
68 17 62 18 9 89 51 81 46 77 38 42 9 4 97 52 35 53 23 94
95 45 98 84 45 47 27 37 73 59 84 38 51 46 44 58 2 19 81 6
60 7 22 92 85 34 3 14 60 37 22 98 8 85 68 38 42 11 50 41
