50 20
15 11 17 18 16 3 5 2 8 9 10 0 7 14 12 4 1 13 19 6
13 12 4 7 17 2 18 19 15 6 11 5 8 10 9 14 0 1 16 3
0 12 7 9 11 8 6 17 4 16 18 3 10 15 5 19 2 14 13 1
16 12 10 7 3 15 6 8 0 17 11 14 2 4 18 5 19 9 1 13
9 8 7 15 19 1 13 5 3 6 17 12 0 11 14 4 18 16 2 10
11 2 12 4 14 9 10 19 3 13 15 8 7 6 0 1 16 18 5 17
7 11 10 2 13 18 12 16 0 6 8 4 15 14 3 17 5 9 19 1
19 8 7 2 0 14 5 1 13 9 4 6 18 10 16 17 12 15 3 11
18 10 0 5 6 12 8 17 4 1 2 3 13 16 11 19 7 9 15 14
15 6 5 3 2 11 16 18 0 13 8 14 1 10 7 9 12 17 4 19
17 3 2 10 0 18 12 15 13 6 5 8 9 19 14 1 16 4 7 11
13 18 7 16 19 17 4 9 0 15 11 2 3 10 12 5 8 14 1 6
7 12 3 19 1 16 14 2 4 13 6 5 0 17 10 9 11 18 15 8
15 7 19 2 4 16 14 9 3 10 5 11 0 8 13 18 6 12 1 17
1 13 3 15 12 6 8 5 0 7 11 17 2 16 4 18 10 19 9 14
18 13 7 12 11 8 6 16 17 19 4 14 1 10 0 2 5 9 3 15
8 11 14 15 7 19 16 10 6 17 12 9 4 2 5 18 1 0 13 3
19 12 3 7 16 17 14 13 15 11 10 8 6 9 5 2 1 18 4 0
5 17 1 9 7 15 19 13 10 3 16 4 6 14 0 18 8 12 2 11
10 15 4 13 19 14 17 2 0 8 1 3 11 6 5 9 7 12 18 16
9 0 6 5 1 17 14 8 2 19 11 4 3 7 12 10 16 18 15 13
0 17 4 3 13 12 15 16 6 2 7 11 9 10 8 19 14 18 5 1
15 18 8 10 3 17 0 1 5 13 14 19 12 6 11 2 7 4 9 16
0 11 1 6 17 14 15 16 4 7 9 3 5 18 8 19 13 2 10 12
2 0 8 17 16 14 15 4 19 18 3 9 7 13 6 5 12 1 10 11
9 4 2 17 10 0 5 6 3 15 13 11 8 18 7 14 1 12 16 19
16 2 10 11 7 6 15 13 0 9 14 3 17 12 5 8 19 1 4 18
3 15 1 12 19 17 16 18 10 9 14 7 13 5 2 0 6 11 4 8
1 17 5 10 13 14 16 11 2 6 8 0 9 19 3 18 4 7 15 12
19 5 12 13 4 8 15 10 1 17 16 7 0 6 3 2 9 11 14 18
18 5 13 0 6 17 10 3 1 4 9 11 2 12 8 19 16 15 14 7
13 7 0 8 3 11 10 17 9 1 6 16 15 14 5 19 4 2 18 12
6 4 7 16 13 8 14 18 2 0 15 10 19 11 3 12 5 17 1 9
9 5 10 18 0 2 14 13 3 12 11 19 7 1 16 8 6 4 15 17
12 3 8 11 5 15 2 6 18 13 16 7 14 0 9 17 10 4 1 19
7 0 3 19 5 16 14 8 2 4 12 6 15 11 10 18 9 13 17 1
15 3 5 9 17 4 6 16 19 2 7 14 11 12 10 18 8 1 13 0
4 17 18 3 13 14 8 10 16 2 15 12 19 7 9 11 1 5 6 0
7 2 4 6 3 12 8 0 11 16 5 13 15 17 14 18 1 9 19 10
14 6 10 1 4 0 13 11 12 8 15 3 7 2 9 17 18 5 19 16
19 3 14 18 8 1 16 2 13 17 5 7 4 9 15 12 11 10 6 0
16 15 8 1 11 18 10 13 0 4 2 14 7 12 17 5 19 9 6 3
11 13 12 15 16 10 6 18 1 2 19 17 9 8 4 0 3 5 14 7
0 16 19 5 1 15 4 2 10 18 6 3 9 13 17 8 12 11 7 14
9 6 14 11 0 16 1 5 7 13 10 8 19 15 12 2 4 18 17 3
5 15 6 17 11 2 10 1 9 12 4 14 3 19 18 8 13 16 0 7
0 12 4 10 15 14 13 19 17 16 3 9 5 6 8 11 2 18 1 7
0 13 18 5 3 14 1 6 15 16 9 17 4 7 2 8 12 19 10 11
17 7 11 3 0 12 2 1 4 15 5 9 10 13 18 6 19 14 8 16
4 17 14 11 8 16 3 12 18 0 9 6 5 1 2 19 7 15 10 13
89 4 86 29 19 17 28 77 62 98 50 47 32 75 4 4 95 38 70 69
8 13 10 17 70 71 92 100 6 7 53 28 48 77 100 12 70 42 14 53
78 50 92 5 6 20 73 2 67 15 80 89 61 5 75 24 79 5 89 3
42 84 81 71 93 51 4 13 15 27 57 31 40 30 19 77 65 50 52 80
28 85 64 31 1 68 92 13 14 3 28 28 97 13 19 72 94 18 5 80
54 25 87 68 57 75 93 64 42 33 98 100 36 83 38 75 61 7 34 52
98 66 13 1 8 96 88 77 98 75 10 18 49 88 83 89 11 98 90 89
35 19 89 14 39 98 71 29 94 85 73 45 18 64 7 76 99 80 60 14
35 100 88 83 32 74 59 16 23 46 74 53 57 55 66 26 36 28 88 13
74 46 83 92 73 86 3 87 44 96 98 54 91 4 96 2 47 21 95 45
64 21 19 75 69 14 98 49 51 33 7 89 40 54 76 38 64 75 51 76
46 99 43 83 50 63 36 37 55 41 54 97 64 37 40 81 81 69 36 50
9 11 78 47 20 25 62 44 8 92 90 64 33 98 31 66 39 55 96 22
11 85 42 46 74 10 60 66 1 35 4 70 81 34 16 33 99 60 47 39
91 97 49 31 64 91 8 74 54 10 53 29 97 75 66 70 86 30 63 38
7 68 39 87 86 57 71 29 26 67 26 72 37 24 10 86 65 16 87 86
46 8 42 61 56 58 40 17 28 99 15 83 34 100 62 75 74 47 31 83
80 99 12 87 19 44 66 86 52 25 43 26 23 44 18 50 61 94 65 66
42 7 6 76 24 37 25 63 45 3 76 44 87 49 36 92 63 15 57 39
37 9 35 88 81 14 26 4 28 95 7 45 49 58 72 93 72 83 84 8
26 30 13 16 17 30 63 53 70 63 45 100 65 56 31 91 70 68 19 48
80 98 86 35 5 39 15 51 95 97 72 60 30 25 58 6 80 56 27 20
63 78 50 21 38 19 45 33 2 83 9 51 56 33 38 33 58 96 43 59
26 52 46 93 67 83 12 59 80 1 74 51 85 52 84 57 44 82 100 38
46 79 24 25 37 57 55 78 4 59 35 42 1 66 60 77 80 20 5 1
77 49 25 96 90 48 9 90 16 54 92 71 95 33 8 78 60 84 51 89
11 27 27 61 97 100 4 66 88 3 38 95 93 52 9 24 4 19 32 19
5 17 21 40 97 50 61 30 89 16 34 50 34 98 83 60 67 57 92 17
67 23 8 72 93 61 90 23 95 74 3 28 97 51 46 3 4 81 19 49
15 22 56 53 17 64 25 60 66 76 90 52 98 83 61 47 66 98 65 56
36 78 100 38 58 83 71 59 47 23 27 85 64 57 13 23 23 41 11 21
69 37 64 51 69 62 53 46 100 37 100 80 83 27 65 89 79 27 35 66
35 45 92 89 29 59 80 19 83 60 29 30 68 20 76 47 45 78 81 56
24 88 11 60 33 78 87 35 88 91 51 56 48 9 30 47 98 29 46 15
34 60 69 83 84 62 91 100 16 13 87 73 13 52 45 16 79 90 55 98
32 4 72 40 34 29 13 78 74 83 75 34 32 6 55 7 16 74 23 34
80 23 7 80 37 51 46 23 16 20 26 97 56 77 86 80 66 55 20 97
76 70 100 36 88 42 23 38 81 59 1 99 45 27 96 75 99 70 88 4
65 36 6 84 97 56 75 54 52 100 29 86 20 26 48 49 62 33 78 62
79 58 2 56 7 31 59 97 19 76 33 99 78 6 24 50 15 23 97 77
74 16 75 13 6 32 18 59 17 99 14 85 88 50 83 79 28 60 67 69
69 65 25 62 55 18 37 66 81 82 56 41 78 13 7 12 71 72 87 28
32 55 53 73 68 63 91 70 41 27 84 72 21 40 32 85 83 10 75 42
41 69 61 9 13 29 67 93 47 61 29 96 50 30 44 80 95 33 62 49
45 73 37 41 44 18 75 69 65 79 80 69 63 64 24 55 36 54 96 40
69 58 89 32 31 82 90 69 36 84 76 88 26 45 48 83 26 81 92 62
33 86 49 65 26 48 19 22 69 54 98 42 71 20 17 89 67 26 23 15
75 9 10 81 55 31 32 24 28 97 18 89 59 12 44 39 95 85 13 30
22 47 64 58 45 30 48 51 96 68 83 78 99 29 95 15 39 77 12 52
98 51 27 86 58 49 23 88 63 16 99 9 7 55 20 6 39 35 45 39
