50 20
9 8 0 16 18 12 1 11 14 13 19 6 15 10 2 7 5 17 4 3
3 5 13 12 18 7 10 15 19 17 1 11 4 14 16 2 8 9 0 6
0 5 8 3 13 14 4 9 2 19 17 18 12 15 16 11 10 1 6 7
7 4 18 15 10 12 5 9 2 17 8 13 6 3 1 19 11 14 0 16
2 12 14 0 15 3 19 9 4 6 17 13 5 1 8 11 18 10 16 7
13 17 18 9 7 4 2 16 11 12 0 3 14 6 5 10 15 8 19 1
19 7 0 2 13 17 14 11 9 4 10 18 5 3 16 15 8 1 12 6
5 2 14 7 17 18 0 13 1 11 6 4 19 10 12 8 9 15 3 16
11 18 10 0 5 1 14 19 4 2 9 15 16 12 7 13 17 3 6 8
9 11 18 6 13 1 5 7 14 16 19 2 10 15 4 17 3 12 8 0
3 13 11 12 0 2 1 7 17 5 4 6 9 14 10 15 19 16 18 8
2 4 3 14 16 7 15 19 10 0 8 13 18 5 1 6 11 9 17 12
8 0 11 12 6 7 5 16 14 4 9 17 19 15 13 18 3 2 1 10
18 17 16 1 10 15 13 8 5 11 7 0 9 14 12 4 6 19 2 3
8 5 10 6 15 4 3 2 7 14 19 18 13 17 12 9 11 1 16 0
15 3 1 12 18 9 16 19 2 11 5 4 17 14 13 10 0 6 7 8
4 7 14 12 17 6 8 18 2 10 19 1 5 15 3 9 11 0 16 13
0 11 12 4 8 5 10 16 2 19 6 13 9 15 17 14 1 7 18 3
5 16 17 14 0 13 2 4 15 3 7 10 19 11 8 9 18 1 6 12
4 9 13 6 11 16 0 5 18 10 7 3 2 17 14 12 19 1 15 8
0 16 3 19 11 18 13 1 9 10 7 5 8 12 4 6 15 2 14 17
9 19 11 12 1 17 16 5 13 18 2 6 10 15 3 7 0 14 4 8
17 2 7 9 14 6 19 18 10 15 11 16 5 13 1 0 12 8 3 4
10 12 9 6 18 7 0 1 19 17 11 5 14 16 8 4 2 15 3 13
15 1 13 6 5 9 17 12 3 4 10 16 19 11 2 18 7 14 8 0
0 9 6 11 5 19 10 13 15 1 3 17 12 16 2 8 18 7 14 4
8 2 9 6 12 0 17 14 3 19 1 7 15 13 10 4 18 5 11 16
15 0 5 6 1 12 9 18 8 2 11 7 4 19 3 16 10 17 13 14
8 15 18 14 9 10 19 2 11 3 17 16 13 6 0 4 1 12 7 5
14 0 8 16 6 19 9 7 12 13 5 17 10 1 2 3 18 4 15 11
12 13 18 19 17 15 5 14 1 11 10 4 16 8 9 7 6 3 0 2
3 9 2 17 19 10 14 13 5 1 4 11 0 6 18 12 16 15 7 8
1 10 9 0 14 6 2 12 5 7 16 15 17 8 13 4 3 11 18 19
17 12 2 15 0 10 13 6 14 3 8 1 9 4 5 11 7 16 18 19
5 3 7 6 4 15 2 18 17 10 9 12 11 14 16 19 8 1 13 0
17 18 7 16 8 1 0 12 6 2 9 19 13 5 4 14 10 15 3 11
16 3 0 14 1 9 2 17 13 5 7 10 8 18 11 4 19 6 12 15
14 10 8 1 6 18 15 2 12 5 17 16 13 3 19 0 7 11 9 4
19 4 2 18 0 17 7 12 16 6 9 15 1 14 10 8 11 13 3 5
12 11 18 9 3 14 7 19 13 4 6 1 15 2 10 16 17 8 5 0
17 9 15 12 4 6 8 16 1 13 5 0 18 14 7 11 2 10 3 19
6 17 7 0 9 12 3 14 16 2 10 13 15 8 19 4 18 1 11 5
6 13 10 19 9 17 4 2 12 1 18 8 16 14 0 5 7 11 15 3
6 17 11 1 7 12 0 10 5 2 4 18 9 15 13 16 8 3 14 19
19 15 12 16 3 14 5 1 17 9 11 7 13 4 10 0 18 6 2 8
14 18 7 12 4 13 10 16 17 8 1 0 11 3 2 19 6 9 15 5
8 4 5 19 1 15 13 14 11 3 0 10 9 7 12 16 18 17 6 2
8 18 15 14 16 7 10 4 11 17 5 3 13 19 0 12 6 1 9 2
10 19 14 7 1 5 0 8 4 6 18 15 3 17 9 2 16 12 13 11
19 14 17 4 6 13 7 11 9 10 0 16 8 12 5 3 18 2 1 15
53 31 9 13 54 41 90 17 23 65 67 89 93 85 35 79 30 87 58 17
48 21 49 33 50 65 85 86 23 30 23 40 99 76 25 96 89 69 54 4
21 86 54 32 60 38 60 30 31 5 2 56 53 88 71 33 57 18 87 67
98 98 25 22 67 12 58 65 41 65 62 95 92 51 52 98 52 90 9 43
8 18 39 62 81 26 3 87 97 20 79 74 61 4 60 3 31 10 16 53
9 78 26 73 21 70 33 88 58 52 82 64 95 67 24 29 46 50 75 33
90 29 85 41 75 50 22 43 69 21 48 77 64 1 91 49 1 5 68 41
43 88 99 68 31 59 100 81 24 59 34 80 49 10 65 55 61 49 70 77
77 29 66 21 31 63 50 99 100 55 42 94 83 73 78 31 9 38 48 54
17 27 42 100 52 33 14 15 69 29 16 25 73 95 5 44 54 2 8 38
8 82 14 9 84 98 19 53 70 22 1 58 39 25 2 50 72 45 27 43
4 34 81 57 49 52 71 99 90 70 29 15 12 49 14 45 90 84 17 49
96 43 20 34 19 90 28 36 54 20 2 26 33 16 43 69 35 8 37 37
22 15 61 73 42 74 98 86 43 16 6 60 72 99 12 98 21 4 9 46
1 10 1 100 9 46 29 65 20 16 97 8 74 54 80 53 36 70 97 83
29 30 24 58 16 29 46 1 82 85 17 36 39 38 65 25 48 2 40 63
63 92 12 83 3 8 42 43 22 32 63 27 20 5 13 40 15 95 22 63
75 55 78 49 89 62 29 66 23 89 19 98 86 45 23 80 43 38 22 58
17 98 65 51 59 67 92 91 44 23 88 97 88 95 85 13 45 91 27 99
97 57 24 98 95 23 42 26 57 60 35 54 21 99 71 46 47 68 28 90
15 90 77 84 62 33 85 85 57 23 44 32 95 97 7 64 35 100 70 16
20 8 91 87 28 5 63 39 97 49 56 11 55 22 81 89 64 79 59 71
5 45 74 5 24 44 18 22 38 98 20 76 74 32 29 62 32 82 89 26
36 86 90 46 70 73 57 62 92 50 11 38 55 27 88 33 3 52 29 84
24 88 29 64 7 85 83 2 87 81 52 7 40 92 97 36 95 52 86 46
23 50 91 24 89 67 76 38 40 43 65 32 70 42 83 58 90 88 28 7
4 66 49 56 33 44 53 16 78 54 42 22 56 75 68 84 80 15 35 60
45 66 6 78 71 85 82 69 27 72 95 61 11 56 32 52 12 21 25 87
64 12 35 8 61 62 87 21 60 13 4 26 55 24 13 44 80 43 69 30
85 87 23 84 78 16 24 64 71 73 48 18 44 39 21 99 70 84 13 52
57 49 19 64 47 78 62 4 48 29 28 85 18 47 47 73 29 67 66 47
88 85 84 34 60 30 52 59 97 54 98 20 84 62 44 78 56 48 96 42
10 55 25 36 21 7 39 88 51 44 52 60 81 70 99 74 94 90 37 74
38 19 88 56 77 33 93 77 27 36 10 45 17 1 76 37 20 45 57 81
4 87 92 47 77 80 43 45 10 69 77 66 58 81 41 17 10 23 89 48
52 20 19 95 26 13 69 26 15 21 61 47 24 26 71 8 64 78 47 94
63 86 88 16 19 16 60 72 69 42 93 50 63 18 20 76 29 93 66 41
21 28 38 38 91 35 37 31 45 75 75 64 97 61 37 15 68 44 62 73
91 92 45 4 61 80 9 55 95 75 34 73 95 89 12 7 19 26 74 28
78 61 16 73 5 100 88 23 76 47 100 87 85 57 13 96 31 98 82 83
96 97 46 85 48 74 44 5 48 57 42 97 3 55 97 7 73 50 94 98
19 75 8 10 10 85 80 78 86 5 1 29 25 27 32 7 100 87 82 12
35 94 60 18 40 8 97 58 77 21 49 65 68 89 51 57 97 8 52 75
65 35 53 49 86 37 38 65 94 16 82 34 76 89 64 85 50 74 100 82
94 30 81 91 91 14 50 63 3 14 97 6 46 62 3 52 99 12 67 99
29 35 29 71 44 85 35 64 86 53 89 96 74 90 70 89 16 46 88 66
19 93 15 4 98 18 61 25 9 9 1 32 3 24 11 14 13 74 16 94
60 30 21 47 73 87 99 92 70 92 40 69 63 84 49 61 87 38 4 68
30 88 17 73 7 48 3 78 24 80 2 18 3 40 33 32 22 10 24 18
82 80 79 88 94 97 8 59 34 57 12 92 30 36 83 6 22 31 93 87
