50 20
3 4 19 16 15 14 13 7 1 10 0 12 6 5 8 18 9 11 2 17
3 11 0 8 10 2 5 1 6 18 9 17 14 19 12 4 15 13 7 16
1 3 15 9 5 7 10 16 4 11 13 2 18 19 14 12 17 0 8 6
7 16 13 19 0 15 2 9 8 14 11 17 18 12 10 1 5 3 6 4
11 2 16 18 0 3 13 14 1 8 19 6 7 9 15 5 17 4 12 10
8 17 16 6 12 0 13 5 4 1 14 2 19 11 15 3 18 10 7 9
16 15 19 17 14 13 9 12 1 11 10 5 4 0 18 6 7 3 2 8
1 10 16 4 15 2 5 7 11 3 0 9 19 8 17 14 12 18 6 13
17 5 16 6 7 2 15 13 18 11 3 1 19 14 9 12 10 8 0 4
16 15 17 13 12 2 7 5 1 9 18 0 14 4 11 8 3 19 10 6
2 10 16 11 14 19 18 3 17 9 13 1 8 4 15 5 12 0 6 7
6 8 2 19 5 1 14 17 13 12 15 16 9 3 7 11 0 18 4 10
1 16 3 12 18 2 6 19 15 4 13 10 14 17 7 11 8 9 0 5
11 9 19 15 10 8 3 7 14 12 2 0 4 6 17 13 1 18 5 16
2 3 8 13 6 9 19 18 12 16 4 17 15 0 10 7 14 5 11 1
6 16 1 2 14 17 8 10 19 5 12 9 18 15 4 13 3 11 0 7
9 14 3 1 7 4 15 0 13 2 19 10 12 8 16 6 18 17 11 5
19 8 12 2 9 7 16 3 15 4 6 14 11 0 5 10 18 17 13 1
7 8 17 18 4 15 19 5 2 1 14 6 12 0 16 9 13 11 3 10
19 7 8 0 3 17 18 16 14 12 4 1 15 2 9 10 6 13 11 5
2 13 18 15 5 12 11 16 10 7 3 4 1 19 8 14 17 0 6 9
15 0 18 19 2 13 3 17 6 10 11 4 9 5 16 7 8 14 1 12
14 4 16 2 5 7 17 8 10 1 13 15 19 3 12 6 11 9 0 18
11 4 19 5 0 3 1 15 8 12 2 9 6 13 17 7 18 14 16 10
9 18 11 7 0 8 4 6 5 2 15 3 12 16 13 1 19 17 10 14
14 19 18 6 15 7 16 4 8 9 0 13 12 17 11 5 3 2 1 10
2 13 16 8 3 5 7 19 14 12 1 0 4 15 11 6 18 10 9 17
1 8 19 16 12 9 13 10 4 6 15 3 18 11 5 0 14 17 7 2
6 15 2 3 10 14 18 0 1 16 19 12 11 8 17 13 7 4 9 5
3 14 2 13 16 1 4 18 15 17 12 10 9 5 11 0 6 19 7 8
8 5 6 11 0 15 18 17 2 3 9 14 12 10 1 4 16 19 7 13
18 15 3 7 8 1 10 14 13 11 12 9 16 2 4 19 6 17 0 5
19 9 3 7 8 0 6 17 10 14 2 16 12 13 5 11 4 18 15 1
10 1 11 14 0 3 5 12 16 13 17 18 6 2 7 15 4 19 8 9
18 6 5 4 16 1 17 15 3 12 14 0 10 11 7 2 13 9 8 19
15 5 2 6 17 12 11 7 14 10 9 16 13 0 3 8 1 4 19 18
14 13 5 4 2 9 15 12 8 18 0 6 3 10 1 11 16 17 7 19
14 8 18 0 9 15 3 19 7 4 12 5 17 2 11 10 1 16 13 6
4 18 7 13 5 16 2 0 12 15 3 9 14 8 6 19 1 10 17 11
19 7 3 1 14 6 0 5 17 8 15 13 12 18 10 11 9 2 4 16
5 6 9 16 10 1 7 14 2 12 0 4 19 8 13 17 11 3 18 15
14 10 12 15 9 4 18 7 1 19 0 3 17 13 6 16 5 11 8 2
3 14 18 7 19 2 5 17 1 6 10 4 0 12 13 15 9 11 16 8
19 17 2 4 18 11 3 5 9 13 8 16 1 10 14 6 0 7 12 15
4 9 13 8 12 11 7 17 16 3 14 2 15 19 6 0 10 1 18 5
12 3 18 7 1 10 14 6 5 17 15 0 4 2 16 9 11 19 13 8
16 19 13 17 1 10 3 18 4 14 0 9 6 12 11 15 5 8 7 2
9 1 19 4 3 17 16 15 5 14 7 8 11 0 13 12 10 6 18 2
5 1 0 6 13 10 16 3 7 12 15 2 18 4 19 11 17 9 8 14
13 17 6 5 12 10 4 2 9 7 15 19 18 14 1 3 11 0 8 16
78 70 54 94 26 58 22 29 56 53 87 88 73 68 26 70 87 55 39 36
9 71 51 21 54 81 84 55 60 37 80 85 20 42 96 90 82 94 94 87
81 67 8 5 66 98 2 20 23 92 58 48 30 9 4 94 25 33 64 3
41 30 88 54 8 42 53 38 74 21 37 53 87 15 56 7 49 53 64 4
58 23 83 66 84 44 22 23 5 82 59 7 81 71 93 60 89 40 7 14
56 29 82 33 33 70 44 41 51 60 39 27 85 15 95 21 98 76 73 10
84 88 47 37 16 80 90 69 45 17 68 90 23 66 3 57 30 41 28 99
33 65 95 30 30 92 27 32 32 81 27 61 83 39 99 6 87 14 55 99
20 70 60 21 15 47 20 4 6 66 52 21 53 1 12 66 88 51 91 55
72 69 70 100 85 17 58 93 86 27 43 47 88 31 27 99 42 27 36 79
29 16 26 74 65 77 37 3 40 53 67 70 93 70 65 5 92 55 12 29
34 40 32 3 90 12 44 76 42 26 43 10 45 31 84 63 32 26 20 49
4 92 92 30 79 30 63 95 4 22 83 48 31 4 1 54 47 4 84 30
43 70 49 6 89 10 99 71 8 36 71 37 59 90 95 66 95 35 4 42
93 40 9 6 22 83 85 27 60 32 86 93 20 86 6 100 99 17 46 28
5 15 32 20 26 40 59 17 60 50 77 67 38 2 9 66 51 91 85 93
70 70 8 73 86 29 36 73 87 42 63 50 48 10 69 96 97 97 33 3
49 8 64 44 72 98 78 19 44 66 74 45 15 100 57 23 74 35 38 77
40 39 81 60 67 22 63 36 71 11 80 66 73 81 11 42 29 36 47 75
18 20 31 49 65 77 8 95 97 80 88 34 3 85 4 100 25 11 88 1
47 14 100 100 93 49 53 62 31 60 87 22 45 22 81 60 27 76 28 26
84 33 51 20 53 19 29 18 85 56 56 63 23 81 45 69 56 36 21 13
6 45 13 42 97 53 75 22 4 41 95 86 6 43 42 89 90 48 13 8
31 57 24 19 32 54 87 98 71 97 78 68 59 83 71 33 31 40 36 11
52 52 12 99 1 1 29 18 91 58 18 27 3 90 18 57 52 10 88 6
42 42 24 70 2 36 39 61 59 45 73 48 66 36 13 62 95 61 13 16
21 34 99 80 21 57 9 63 49 55 85 22 24 58 4 64 92 45 71 57
87 55 67 15 100 59 9 30 81 33 93 3 73 42 35 26 54 39 1 6
58 39 77 73 45 80 98 1 62 72 98 27 78 70 10 15 97 10 38 98
17 98 24 5 21 47 98 29 64 29 15 31 2 16 72 39 96 79 56 49
94 34 53 29 7 52 65 72 10 11 67 30 71 34 22 86 45 20 2 37
49 54 68 52 94 71 69 41 40 100 76 92 90 20 40 58 47 43 87 46
13 10 60 17 92 47 65 19 78 36 68 84 72 26 74 92 85 66 57 8
48 64 49 4 57 13 80 72 88 73 44 76 40 88 91 50 10 6 65 93
12 19 100 43 19 64 26 25 9 95 11 75 88 94 47 78 4 75 63 44
62 13 75 9 27 37 52 73 67 67 96 7 69 50 38 61 100 85 59 47
17 7 96 43 61 87 87 69 86 47 64 59 77 15 16 72 34 69 51 26
53 66 63 91 81 20 24 36 72 69 98 22 24 83 74 85 29 17 39 72
83 19 73 58 61 40 14 21 22 43 59 23 100 18 49 96 81 63 43 25
57 67 41 95 39 4 99 32 42 28 84 82 43 75 31 12 32 78 66 44
27 12 82 51 74 21 22 98 32 45 81 10 27 64 17 14 65 92 52 50
25 11 86 63 3 9 78 48 32 36 71 39 91 17 65 96 83 100 76 1
18 35 6 11 96 8 46 24 27 35 80 47 15 92 14 71 27 39 45 53
24 89 30 62 92 80 82 80 8 17 40 11 6 93 27 14 27 97 78 38
91 24 2 52 69 50 90 56 71 49 100 77 12 76 90 54 37 18 13 68
70 55 64 84 17 79 69 10 19 19 43 8 73 76 80 49 14 47 75 69
13 16 54 49 32 98 59 53 92 46 47 31 24 52 99 61 9 53 62 85
56 94 92 65 31 53 81 43 62 88 36 28 14 68 95 70 21 42 75 43
69 82 87 98 29 15 10 67 30 8 27 46 12 2 44 78 26 25 44 20
31 84 65 97 42 73 4 69 91 66 66 49 51 6 88 38 96 10 15 98
