50 20
7 9 18 11 6 13 5 14 16 17 8 1 2 19 10 4 12 3 15 0
15 8 9 10 4 12 7 0 6 11 3 14 5 2 19 16 1 17 18 13
10 12 4 11 8 7 13 19 14 16 15 0 18 2 1 17 5 9 3 6
18 4 17 6 5 3 13 12 14 2 7 1 0 9 10 15 11 8 16 19
15 5 13 0 6 1 2 10 4 7 9 11 14 8 3 12 19 18 16 17
10 14 12 15 2 5 13 6 3 16 11 4 19 18 0 1 8 7 17 9
6 19 18 10 17 12 3 11 9 0 16 4 2 7 15 1 13 5 8 14
4 18 2 7 11 1 5 13 0 14 19 17 3 10 6 12 9 8 16 15
19 11 9 3 8 6 1 5 16 10 14 18 13 7 12 15 0 2 4 17
18 6 11 15 14 5 17 3 4 9 2 0 19 1 12 8 7 13 10 16
15 2 0 4 3 10 12 11 19 7 16 5 17 18 1 6 13 14 8 9
10 0 13 3 6 11 15 2 1 17 14 19 18 7 16 12 9 4 8 5
8 14 18 2 0 12 19 17 10 16 7 13 1 11 3 5 9 15 4 6
0 11 7 3 17 10 12 14 13 4 6 2 8 15 18 1 19 9 16 5
0 1 19 18 9 13 17 10 12 3 5 14 4 2 16 11 7 15 6 8
7 12 5 1 13 10 2 9 4 6 19 11 8 3 18 0 16 17 15 14
9 4 18 2 19 6 5 13 16 11 14 15 8 10 7 1 17 12 0 3
19 4 5 7 11 2 15 16 13 10 0 17 18 9 12 1 3 8 6 14
12 4 18 6 19 10 17 2 14 3 8 13 5 9 11 1 0 16 7 15
6 16 14 8 13 12 17 9 10 5 3 18 2 15 1 7 19 0 11 4
15 9 6 0 3 19 16 10 13 12 18 11 5 4 8 1 2 14 17 7
10 14 12 7 16 8 4 3 0 1 2 11 5 19 18 15 17 13 6 9
1 4 12 7 17 9 16 15 14 2 11 19 6 18 13 3 10 0 5 8
4 12 1 6 9 10 17 18 11 7 15 0 19 2 14 3 13 16 8 5
12 6 1 0 2 16 7 8 18 9 17 5 14 3 13 19 11 4 10 15
3 11 0 8 10 1 6 2 17 7 16 13 18 4 9 14 15 5 19 12
16 1 2 7 17 13 12 11 15 18 10 0 6 5 3 4 8 14 9 19
5 7 6 3 10 1 14 13 0 18 8 9 16 11 2 17 4 15 12 19
10 15 5 8 7 11 0 13 16 17 19 9 6 18 3 4 2 14 12 1
15 9 11 2 12 3 6 19 4 10 5 17 7 18 0 1 13 8 14 16
2 19 5 8 17 4 7 12 18 3 1 6 10 16 11 15 14 13 9 0
14 19 12 15 16 6 5 3 4 2 8 13 9 7 1 10 18 11 0 17
7 1 15 16 6 9 8 14 3 11 19 12 2 17 10 18 4 13 0 5
1 9 14 15 5 8 13 12 17 4 16 18 6 2 3 19 10 7 0 11
7 17 13 16 15 12 5 3 2 11 4 8 10 0 19 18 14 9 1 6
19 18 2 8 9 17 12 3 4 15 14 13 5 10 7 16 0 1 11 6
4 0 12 1 8 16 3 11 19 2 7 18 9 14 5 10 13 6 15 17
9 0 11 14 18 16 1 2 4 19 12 10 6 13 7 17 3 8 15 5
5 3 6 18 4 11 0 16 7 8 14 13 10 1 17 2 19 9 12 15
11 16 9 15 14 6 17 13 3 1 7 12 5 19 4 8 10 0 18 2
7 9 19 1 3 18 2 17 13 11 0 15 5 16 6 8 10 4 12 14
3 14 6 10 18 5 4 7 17 1 13 0 8 9 16 12 19 2 15 11
19 14 17 5 0 6 2 13 8 10 7 16 12 18 11 4 9 1 3 15
12 2 3 10 6 16 13 9 18 0 15 17 5 7 11 4 19 14 8 1
9 8 0 1 16 2 5 4 3 15 12 6 14 13 19 17 11 10 18 7
7 5 1 15 3 6 10 18 12 4 11 8 0 9 13 16 14 17 2 19
19 14 12 5 17 18 6 8 15 7 10 16 11 13 2 4 1 9 3 0
17 13 6 11 19 18 12 7 9 14 8 16 10 5 2 0 3 15 1 4
4 13 3 19 8 15 0 2 11 9 12 1 7 18 10 14 16 6 5 17
8 6 1 2 16 13 5 12 15 4 3 17 11 10 18 0 7 9 14 19
68 53 27 76 12 16 3 99 52 44 26 27 43 51 47 77 32 27 93 28
27 56 94 48 25 43 83 29 62 6 34 44 38 43 74 51 62 83 84 41
43 57 52 7 72 92 16 35 13 82 16 25 26 43 21 92 20 61 8 64
13 49 75 37 58 23 6 17 16 73 79 7 79 27 25 39 89 24 71 59
96 25 38 89 49 75 99 22 6 86 16 94 55 27 19 32 49 40 27 55
57 50 91 26 31 28 42 45 39 90 48 15 99 28 9 32 80 89 62 64
52 100 30 31 78 19 81 70 99 41 13 86 74 91 25 3 48 70 64 40
35 14 71 8 42 32 94 63 98 55 19 99 7 40 41 6 53 29 69 57
73 51 42 80 50 26 54 29 8 88 58 5 94 53 58 97 52 18 95 95
44 44 54 100 41 35 77 57 86 54 44 9 24 84 29 34 22 15 97 14
33 77 42 41 40 71 8 100 42 16 89 91 79 90 30 71 66 76 75 99
55 59 24 23 59 66 18 88 75 46 50 63 26 62 44 2 64 48 85 98
13 3 7 45 73 24 31 10 48 53 54 39 67 7 39 52 13 9 13 52
55 92 83 22 34 92 2 81 72 31 28 73 3 20 94 89 77 84 86 14
26 56 54 73 70 94 6 3 60 69 44 68 76 61 54 11 66 77 90 76
78 32 51 24 88 64 30 17 77 85 95 78 69 36 44 5 34 36 89 81
44 48 21 78 37 48 35 17 16 20 33 73 9 9 86 28 63 6 39 71
12 9 10 18 42 49 100 37 42 16 99 48 80 7 22 56 70 64 29 84
81 75 48 11 97 33 62 44 68 38 85 71 78 51 65 46 13 50 72 7
67 92 48 27 41 26 12 90 81 88 55 74 41 91 83 33 70 19 85 100
57 73 41 10 67 84 40 42 48 52 2 93 51 5 90 81 1 11 77 75
74 67 91 63 87 36 69 22 88 13 70 83 31 55 46 54 88 8 66 36
57 76 94 22 72 66 71 87 77 37 26 60 10 60 5 89 60 66 44 40
18 47 13 30 85 32 3 49 61 98 97 32 84 35 92 44 35 49 19 39
30 9 77 24 27 46 74 63 7 58 96 8 15 92 27 2 46 56 7 86
79 59 2 50 71 49 35 69 82 73 12 45 91 66 7 63 60 84 10 45
65 26 24 29 54 24 57 32 60 29 30 6 13 53 69 96 31 24 98 13
67 58 91 79 96 64 49 47 63 81 76 93 21 12 70 17 41 69 70 23
69 12 45 67 16 57 22 77 64 89 4 66 26 98 82 50 75 87 18 94
99 90 76 35 71 56 4 8 44 54 37 48 18 43 42 35 74 1 54 81
86 60 59 5 19 42 59 60 79 35 47 20 55 27 20 3 33 83 36 57
69 14 4 100 45 64 64 94 5 26 31 58 2 56 91 62 88 16 82 4
97 40 66 45 11 75 60 51 4 3 27 47 77 90 64 62 95 33 18 6
18 2 60 31 13 24 79 55 40 17 100 31 22 64 53 73 30 99 43 42
37 90 75 31 44 18 5 23 63 56 10 18 89 21 61 97 54 15 100 17
97 100 33 82 74 56 81 8 22 90 85 70 18 96 55 80 88 90 88 89
85 19 53 47 82 32 54 40 98 11 88 76 90 6 93 75 100 70 15 96
96 16 64 22 42 23 44 71 19 25 55 15 57 82 63 2 80 2 7 58
86 70 22 58 62 4 16 4 5 10 90 41 21 82 59 97 78 11 61 54
31 51 28 1 85 26 66 19 80 19 87 84 56 11 55 31 69 2 47 33
30 55 49 25 87 54 27 77 82 95 60 76 20 80 92 76 56 24 96 25
38 83 48 100 97 76 38 41 54 82 63 24 27 91 44 94 10 35 49 97
88 55 92 3 59 68 71 65 91 72 96 10 98 97 37 51 60 37 54 49
82 6 88 50 79 5 24 33 32 91 39 24 8 30 82 75 37 13 52 29
29 10 40 29 73 60 41 66 21 34 65 93 38 66 88 8 41 58 71 31
66 49 36 17 54 58 69 33 56 30 70 99 20 1 77 56 10 40 70 8
29 73 9 54 34 86 17 47 7 32 40 33 87 46 81 3 22 53 85 96
61 54 99 44 46 27 85 55 66 70 43 45 12 38 86 12 91 24 85 31
59 13 53 90 32 3 1 9 45 32 87 71 92 42 70 2 72 15 93 45
32 9 33 97 20 97 96 4 78 86 45 74 39 70 73 15 44 73 66 81
