50 20
11 0 1 6 3 4 17 19 12 9 14 2 13 16 10 15 8 7 5 18
14 7 1 16 18 19 17 0 13 4 8 15 12 5 10 3 11 2 6 9
17 5 16 13 2 19 3 10 0 1 18 4 7 8 9 11 15 14 12 6
11 4 3 17 1 2 18 5 10 0 6 7 12 9 14 15 8 19 16 13
18 10 16 6 5 19 4 17 11 3 12 14 1 9 13 8 2 15 7 0
3 16 13 6 1 8 17 5 4 7 18 14 19 12 0 9 15 2 11 10
9 6 13 17 19 8 18 3 4 11 12 5 2 1 15 16 0 7 10 14
0 11 15 17 2 10 13 8 3 18 14 19 9 6 12 5 16 4 7 1
8 15 14 0 17 4 9 16 11 1 19 13 6 2 7 10 12 18 5 3
17 6 5 1 10 12 14 3 15 11 16 4 19 18 2 9 0 8 13 7
18 7 1 13 5 14 16 6 10 4 17 15 19 12 2 3 9 0 11 8
6 3 1 0 18 10 13 8 16 15 14 19 7 2 11 17 9 4 12 5
18 1 19 12 11 13 7 4 8 5 2 16 14 10 9 0 3 15 6 17
10 4 2 9 18 11 16 3 1 7 14 5 8 15 17 12 13 0 6 19
2 13 3 15 0 8 16 10 19 4 5 9 11 1 18 14 12 17 7 6
11 15 19 7 9 2 14 1 8 3 16 6 5 18 4 10 12 17 13 0
6 1 18 7 15 10 3 9 17 8 2 14 0 5 11 4 12 13 16 19
11 19 1 15 14 18 6 0 2 3 9 4 13 12 10 8 16 5 17 7
9 3 12 18 1 16 11 6 7 13 5 17 4 2 14 8 10 15 0 19
16 12 13 3 4 18 6 8 15 11 0 17 9 7 2 14 1 19 5 10
10 12 1 0 9 7 19 5 2 16 3 17 15 8 18 11 13 6 4 14
16 8 3 19 0 9 7 13 4 15 11 5 14 18 1 17 10 12 6 2
1 18 7 16 14 12 15 17 6 0 2 9 10 5 3 19 8 11 4 13
4 10 0 13 11 6 5 18 15 17 7 9 12 16 1 19 2 14 3 8
18 2 4 17 11 10 5 9 15 12 0 19 6 7 13 16 3 8 14 1
10 1 8 3 18 14 11 4 13 17 9 15 2 16 19 6 7 12 5 0
9 5 15 13 4 7 19 2 1 16 17 14 18 11 12 10 3 0 6 8
7 0 12 2 5 3 16 4 15 13 18 1 9 8 6 17 19 14 10 11
0 1 12 9 6 3 17 8 14 16 19 2 18 10 4 13 15 5 7 11
11 3 2 10 1 15 19 7 13 6 12 14 5 18 16 4 17 0 8 9
19 7 9 8 13 5 18 15 16 3 2 17 14 4 1 10 12 11 6 0
15 2 12 7 13 17 3 5 8 0 11 9 6 4 18 19 10 14 16 1
0 8 16 5 7 15 2 6 1 3 13 18 10 12 14 11 9 19 17 4
8 14 5 6 1 7 0 2 4 15 19 11 18 10 9 3 17 13 12 16
13 4 15 6 7 3 16 11 9 17 12 10 1 18 19 14 0 5 8 2
9 13 5 17 3 1 2 0 12 18 4 10 8 14 15 19 11 7 16 6
6 8 9 2 16 19 14 11 1 5 12 10 17 7 18 13 4 0 15 3
4 6 3 11 13 1 15 10 19 18 16 7 8 5 9 14 17 2 0 12
8 17 1 3 2 0 18 9 15 12 11 6 10 14 4 16 5 13 7 19
9 11 5 6 8 17 0 2 18 7 13 15 3 16 19 1 14 12 4 10
8 1 7 6 18 14 12 16 15 9 3 2 5 0 17 13 11 19 4 10
0 4 18 5 19 2 8 6 17 13 1 14 16 12 3 15 7 9 10 11
10 7 11 17 8 2 14 13 3 9 16 5 12 18 1 4 6 15 0 19
5 0 9 3 18 2 1 8 11 19 14 16 15 7 6 10 13 17 4 12
7 8 16 19 13 11 3 5 15 9 17 2 14 18 12 10 4 1 6 0
19 12 11 2 15 16 13 0 10 6 9 8 17 14 18 3 4 7 5 1
18 7 12 1 4 17 5 9 19 0 11 6 10 16 2 3 13 14 8 15
15 5 6 2 18 8 16 4 13 19 7 10 12 14 1 3 9 0 11 17
9 19 4 2 15 14 16 3 11 5 10 0 1 13 7 8 12 6 17 18
15 5 9 19 11 6 18 10 1 7 2 13 12 16 17 4 3 14 0 8
39 53 40 67 64 7 96 78 95 87 55 36 41 72 98 88 32 16 8 41
88 15 5 47 81 96 88 72 16 9 20 12 16 41 1 8 53 36 45 26
2 70 82 57 93 41 90 21 64 94 79 62 5 89 12 78 94 37 60 36
80 37 80 23 98 93 46 55 56 43 83 48 97 76 85 66 5 96 81 93
68 88 48 1 20 53 3 12 18 59 6 100 3 76 100 27 72 30 87 15
50 64 97 58 35 26 11 68 26 17 34 13 23 54 68 17 18 62 70 60
74 37 93 35 29 98 6 37 21 51 4 45 11 15 25 83 50 43 31 49
40 81 56 31 76 86 91 49 59 57 82 52 13 48 99 57 21 36 28 5
73 68 57 49 1 76 13 57 64 28 65 40 24 70 70 56 37 77 59 87
65 47 45 89 16 26 4 56 41 32 71 94 36 81 84 96 80 76 43 84
33 45 32 8 77 2 69 71 61 95 86 12 34 58 39 11 42 56 78 43
76 9 54 69 94 75 41 24 20 64 85 17 53 31 22 81 37 76 22 56
23 92 86 11 15 72 9 96 4 22 98 19 71 86 52 70 81 16 83 61
82 42 46 95 27 67 97 83 19 27 73 18 27 15 42 71 32 18 6 13
20 85 36 26 99 32 14 16 84 47 53 18 70 92 8 72 85 79 92 13
90 40 71 34 4 93 68 23 73 62 55 98 57 51 36 64 90 11 26 52
40 47 48 99 27 24 97 84 40 76 8 51 66 29 29 68 88 67 11 97
80 55 48 1 87 1 58 74 18 47 9 47 27 85 100 23 57 76 41 2
33 91 100 17 45 9 62 11 4 27 75 16 96 21 11 14 62 96 13 94
80 9 38 99 66 60 21 100 60 57 73 54 94 48 72 64 51 87 95 10
77 2 1 12 87 44 13 34 20 53 49 77 63 36 45 26 7 48 15 47
37 17 22 95 55 100 76 49 67 5 98 20 81 97 98 97 63 95 17 6
86 76 69 29 52 93 37 33 36 34 47 98 50 11 53 32 7 77 31 29
91 2 40 42 39 10 75 50 68 51 92 9 100 9 22 1 72 23 74 97
44 58 16 31 37 40 8 21 8 72 37 25 87 27 88 31 12 6 63 87
97 91 28 96 23 39 98 99 74 41 12 35 41 43 40 58 5 93 20 96
68 39 85 34 89 70 21 13 74 90 53 78 61 12 14 56 32 99 81 51
29 67 70 45 1 39 67 84 64 100 85 79 74 79 14 33 65 84 58 4
96 9 16 52 64 21 3 89 44 74 32 1 86 69 48 77 69 45 17 90
68 73 44 70 53 30 85 35 35 93 25 69 36 25 80 59 74 20 77 43
92 88 61 43 39 75 43 88 61 46 74 29 26 73 96 1 9 61 81 39
34 1 20 80 97 79 59 75 31 66 67 76 72 47 48 34 31 99 45 93
78 16 98 37 29 90 66 75 20 44 34 90 28 71 29 44 90 42 98 45
77 34 2 26 9 63 4 70 48 10 99 4 84 32 23 46 80 14 21 57
78 90 40 36 10 86 20 28 91 84 97 60 67 94 16 87 10 2 28 28
97 68 3 4 99 31 4 91 77 89 83 85 31 48 6 32 4 64 45 58
61 59 21 43 42 66 43 83 78 12 22 98 17 30 60 2 25 1 9 43
100 83 95 69 100 85 93 30 100 10 16 76 34 74 88 86 16 38 9 27
55 52 61 26 43 66 94 4 35 29 56 56 35 59 8 82 45 64 13 75
39 85 97 65 86 68 62 49 21 60 98 73 66 60 33 73 55 43 2 65
55 37 82 96 51 25 8 89 84 61 33 62 44 44 17 63 58 26 95 80
51 50 27 9 81 40 21 46 91 17 94 96 3 64 49 43 84 99 83 89
89 67 22 58 46 58 55 21 22 26 76 12 89 13 57 73 63 46 64 28
48 100 45 12 28 78 16 76 29 59 41 20 93 4 44 20 1 58 32 41
19 29 67 4 40 53 82 35 66 44 65 14 48 82 15 50 49 9 83 63
8 11 41 17 15 15 49 62 98 34 47 72 19 5 68 64 82 82 65 36
25 13 20 24 36 16 90 89 31 63 43 90 55 33 10 42 98 79 35 61
67 6 9 9 72 49 10 87 29 9 100 98 47 10 92 78 16 31 65 42
16 61 100 6 94 81 66 33 82 77 83 59 8 16 81 88 69 22 67 22
84 27 11 47 17 48 29 71 79 46 92 73 67 69 61 86 43 92 38 20
