50 20
3 2 8 15 19 10 9 18 12 4 13 1 5 6 14 17 7 0 11 16
3 11 5 4 0 7 1 18 15 16 19 13 9 2 8 14 17 6 10 12
0 16 17 2 6 10 3 12 11 15 13 19 14 1 18 9 5 7 4 8
6 11 19 3 10 15 9 2 7 12 13 14 18 17 4 5 1 16 8 0
7 16 19 5 3 9 10 18 4 8 11 6 1 17 2 12 15 14 13 0
10 6 1 11 16 2 18 5 9 12 17 4 19 13 7 15 14 3 0 8
8 11 18 9 13 19 16 6 15 0 2 4 17 7 10 3 12 14 5 1
2 3 4 6 12 0 1 7 10 19 16 13 15 11 18 8 14 9 17 5
14 2 6 0 11 16 15 9 1 17 18 10 13 7 5 3 12 8 4 19
8 7 14 0 9 11 2 6 1 15 3 13 5 17 10 12 18 16 4 19
4 2 18 11 9 0 6 15 8 5 12 7 17 10 1 16 3 19 14 13
14 8 13 16 4 2 17 9 11 19 12 5 1 0 18 3 10 15 7 6
2 9 0 14 18 17 1 4 6 3 19 10 5 8 15 11 16 12 13 7
0 5 17 4 3 7 13 1 2 18 15 8 6 14 12 16 9 11 19 10
6 16 11 14 2 12 0 19 3 17 10 5 9 4 8 1 18 15 7 13
15 13 0 12 16 3 7 5 1 11 2 6 18 4 8 10 14 9 17 19
7 12 17 15 5 1 16 0 6 14 9 8 18 19 3 13 4 2 11 10
18 6 10 7 13 16 15 8 17 14 19 0 12 9 2 1 4 5 3 11
13 2 0 18 17 16 12 8 6 19 1 4 14 11 9 5 3 10 7 15
11 10 9 3 15 12 13 16 8 1 19 18 7 14 4 0 6 5 17 2
19 12 8 0 18 9 15 17 7 10 5 2 6 13 11 4 14 3 1 16
8 7 11 3 19 17 16 9 18 14 5 2 0 15 1 10 12 13 6 4
12 18 13 9 7 0 19 5 10 3 8 2 14 4 16 6 17 15 11 1
8 12 2 15 11 18 9 16 17 6 5 4 13 10 0 1 14 19 7 3
11 9 5 17 2 13 6 19 15 4 1 0 14 10 18 8 3 12 7 16
16 10 7 0 17 15 2 14 11 3 9 1 4 12 18 19 8 6 5 13
13 14 11 4 17 0 7 8 19 12 3 18 10 15 5 1 16 2 6 9
1 11 3 6 16 0 19 13 2 15 10 12 9 17 14 7 18 4 8 5
9 19 12 0 2 1 18 16 15 17 10 6 11 3 7 13 5 8 14 4
18 13 3 8 17 16 10 2 15 6 1 14 7 12 4 9 19 11 5 0
6 12 18 8 4 5 1 19 15 7 14 9 13 17 10 2 16 3 11 0
0 15 10 4 11 18 2 16 6 3 13 8 1 19 12 7 5 17 14 9
5 7 12 17 2 15 1 16 18 10 4 13 14 0 6 3 9 8 19 11
2 18 17 12 16 6 19 7 9 1 15 10 5 11 4 3 0 8 14 13
15 13 6 11 10 14 2 12 16 3 17 1 9 7 8 4 19 0 5 18
2 13 0 16 4 17 5 19 9 10 8 12 7 14 3 11 1 6 18 15
7 12 8 3 10 19 11 13 5 2 0 9 15 18 1 6 17 4 14 16
8 15 5 2 6 12 4 0 9 14 13 1 16 17 3 11 19 7 10 18
17 5 18 0 2 13 16 8 9 14 10 6 12 4 11 19 7 1 3 15
10 19 17 9 13 8 18 0 2 15 4 6 14 11 3 12 1 7 5 16
2 0 11 19 17 16 10 18 3 9 1 14 7 13 15 6 4 5 12 8
19 4 16 15 2 13 18 7 11 12 6 10 14 5 0 17 1 9 8 3
17 16 1 12 14 18 7 9 4 3 0 6 10 5 8 19 11 15 2 13
13 10 9 1 4 12 14 15 3 2 16 11 8 5 19 18 17 7 0 6
17 13 0 3 4 16 6 12 15 19 8 14 9 18 11 2 5 1 7 10
16 6 18 15 13 1 4 0 3 7 14 2 11 9 19 17 5 8 10 12
8 2 15 17 1 11 18 3 6 13 5 9 4 10 12 14 16 0 19 7
9 19 13 8 1 6 2 7 0 15 10 11 14 17 4 12 18 5 16 3
9 7 10 13 15 0 6 14 4 8 5 2 19 18 1 17 12 3 16 11
8 19 15 3 11 0 2 12 4 5 14 13 18 7 6 17 1 9 16 10
79 1 100 20 97 68 12 8 48 33 95 71 91 8 50 22 76 82 40 38
54 15 75 37 26 23 52 100 100 44 58 12 67 95 61 54 60 47 17 57
96 79 59 9 10 94 7 44 53 42 23 99 24 95 54 44 62 47 85 36
95 49 19 15 60 42 77 23 17 35 96 97 58 91 71 95 78 73 70 60
75 90 40 57 86 35 97 71 80 97 16 86 31 20 93 65 82 40 86 15
42 40 22 49 65 60 5 2 9 95 13 74 78 78 51 13 73 34 56 78
24 29 91 26 10 90 72 88 29 7 88 4 34 46 30 41 66 40 48 57
48 62 54 15 87 27 72 61 22 33 86 18 9 63 21 91 35 76 43 72
46 78 39 1 4 91 97 81 4 94 39 36 33 8 27 62 24 20 69 27
39 20 62 68 63 2 75 5 46 36 51 93 12 100 3 27 96 15 70 3
65 24 56 68 29 55 79 26 18 29 7 96 96 71 85 16 53 97 68 19
46 55 46 69 84 34 14 51 61 96 54 66 38 27 7 45 87 46 81 40
29 79 23 18 37 23 19 79 74 75 90 71 50 3 59 88 81 63 83 36
35 50 34 88 84 47 21 11 96 94 99 97 24 4 92 18 77 65 66 1
40 43 64 77 100 10 51 45 41 25 23 16 76 64 44 10 7 39 62 89
69 26 35 24 56 67 17 2 61 8 64 55 2 56 44 36 99 1 72 4
75 40 37 65 64 95 51 9 86 40 75 94 57 24 84 69 90 68 42 55
67 69 29 30 37 53 51 3 63 25 20 33 30 51 9 25 58 19 95 3
66 34 51 69 31 5 13 29 47 1 52 46 81 14 93 10 81 17 58 75
41 15 72 74 78 69 88 21 85 82 100 77 12 59 4 32 80 82 64 62
52 81 98 56 28 44 59 76 23 85 27 10 6 4 15 27 26 37 65 74
13 17 13 85 53 60 61 30 50 71 43 34 49 33 12 15 5 87 36 48
79 83 53 85 97 7 99 39 61 66 65 37 35 28 18 7 91 72 92 83
29 68 85 47 18 83 72 41 98 57 24 71 29 19 38 28 39 21 3 46
10 99 2 73 41 35 96 77 2 24 14 69 69 70 6 25 52 82 12 47
48 14 85 29 89 90 46 15 24 59 12 7 15 64 82 55 8 13 15 26
71 58 31 4 70 97 15 1 70 83 47 27 65 47 75 16 20 65 80 84
84 89 1 4 36 38 99 98 4 65 57 35 63 12 60 56 32 69 79 30
53 41 74 82 46 60 98 50 67 97 9 44 46 75 24 63 46 56 85 35
55 75 80 94 94 77 66 44 70 84 10 39 75 81 48 94 43 69 51 25
47 87 71 69 92 93 91 76 67 85 34 47 17 38 73 6 30 26 74 31
16 57 27 87 15 86 24 67 43 61 10 10 25 44 28 22 100 90 49 58
42 81 6 31 63 80 86 81 12 78 33 65 95 58 65 8 25 83 27 55
100 38 36 54 47 20 44 9 44 37 59 59 97 15 68 70 53 54 30 18
62 7 22 62 10 99 47 2 96 96 16 56 36 51 79 53 89 28 21 6
5 85 76 27 41 51 16 3 93 24 65 59 5 33 87 58 93 82 81 52
45 72 31 57 16 8 31 22 14 49 93 53 36 37 88 1 70 47 30 37
47 4 90 83 14 93 34 48 5 36 26 71 5 33 36 28 71 48 32 24
32 66 78 28 1 97 21 37 45 61 16 91 6 68 73 98 59 63 64 54
23 23 64 63 82 58 36 46 84 21 23 57 50 2 70 92 18 87 78 40
86 34 56 46 52 8 39 33 70 46 91 14 62 13 82 40 34 28 4 38
24 95 73 34 75 1 27 90 50 73 53 88 56 56 51 48 92 76 99 56
96 32 8 7 100 84 34 52 7 8 18 50 43 73 10 31 100 17 19 53
20 69 42 11 93 60 45 44 65 99 63 1 8 6 82 68 42 99 37 60
9 13 67 97 53 44 55 80 72 87 32 52 59 91 73 71 72 6 29 17
87 57 85 50 62 5 84 51 10 7 10 75 12 41 43 63 64 68 35 68
87 34 21 87 27 22 18 84 28 96 61 61 34 48 99 93 40 91 49 2
30 9 82 94 2 52 13 9 42 71 91 10 74 99 41 99 7 49 53 19
94 66 63 90 39 30 15 49 1 65 26 90 72 16 19 90 99 78 46 22
4 70 68 93 38 61 13 67 38 4 29 68 21 25 37 8 98 100 93 76
