50 20
2 3 1 16 11 7 13 5 12 8 0 9 14 6 15 19 18 4 10 17
6 12 0 5 4 3 17 13 7 8 14 10 1 18 16 9 19 11 15 2
6 13 16 18 4 3 15 9 14 2 11 12 1 10 19 5 17 7 8 0
4 11 2 6 0 16 13 7 14 19 17 1 8 12 5 3 18 9 15 10
2 19 9 4 18 11 6 7 16 17 13 1 8 14 12 10 15 3 5 0
1 10 6 4 15 17 9 2 16 19 14 5 3 12 18 7 8 13 11 0
11 15 19 17 13 6 7 4 5 2 16 8 18 0 1 12 14 10 9 3
5 1 15 6 0 18 8 14 3 13 19 7 4 17 16 10 11 2 9 12
19 3 13 1 17 2 8 7 11 18 4 16 6 0 12 15 10 9 5 14
4 8 10 3 17 19 18 5 11 2 6 7 1 16 12 13 9 14 15 0
10 16 1 6 9 17 3 13 14 15 19 5 0 12 2 18 8 11 4 7
1 4 15 10 13 0 7 6 19 8 18 3 16 5 12 2 14 11 9 17
7 2 19 10 16 15 6 9 0 5 18 11 1 3 4 13 14 12 17 8
7 14 15 18 1 0 13 4 16 9 5 11 17 10 2 3 8 6 19 12
1 12 2 7 13 15 10 17 8 4 19 18 11 9 0 3 6 14 16 5
16 15 12 8 17 19 3 10 9 7 2 4 6 1 14 11 5 18 0 13
18 14 2 4 17 1 10 19 6 13 11 0 9 7 8 3 16 12 15 5
15 17 10 11 18 4 19 8 5 13 12 3 2 9 7 1 14 6 16 0
12 9 18 0 10 19 16 7 14 13 1 3 6 15 5 17 11 4 8 2
6 18 13 12 9 14 4 1 0 7 2 19 3 5 8 15 16 11 10 17
5 16 4 3 11 14 2 17 0 19 8 10 7 12 18 13 1 15 6 9
10 14 7 3 16 15 8 19 2 4 17 9 12 11 18 0 13 6 1 5
2 15 6 8 7 19 18 0 5 9 1 3 13 14 12 10 4 16 11 17
9 0 13 18 15 6 1 2 16 17 12 19 3 14 8 4 10 7 11 5
4 19 11 15 17 8 16 9 10 0 18 3 7 12 2 1 13 6 14 5
9 19 14 8 17 0 13 3 6 12 11 1 10 16 4 18 7 15 5 2
13 3 0 17 10 12 18 2 4 6 1 14 9 7 16 11 5 19 15 8
19 5 9 4 17 2 8 11 12 18 13 14 10 15 3 1 6 0 7 16
9 7 16 11 8 3 18 13 6 12 10 4 1 5 19 0 17 14 2 15
4 19 2 17 12 15 0 9 13 5 1 7 3 18 10 16 8 14 6 11
11 8 7 15 3 13 19 18 12 1 10 17 0 4 9 14 6 16 2 5
5 6 3 13 1 11 4 17 2 9 19 10 7 18 15 12 8 0 14 16
15 18 6 11 16 1 2 17 5 19 4 3 14 8 12 7 13 10 0 9
0 3 15 11 4 18 1 8 12 6 16 9 10 7 14 13 5 17 2 19
2 17 7 11 15 16 19 18 14 10 12 4 9 5 13 8 6 1 3 0
1 5 10 8 17 16 19 11 7 18 9 4 14 2 3 6 15 12 0 13
5 19 6 1 0 4 7 13 3 16 18 8 10 14 12 17 9 11 15 2
12 5 17 3 8 0 13 2 14 11 4 16 15 19 7 6 10 18 1 9
8 4 1 15 12 16 3 2 11 7 14 13 19 17 10 5 0 18 6 9
12 5 2 3 13 17 9 8 4 0 6 7 14 16 1 18 19 11 10 15
7 18 5 3 1 12 15 6 13 0 11 8 2 17 14 16 19 10 4 9
16 2 12 19 4 17 5 18 1 14 8 13 6 11 10 3 7 9 15 0
0 8 18 6 12 10 14 15 2 13 5 4 3 16 19 7 17 11 1 9
17 2 10 9 8 18 5 13 14 3 1 12 0 11 19 7 15 6 4 16
17 4 18 8 11 12 5 19 16 15 3 7 13 6 9 1 2 14 10 0
3 14 5 9 15 16 18 11 17 0 1 12 13 8 2 19 6 4 10 7
9 19 10 7 8 6 15 12 0 16 3 14 1 17 11 18 5 2 4 13
12 7 0 8 15 19 6 16 1 5 3 11 9 2 13 18 17 10 4 14
10 15 8 7 13 5 9 18 19 17 11 6 14 4 1 2 0 16 3 12
2 9 17 13 18 16 0 3 4 12 5 6 19 1 15 14 11 8 10 7
66 2 13 93 64 48 94 4 44 87 64 7 3 31 42 11 21 44 22 73
100 77 99 59 65 72 97 6 15 86 44 71 61 13 10 49 52 26 57 50
65 97 22 97 69 38 70 57 95 51 7 90 50 67 95 80 36 70 65 22
14 30 90 48 87 69 21 59 14 32 92 40 16 32 55 8 53 45 60 72
34 94 30 95 70 100 65 51 58 98 25 19 57 13 57 79 69 27 76 90
50 73 99 94 61 80 7 8 49 55 3 45 34 2 18 96 18 90 60 63
91 81 45 50 97 55 10 8 16 67 100 73 47 9 6 91 26 55 30 12
19 47 54 65 20 83 55 29 96 6 27 31 35 65 30 1 70 24 6 38
18 50 28 99 28 80 15 11 47 25 23 22 19 36 64 58 18 44 26 76
99 79 40 73 81 91 98 10 9 24 65 19 47 92 40 74 3 26 10 26
50 48 34 12 4 78 63 53 88 36 33 91 66 48 65 72 51 12 29 77
26 94 17 19 71 57 90 88 21 88 81 36 28 14 39 32 79 68 71 32
42 63 21 97 67 90 55 87 23 3 72 80 89 19 45 65 78 89 93 91
65 13 21 34 53 60 61 69 59 68 33 3 84 90 85 83 27 7 31 16
23 81 4 35 60 92 43 3 96 83 40 32 11 48 82 3 71 3 98 84
86 74 89 74 72 85 99 68 18 42 45 51 67 35 58 11 25 40 57 73
61 26 77 4 12 3 73 71 31 68 39 69 47 87 14 8 99 91 49 50
82 90 55 64 44 32 98 33 50 10 26 65 96 19 83 88 30 36 34 37
92 44 1 47 56 64 43 20 24 84 12 18 16 64 10 59 17 51 70 66
4 23 43 64 46 73 29 2 91 90 70 41 65 9 32 9 7 3 80 60
27 51 67 100 38 95 48 36 14 49 24 79 4 87 63 62 86 23 66 62
60 79 53 82 79 61 70 20 91 23 61 15 80 39 68 100 16 39 17 67
9 14 35 29 13 92 27 50 46 30 15 74 49 100 55 89 25 68 37 30
49 49 3 1 33 19 28 54 3 4 1 39 2 67 46 21 87 60 44 73
82 63 50 54 87 62 8 20 78 59 33 23 50 13 43 66 38 22 26 69
35 12 11 49 69 46 70 18 59 24 99 34 56 59 86 61 57 18 44 12
21 10 4 7 17 62 21 84 39 12 63 85 71 28 93 43 39 68 83 25
12 88 8 92 38 43 15 42 4 34 92 8 48 85 19 92 41 95 54 44
19 38 93 18 36 7 61 48 89 86 69 54 56 1 21 16 9 36 12 67
53 44 47 95 7 2 88 77 15 75 57 26 45 49 87 74 78 79 97 56
70 51 47 96 59 28 54 16 45 62 15 42 12 95 94 9 80 31 11 2
54 76 60 8 44 53 99 49 59 32 55 56 29 80 81 100 7 95 46 12
76 71 8 51 95 61 1 47 24 10 28 17 88 13 81 96 46 38 49 97
24 72 19 24 33 51 8 52 61 9 40 32 77 59 84 57 8 84 89 75
97 25 87 54 95 41 27 14 63 68 10 100 71 20 92 62 38 6 98 59
91 13 16 91 95 84 19 61 56 72 29 75 10 3 40 28 87 96 49 85
48 8 47 96 59 30 6 67 70 34 53 87 38 94 38 86 70 22 82 25
19 45 83 23 45 90 78 79 7 1 13 84 1 66 23 87 83 85 21 94
46 2 65 60 16 30 96 29 28 34 62 81 26 64 94 82 25 73 32 32
74 90 41 86 69 88 23 70 85 26 88 26 54 27 85 98 18 10 55 87
13 43 96 56 35 54 64 63 94 50 61 22 83 58 1 23 92 66 2 36
99 90 57 21 49 67 44 71 19 64 32 31 95 37 52 100 80 52 78 92
54 7 59 11 89 56 74 99 22 44 40 9 42 10 85 98 56 29 28 68
64 48 23 75 31 95 57 41 24 87 20 7 38 79 93 1 9 27 24 99
35 65 20 70 73 82 15 79 18 27 79 92 9 74 46 98 63 18 51 71
5 75 21 31 100 6 6 99 99 51 23 56 43 24 70 43 94 77 30 15
58 78 86 17 43 71 60 47 95 76 64 61 6 100 94 72 18 46 93 86
32 88 23 62 3 46 16 3 73 99 82 94 46 89 84 54 44 91 54 88
97 12 84 97 32 98 16 73 24 18 20 69 35 84 65 40 14 60 25 61
55 87 25 50 3 78 34 94 73 71 35 24 66 44 69 10 52 33 12 73
