50 20
13 18 0 15 9 3 5 6 4 14 10 17 12 8 7 11 1 16 2 19
4 13 7 14 8 10 6 19 12 5 17 3 9 15 1 11 16 18 0 2
19 9 11 6 4 16 13 14 18 12 5 2 10 15 1 7 8 0 17 3
13 18 12 19 10 14 9 0 4 11 3 17 15 16 6 5 7 1 2 8
4 16 12 0 18 5 10 13 2 8 15 9 14 1 7 17 3 19 6 11
11 4 6 9 14 10 7 19 12 16 18 13 0 1 17 15 8 3 5 2
6 8 18 10 9 13 17 19 0 11 1 2 12 3 5 16 14 15 7 4
0 2 3 10 8 5 4 1 14 13 16 18 6 17 12 11 9 15 19 7
10 19 2 7 12 5 18 17 16 1 15 0 11 8 6 3 9 4 14 13
9 4 2 17 1 13 0 16 5 19 7 15 3 10 12 8 18 14 11 6
9 3 13 6 11 17 1 19 12 16 8 18 7 2 10 0 5 15 14 4
15 4 19 12 1 6 0 13 11 14 8 2 5 17 18 16 10 7 9 3
4 16 0 6 19 12 10 5 9 18 3 11 2 7 1 13 17 8 15 14
11 3 14 17 9 10 8 4 15 2 18 0 6 1 5 12 16 7 13 19
14 0 8 1 11 18 4 19 3 15 16 7 2 5 9 13 6 10 17 12
16 3 17 19 12 8 18 7 1 0 5 14 15 4 11 2 9 6 13 10
7 2 3 17 6 10 14 16 13 15 0 5 1 9 4 8 11 19 18 12
9 6 7 4 13 8 2 5 19 14 18 1 15 16 12 17 10 11 0 3
12 6 13 4 10 16 11 19 0 14 1 17 2 15 18 7 9 3 8 5
4 11 7 18 0 9 10 12 14 17 3 2 5 6 1 19 8 16 13 15
19 6 2 17 8 12 7 0 14 13 10 11 16 1 15 5 9 3 18 4
15 10 8 16 1 3 2 6 19 11 0 12 14 7 4 9 17 13 5 18
14 15 8 18 0 17 11 7 5 10 6 19 4 2 12 1 13 3 9 16
11 0 1 3 16 6 14 10 17 5 8 15 13 4 18 9 7 12 2 19
6 15 9 1 8 0 16 3 5 12 11 4 10 7 19 18 2 13 14 17
10 9 13 19 8 15 0 16 17 12 3 4 6 2 1 14 11 18 5 7
15 3 18 19 7 8 13 12 5 9 2 17 10 6 11 4 1 0 16 14
13 19 0 14 8 2 7 9 18 4 6 5 11 16 17 1 3 10 15 12
9 13 10 17 19 0 14 11 15 3 1 2 7 18 12 16 6 8 4 5
3 0 17 19 7 2 15 8 4 11 12 10 6 9 18 14 5 1 13 16
9 13 6 1 16 15 2 14 11 5 10 19 18 17 4 0 3 12 7 8
11 12 15 19 7 5 13 18 17 0 3 10 14 16 2 8 4 6 9 1
12 11 16 0 7 4 9 10 17 8 5 6 19 14 1 18 15 2 3 13
15 11 9 13 3 19 7 17 2 4 16 0 18 6 5 1 12 14 8 10
19 13 17 6 7 4 3 5 9 10 16 12 18 15 14 11 1 0 2 8
16 11 14 12 8 1 19 3 9 13 18 15 6 5 10 2 0 17 4 7
17 0 18 12 2 9 11 5 4 19 14 13 1 8 16 6 10 7 3 15
10 0 15 8 7 17 13 9 5 6 16 3 12 2 4 1 18 11 14 19
12 1 17 7 2 9 10 6 13 14 5 0 15 16 19 11 4 8 18 3
2 3 16 19 12 5 8 9 14 10 15 13 17 11 0 6 1 4 18 7
7 4 6 0 10 9 16 18 15 12 14 5 19 13 11 8 3 2 1 17
11 12 16 18 3 10 1 8 17 6 13 14 9 0 2 5 19 4 7 15
3 18 10 12 17 2 9 11 0 14 8 13 4 15 7 1 5 19 16 6
3 18 9 5 12 10 15 14 19 17 16 1 0 6 2 7 11 4 13 8
0 11 13 19 15 17 16 14 5 8 12 9 10 6 18 3 1 2 7 4
12 9 10 19 16 17 6 5 8 2 3 11 4 7 18 14 0 1 13 15
7 0 13 1 12 5 14 2 19 16 18 4 8 15 17 3 9 6 10 11
15 6 7 2 16 13 18 3 1 4 10 5 9 0 14 19 12 17 8 11
9 18 14 8 10 6 17 13 0 16 3 5 15 12 1 11 2 19 4 7
16 12 17 9 13 10 5 15 18 19 0 8 7 6 14 1 3 11 4 2
53 10 70 37 47 83 91 56 76 73 47 82 91 74 5 68 80 28 65 54
90 30 66 84 39 80 6 37 35 92 27 62 19 28 35 80 82 7 57 58
68 37 61 4 74 24 70 38 18 28 15 89 22 55 75 67 70 88 2 46
77 6 70 87 26 93 39 82 1 35 75 66 4 34 76 57 29 43 97 80
6 94 94 41 59 77 74 12 63 95 23 19 91 48 87 26 22 21 30 41
38 30 51 32 75 87 73 8 54 64 35 22 68 75 4 59 69 82 27 9
18 84 74 61 100 5 11 4 67 96 18 6 68 82 32 76 33 93 33 71
46 84 95 71 15 68 55 9 22 64 56 83 52 47 38 19 59 32 89 29
31 6 78 64 33 49 45 8 82 71 84 98 20 93 82 11 52 21 41 60
98 92 68 15 22 76 83 1 23 65 93 23 90 2 30 27 61 72 10 37
64 73 87 20 49 49 24 15 31 31 7 94 9 39 92 43 99 73 16 29
37 35 65 6 97 79 48 37 73 73 85 60 34 53 68 96 44 67 45 96
76 66 40 87 4 41 42 100 50 93 48 56 80 2 22 77 49 37 8 58
54 96 73 59 6 17 15 60 31 66 59 74 28 22 81 97 74 17 32 50
34 90 28 47 80 51 33 43 38 83 16 57 89 55 81 26 59 42 80 7
82 26 10 15 36 48 33 66 100 64 18 91 1 79 97 76 1 43 63 12
87 89 17 61 85 61 49 52 68 78 89 54 43 55 44 49 65 56 80 47
28 16 46 53 67 15 22 56 55 61 26 45 36 83 35 90 54 66 13 57
82 76 88 57 17 63 10 27 95 59 27 67 4 90 27 29 46 20 88 55
84 39 76 84 91 21 20 49 74 4 14 69 47 43 67 53 6 24 32 25
93 9 15 59 26 36 60 64 34 71 55 6 44 44 81 52 15 28 96 52
43 32 96 52 7 62 2 27 1 67 89 5 44 34 54 14 58 55 41 2
9 40 45 82 2 39 98 6 26 76 56 63 66 22 67 59 22 81 56 8
20 81 29 16 15 19 93 44 22 35 76 10 79 76 73 39 43 41 35 33
50 36 34 36 45 3 59 14 22 40 21 54 2 42 27 14 40 63 20 76
5 28 78 44 15 2 26 89 69 77 5 79 9 25 76 72 31 21 1 50
11 30 69 38 66 98 87 95 3 52 75 3 56 24 84 79 65 47 66 27
44 38 76 96 10 88 21 51 76 68 61 21 74 48 28 9 61 47 43 34
28 72 61 72 76 95 24 20 32 30 65 68 57 4 96 63 43 28 47 24
64 36 17 77 65 30 83 2 38 38 22 15 29 85 92 81 80 72 4 1
99 88 49 44 53 59 2 89 76 36 55 58 36 58 38 39 45 75 61 78
36 17 13 84 70 93 94 85 27 69 70 34 49 12 20 24 49 74 83 90
96 53 31 60 66 80 32 27 46 95 88 1 10 88 95 53 26 91 79 99
21 97 54 62 97 9 55 17 21 86 81 58 77 60 79 80 21 83 1 56
77 38 77 4 76 42 92 100 52 86 3 87 100 36 10 17 84 69 59 29
18 66 54 31 33 59 35 52 4 16 6 100 85 87 39 71 80 47 24 22
100 49 24 70 64 65 35 96 26 1 59 71 47 40 24 40 99 30 90 5
45 69 41 17 26 90 5 75 53 22 10 63 38 21 77 82 7 28 70 25
26 50 21 75 69 35 3 9 7 17 12 84 21 25 9 38 98 28 86 36
86 78 41 82 24 16 94 91 27 86 1 83 100 18 17 28 28 25 1 54
1 19 28 3 62 37 45 41 47 40 33 25 61 19 56 94 82 18 6 54
14 95 87 59 25 96 28 31 39 19 73 78 91 63 60 35 16 73 52 18
9 26 19 26 84 7 17 12 68 17 18 34 90 25 57 9 90 43 9 72
76 16 82 9 42 13 50 5 60 20 74 17 24 22 7 91 72 43 23 31
37 90 62 91 76 38 18 81 23 14 81 48 64 54 99 96 92 92 21 5
12 49 59 7 85 38 16 17 96 6 39 79 1 87 21 57 28 48 70 24
80 14 25 86 92 39 50 32 49 89 95 29 10 10 54 69 19 53 58 17
55 70 50 77 5 63 33 46 62 8 73 93 39 24 36 20 38 72 80 25
65 86 4 15 39 25 87 88 45 75 68 92 22 11 66 45 30 85 96 66
14 16 67 38 73 3 68 99 53 69 69 40 21 85 62 15 70 49 95 91
