50 20
14 17 1 4 6 18 10 8 12 16 9 0 5 7 15 11 2 3 19 13
18 13 0 10 9 11 17 7 5 2 16 6 12 15 1 14 4 19 8 3
8 14 5 9 17 3 4 19 13 18 12 15 10 2 6 7 1 11 16 0
5 7 14 10 12 18 11 1 15 19 3 16 17 0 2 13 4 8 9 6
12 18 19 6 15 14 16 17 11 13 2 1 4 9 3 7 0 5 8 10
2 19 0 18 3 13 5 7 9 15 1 6 17 4 14 11 8 10 12 16
3 10 6 12 14 19 13 16 15 2 17 11 4 5 8 7 18 1 0 9
6 5 9 15 18 12 3 10 0 2 4 11 8 7 13 19 14 17 16 1
7 4 14 13 16 2 12 11 0 1 10 15 17 3 8 19 5 18 6 9
1 13 5 7 18 14 15 6 17 8 2 9 12 3 19 16 4 0 11 10
8 15 19 6 16 9 4 3 5 2 13 12 11 14 18 1 7 17 0 10
6 9 15 17 11 5 3 8 2 18 0 14 4 12 7 10 19 13 16 1
7 0 13 1 17 15 19 4 14 6 16 18 8 11 3 5 10 12 9 2
4 8 18 10 2 3 9 17 14 7 6 13 15 11 16 0 19 5 12 1
19 5 17 4 14 10 18 11 2 16 9 0 6 7 15 8 12 3 13 1
12 15 0 14 10 4 2 11 7 13 1 18 3 17 6 19 5 8 9 16
6 18 13 4 17 3 14 5 1 7 10 2 15 8 16 0 11 9 19 12
17 15 1 8 3 9 19 4 2 18 7 12 0 14 5 16 13 10 6 11
4 15 17 7 8 1 19 5 10 18 14 11 0 12 13 9 6 3 16 2
12 17 14 9 10 19 3 7 2 4 6 18 1 8 5 11 15 0 13 16
12 8 9 4 7 10 5 11 6 15 17 16 14 19 0 2 13 3 1 18
6 14 16 7 3 19 17 1 15 18 10 11 5 4 2 0 12 8 13 9
3 16 6 14 11 8 13 19 4 2 0 9 1 7 18 5 17 12 10 15
3 12 13 19 14 18 5 6 7 1 9 8 10 4 0 16 11 15 17 2
0 18 3 2 1 12 16 4 15 17 9 7 6 8 14 10 5 13 11 19
13 5 1 4 3 6 2 8 9 11 0 12 14 19 16 18 17 15 7 10
19 16 9 18 0 7 13 2 11 4 12 17 6 3 8 10 14 1 5 15
12 11 14 18 15 1 0 4 8 9 10 13 19 17 7 5 2 3 16 6
2 19 10 9 6 17 16 1 5 8 13 11 18 7 4 15 12 3 14 0
9 14 19 6 8 2 0 1 17 5 3 18 16 10 13 4 12 11 15 7
9 3 8 5 6 19 4 15 1 14 7 0 12 10 2 17 11 16 13 18
7 19 13 1 9 17 3 14 16 2 6 15 12 0 10 11 4 5 18 8
19 14 15 0 8 6 10 7 13 4 17 12 1 16 9 5 3 11 18 2
4 15 19 14 7 0 6 18 3 12 16 5 10 8 1 2 9 13 11 17
2 6 11 4 5 13 14 9 7 0 16 19 17 15 1 18 10 3 12 8
18 12 1 10 4 6 13 17 14 16 9 5 2 8 11 15 7 0 3 19
5 10 2 4 11 18 0 13 12 17 16 9 3 6 7 14 15 19 1 8
4 12 10 19 15 1 8 3 18 14 11 9 5 17 2 13 0 16 6 7
4 18 12 14 5 8 7 0 15 19 16 2 10 9 13 17 6 11 3 1
19 3 6 18 17 9 15 7 11 4 13 12 1 5 8 2 14 0 10 16
1 18 5 11 16 8 6 9 14 17 4 2 7 13 15 0 12 19 10 3
0 18 4 12 6 19 2 13 10 15 14 3 7 1 17 5 9 8 11 16
6 11 10 12 17 19 2 7 4 5 8 0 14 1 16 18 3 13 9 15
3 10 5 13 7 11 15 0 4 8 1 17 18 19 14 2 16 12 6 9
0 1 12 15 11 2 16 4 8 3 10 9 17 7 14 6 18 5 19 13
3 0 10 4 19 15 7 1 5 11 6 14 2 8 18 12 13 16 17 9
18 13 19 9 10 6 12 1 2 11 15 14 3 17 8 5 4 16 0 7
5 9 2 1 3 19 7 14 12 6 17 4 11 0 16 10 13 15 8 18
17 9 2 4 6 0 18 13 14 3 11 12 19 16 8 10 15 5 1 7
1 3 16 2 0 12 14 10 19 17 18 6 13 9 7 4 5 11 15 8
29 79 11 68 63 19 56 68 32 2 49 48 93 69 88 79 65 4 19 61
34 89 89 21 90 48 11 31 67 94 73 32 39 95 4 19 55 31 47 9
67 97 76 87 96 94 34 26 5 44 89 33 83 94 4 99 11 60 90 70
37 90 83 1 99 53 34 53 81 61 57 41 24 28 52 73 91 14 75 91
61 81 30 81 26 29 75 46 35 14 20 72 75 34 44 100 14 86 6 8
68 18 59 81 34 33 36 30 53 92 15 10 45 63 77 40 35 73 21 68
84 88 88 31 54 8 23 22 21 48 83 54 77 27 97 16 22 38 99 56
35 34 97 97 68 7 2 41 100 11 10 98 83 55 49 19 79 57 16 99
85 38 69 34 40 66 4 44 36 98 42 100 32 14 10 3 44 17 19 8
60 33 55 24 61 100 5 31 64 37 58 22 15 56 49 99 82 19 22 85
97 53 30 86 54 85 73 79 99 10 91 12 32 16 66 30 97 94 53 66
39 86 44 93 70 92 53 78 1 3 93 95 99 37 35 1 85 11 86 62
25 25 68 22 69 13 84 15 30 39 27 64 49 31 30 47 10 86 66 92
99 70 17 77 52 77 67 66 69 54 24 85 95 73 48 6 47 28 59 95
50 47 59 81 78 53 36 79 82 51 32 76 65 87 71 5 39 96 25 41
40 84 37 92 25 39 11 59 67 61 68 18 7 22 50 41 86 98 73 19
7 4 39 88 4 22 65 13 99 6 63 7 17 30 46 73 97 78 81 82
48 65 17 70 53 47 28 58 23 32 49 98 70 24 65 72 28 93 95 2
94 51 52 20 54 44 53 97 81 8 27 76 86 100 86 25 39 13 1 19
97 33 92 71 24 20 9 5 37 9 34 63 37 31 64 89 18 81 11 56
13 69 29 79 98 57 70 54 48 19 28 32 93 67 82 23 33 93 87 91
80 74 96 18 40 74 96 75 61 11 54 61 32 47 97 50 81 31 94 18
47 30 26 94 90 70 95 38 71 98 27 36 9 70 70 43 17 59 84 30
65 64 46 38 34 2 55 17 95 75 73 80 60 48 40 30 47 5 53 78
26 79 35 89 49 16 88 21 68 16 40 78 97 43 6 47 27 65 20 26
25 4 24 57 97 71 92 52 95 67 72 15 59 2 7 62 10 72 38 78
78 42 14 45 25 59 60 16 37 75 4 95 69 25 67 72 23 6 49 41
43 62 93 22 1 18 63 66 1 15 70 82 20 58 93 59 78 22 66 44
34 91 48 15 80 90 56 56 65 60 17 93 85 85 76 42 39 91 19 7
83 38 68 63 33 88 50 75 86 99 54 44 43 40 95 82 12 42 13 29
39 68 82 64 7 62 44 6 80 27 90 77 35 81 43 59 18 89 19 14
42 52 58 1 51 89 78 50 54 29 13 75 77 69 44 74 57 13 40 37
76 64 57 22 52 30 72 46 10 41 57 2 58 3 90 49 88 69 45 15
47 36 7 1 28 27 14 11 83 12 20 82 29 63 13 44 42 1 5 82
28 48 13 79 11 31 73 91 62 63 69 64 38 24 5 40 16 56 87 21
39 63 17 24 23 21 73 97 76 78 58 95 59 48 75 40 73 75 93 11
26 2 25 2 23 7 81 29 49 98 61 19 80 56 30 28 46 13 54 9
49 74 54 78 62 64 93 40 37 65 87 40 88 47 65 93 5 67 83 51
7 79 24 75 56 45 31 1 18 17 80 89 8 38 85 66 72 65 31 23
15 49 77 48 62 79 69 99 41 37 54 69 24 79 20 98 90 38 37 79
53 66 45 9 85 87 77 73 80 100 81 48 88 69 48 84 31 23 76 31
60 10 42 89 71 59 3 2 29 65 6 17 99 40 11 19 37 15 85 55
75 73 86 87 60 63 85 79 4 11 79 26 23 23 14 23 74 71 39 68
9 84 57 81 60 86 68 79 1 31 91 74 30 94 52 59 52 85 2 90
50 86 90 61 56 92 59 67 68 49 99 96 23 83 96 40 50 96 23 11
89 35 79 84 71 14 35 37 14 79 92 63 55 52 85 75 14 58 7 44
62 72 94 21 17 8 59 54 77 41 89 20 8 56 12 82 58 57 58 19
5 97 6 6 82 61 66 88 57 50 34 99 89 32 44 50 76 32 66 72
59 65 92 90 50 48 82 1 10 55 28 19 30 46 9 3 41 51 88 83
43 40 23 7 61 35 41 96 81 74 85 17 66 54 36 74 50 82 34 52
