50 20
2 18 14 1 17 13 16 3 0 6 15 8 4 11 9 19 5 7 10 12
1 14 10 6 7 8 9 13 12 16 5 15 18 2 11 4 19 3 0 17
9 4 8 3 15 7 5 6 13 11 19 1 12 16 2 10 14 18 0 17
17 4 13 6 19 1 5 7 18 11 0 16 15 8 3 2 14 9 12 10
14 13 10 16 2 7 9 3 15 8 19 1 12 11 6 18 17 4 5 0
12 17 4 14 1 18 10 11 8 0 6 16 13 7 3 2 9 19 5 15
18 1 6 10 4 15 3 13 14 9 5 8 19 2 11 12 7 16 17 0
8 3 1 10 12 13 0 9 4 19 7 15 14 6 17 18 2 5 16 11
9 7 1 10 2 18 6 13 11 16 4 0 19 3 14 5 17 8 15 12
15 11 16 10 8 6 18 2 12 5 9 4 0 3 17 1 7 13 14 19
15 0 5 7 11 3 2 19 6 17 16 10 14 18 9 4 1 8 12 13
1 16 6 7 13 19 15 5 9 11 4 14 17 3 12 10 8 18 2 0
0 12 11 9 10 13 2 19 16 15 5 1 4 3 18 8 6 17 7 14
13 2 15 3 11 5 4 1 16 12 18 14 9 17 19 0 6 10 7 8
15 19 18 10 13 7 0 17 2 5 3 4 11 16 6 1 12 8 9 14
7 17 1 11 3 18 16 13 8 15 12 5 10 14 19 9 4 6 2 0
14 6 9 0 18 11 4 3 7 2 13 19 17 10 8 1 12 15 5 16
2 19 9 11 12 15 13 6 10 1 0 7 4 17 5 16 18 3 14 8
18 8 0 13 11 6 15 9 4 2 12 10 1 3 19 17 16 5 14 7
17 1 4 11 19 2 6 10 5 15 18 14 9 0 12 8 7 16 13 3
18 3 19 0 2 16 17 14 7 4 1 9 15 13 8 12 5 11 6 10
5 12 1 19 17 16 0 15 7 6 11 14 13 10 3 8 18 4 2 9
19 7 6 17 8 14 4 9 15 16 1 5 10 3 13 18 0 11 12 2
1 17 14 2 5 4 10 18 0 9 16 7 15 19 8 3 12 11 13 6
7 15 9 1 11 2 5 16 6 12 10 3 18 17 8 13 0 14 4 19
4 18 8 13 19 15 17 1 10 0 16 2 9 14 7 6 12 11 3 5
9 13 15 4 5 0 8 6 18 10 3 12 7 11 1 2 17 14 19 16
0 14 19 3 1 2 8 10 17 6 13 18 15 4 11 7 12 5 16 9
2 12 10 9 14 5 6 18 19 16 11 13 15 8 3 0 4 7 1 17
5 16 17 14 12 8 19 7 9 0 3 13 4 6 1 2 18 10 11 15
7 9 13 11 10 12 8 6 19 3 14 15 4 0 17 18 2 5 16 1
10 2 5 4 6 1 7 11 14 8 9 18 16 3 0 12 19 13 17 15
1 10 0 16 7 6 12 18 14 19 11 5 4 15 9 8 2 13 3 17
15 7 0 1 16 5 14 4 11 19 8 13 6 17 3 10 12 18 9 2
9 12 7 13 1 18 3 4 19 17 11 15 2 16 0 10 5 8 6 14
11 10 3 16 6 18 8 2 12 19 0 15 13 17 9 4 5 1 7 14
16 9 17 2 5 3 10 6 1 18 19 4 13 8 12 7 11 0 14 15
5 1 3 17 9 16 10 2 18 6 7 15 0 11 12 4 14 13 8 19
2 14 4 15 12 5 11 7 13 6 18 1 8 9 0 10 17 16 19 3
5 14 16 6 10 11 18 9 2 4 8 17 1 15 3 7 12 13 0 19
10 2 3 16 13 17 0 7 19 12 18 4 1 8 9 6 14 11 5 15
14 6 2 12 19 18 7 5 0 4 15 10 17 3 13 16 11 8 1 9
19 13 1 12 7 2 5 14 9 0 15 8 3 6 17 18 10 4 11 16
4 15 14 6 7 12 16 13 19 18 10 2 17 11 5 8 9 0 1 3
19 4 17 1 11 3 2 0 8 16 13 14 12 18 10 5 6 7 9 15
18 3 6 17 2 7 11 19 5 4 12 14 1 8 9 15 16 13 0 10
15 5 9 2 14 18 17 16 12 1 10 7 3 8 19 0 13 4 11 6
8 13 17 9 5 15 18 12 3 19 11 2 16 6 10 7 14 4 1 0
19 2 8 4 9 10 12 14 1 18 17 0 5 6 11 15 3 13 16 7
15 17 11 6 1 7 4 0 8 9 10 3 12 5 16 13 19 2 14 18
22 33 84 89 80 75 8 16 76 5 56 37 95 28 10 93 47 94 61 17
86 12 53 3 85 85 64 51 30 3 11 18 10 59 94 52 55 69 96 36
31 29 56 47 94 59 88 93 53 58 11 86 36 70 28 88 32 36 49 91
64 43 16 30 50 87 93 16 58 77 95 92 25 71 100 64 51 46 35 46
49 79 30 16 91 36 80 76 54 39 52 63 89 31 13 65 61 77 57 30
47 75 23 55 3 29 22 79 66 52 20 4 84 76 68 49 4 30 35 80
24 36 63 12 97 85 57 3 92 40 14 39 50 9 70 41 86 57 97 92
42 3 25 7 55 89 16 3 20 93 36 68 100 36 45 22 97 61 99 68
38 35 37 12 9 34 74 40 20 52 70 71 97 93 2 48 83 30 48 54
94 16 82 52 59 85 11 71 94 89 12 98 90 99 3 12 88 73 36 58
67 90 66 21 88 89 38 27 24 82 35 35 63 64 95 12 32 68 29 21
72 91 15 46 83 19 12 26 36 47 32 10 19 39 11 21 96 9 24 92
19 13 3 58 20 38 56 61 59 20 62 41 30 12 45 11 15 70 38 37
79 55 20 52 82 17 71 13 3 100 57 77 32 25 53 44 52 31 92 54
61 7 70 77 61 54 36 22 86 69 57 18 58 56 99 15 31 62 65 98
48 30 9 74 27 4 2 56 70 52 2 11 91 59 17 1 69 92 78 93
98 18 21 7 100 12 23 5 69 3 16 52 43 10 71 34 34 8 24 45
34 3 82 90 70 34 2 97 94 89 76 82 98 58 80 19 34 98 79 24
37 88 67 29 5 60 81 23 97 83 43 78 82 57 39 100 96 77 54 7
25 78 25 93 43 11 46 86 31 25 8 98 17 73 25 51 97 86 98 35
48 68 15 91 57 82 92 54 68 1 77 72 89 11 72 52 71 7 14 84
19 32 54 45 64 25 71 49 19 69 20 91 14 90 75 95 28 76 92 33
36 72 24 61 89 73 51 87 49 91 25 55 12 39 81 55 35 96 2 29
23 78 76 17 96 94 90 12 90 98 31 42 43 57 68 69 53 31 46 21
92 37 86 92 2 94 29 11 26 17 27 51 81 81 53 23 83 57 23 39
50 79 89 16 29 58 74 49 60 52 8 36 80 78 64 43 77 16 93 22
61 35 12 37 15 24 32 82 88 72 8 76 12 43 88 14 22 18 42 71
83 57 64 73 93 35 11 50 3 92 60 89 9 33 12 3 85 1 7 86
15 65 15 23 44 76 40 44 60 37 4 100 24 38 89 55 8 91 96 7
6 45 13 54 50 83 5 17 11 69 33 24 14 6 37 42 68 72 24 6
54 6 6 90 19 89 84 78 12 70 75 68 96 59 56 86 90 49 29 85
89 98 33 69 11 21 21 23 97 100 60 35 63 88 29 81 53 49 73 91
60 15 43 86 51 28 77 90 28 43 38 46 40 31 93 35 4 85 38 51
39 6 54 100 20 14 4 23 55 19 99 10 97 4 39 98 52 26 58 25
88 73 84 11 8 12 30 81 98 31 9 7 96 56 70 81 14 9 57 66
29 13 27 15 97 14 80 87 95 75 19 14 81 91 49 17 61 40 28 34
34 51 81 39 42 69 73 89 21 9 23 93 34 63 76 83 15 39 7 1
99 97 66 96 84 53 58 87 40 6 66 69 79 31 35 63 27 45 37 58
7 77 66 86 37 89 4 26 49 95 95 22 99 100 92 36 25 47 63 98
63 46 98 50 31 19 20 23 84 90 47 47 78 57 58 69 26 64 83 68
61 57 80 77 95 5 84 7 79 24 41 19 52 88 54 76 28 50 39 48
94 72 82 25 13 28 79 44 90 89 4 16 28 59 68 75 29 62 23 41
93 88 9 75 56 99 20 63 84 58 62 86 5 62 1 53 25 29 44 33
5 19 75 16 46 29 99 64 74 92 13 48 31 3 23 18 91 41 27 12
73 31 49 91 53 77 52 94 21 42 62 8 82 4 76 33 50 93 54 64
18 38 94 13 86 7 96 16 3 31 89 28 93 18 56 30 53 99 45 11
33 42 67 77 85 22 38 11 72 3 68 23 14 37 88 30 21 50 12 61
84 5 19 33 34 30 21 85 75 61 40 94 56 21 86 12 44 69 29 78
45 72 100 35 29 54 42 78 66 87 65 50 19 71 83 11 36 85 85 28
3 92 40 8 41 70 88 13 21 6 24 14 40 99 73 43 38 63 79 43
