50 20
8 13 5 2 6 3 17 0 16 18 7 19 12 15 10 11 14 4 9 1
6 16 9 14 3 11 7 0 10 8 15 12 4 19 13 17 5 18 1 2
8 6 14 3 7 19 0 4 10 16 2 5 17 12 9 18 15 1 13 11
8 13 7 18 0 17 14 5 11 15 4 16 9 10 3 12 6 19 1 2
14 11 12 8 13 18 1 10 6 7 2 15 4 5 9 3 16 17 19 0
4 14 16 3 6 0 11 9 18 5 7 19 12 10 13 17 15 8 2 1
19 7 14 16 18 5 17 8 9 15 13 1 11 10 12 3 0 4 6 2
19 17 8 1 0 11 13 18 3 16 4 5 2 15 12 7 6 9 10 14
7 19 10 5 16 17 0 6 14 15 2 1 18 12 8 9 13 3 4 11
11 7 3 6 2 9 8 10 12 18 14 16 1 0 19 5 4 15 13 17
19 14 1 10 3 15 12 13 17 5 11 18 9 6 4 8 7 16 2 0
4 6 2 16 13 11 10 1 9 5 14 17 15 7 18 12 8 0 19 3
6 12 7 4 5 2 3 8 10 18 19 16 1 15 11 14 0 17 13 9
0 16 19 12 4 13 11 10 17 6 7 1 2 8 5 15 3 9 14 18
18 10 6 8 16 14 13 7 2 19 9 15 11 3 4 5 17 0 1 12
10 3 12 11 5 4 13 6 1 14 18 15 19 9 17 16 8 2 0 7
3 16 7 2 19 6 18 0 10 5 17 15 13 11 9 14 4 12 1 8
4 8 3 16 18 17 12 0 6 13 5 11 19 1 14 10 9 2 15 7
19 9 18 13 8 6 10 5 15 1 17 0 14 4 12 3 7 16 2 11
19 1 9 18 8 12 4 10 3 7 0 15 11 16 17 2 5 14 13 6
0 19 3 17 18 14 2 1 6 13 5 15 9 16 11 12 8 7 10 4
5 13 18 19 0 11 15 10 17 1 3 8 7 9 2 4 16 14 12 6
15 17 12 16 10 2 4 11 7 9 5 3 1 19 14 6 13 8 0 18
4 8 10 0 7 9 12 16 2 17 11 6 15 18 5 13 14 1 3 19
18 17 5 8 16 6 0 7 14 4 2 10 13 15 3 11 12 9 19 1
10 17 19 14 16 12 8 11 0 1 6 7 13 5 3 4 18 2 9 15
13 11 6 16 12 2 14 19 9 17 8 10 15 7 4 5 0 3 1 18
7 5 19 10 12 0 6 1 15 8 3 9 4 13 14 17 2 16 18 11
6 4 3 5 13 9 10 19 15 8 11 0 18 17 12 7 2 14 1 16
15 17 10 9 3 6 0 5 19 2 11 1 13 4 14 16 18 8 12 7
19 17 4 8 18 7 13 5 6 12 15 2 16 3 14 0 9 11 10 1
3 13 16 9 5 19 7 18 11 12 17 10 4 0 15 8 14 1 6 2
16 9 10 3 2 11 12 0 13 1 15 8 18 6 14 5 4 17 19 7
3 8 13 2 10 19 0 11 18 1 5 7 4 9 6 15 16 17 12 14
16 6 17 12 10 11 7 8 9 18 0 14 3 5 4 13 19 2 1 15
3 19 1 18 9 8 7 0 11 15 5 13 2 10 14 17 4 6 16 12
14 19 16 2 4 6 3 11 9 17 8 12 7 13 0 1 15 18 10 5
18 12 16 1 0 3 14 15 13 4 2 10 11 6 17 8 9 7 19 5
4 7 3 6 2 13 0 9 11 5 19 18 15 1 16 14 10 12 8 17
1 16 15 8 13 12 19 6 3 0 14 10 7 9 4 5 11 2 17 18
18 15 19 10 4 1 2 7 16 5 9 17 6 0 11 12 8 3 14 13
13 8 6 4 15 17 7 9 14 0 10 19 11 16 2 5 12 18 1 3
9 2 11 16 3 1 10 8 0 18 13 4 19 15 6 5 12 7 17 14
0 5 11 9 15 2 3 6 10 1 18 7 4 16 12 8 14 17 13 19
16 5 7 17 0 11 19 15 2 10 6 18 13 4 14 12 8 1 9 3
1 10 0 9 4 2 14 19 13 11 8 16 18 6 5 12 7 3 15 17
17 12 8 11 10 7 15 3 4 9 5 16 0 13 1 19 14 2 18 6
17 11 6 16 14 18 15 0 1 8 3 9 7 5 4 12 13 10 19 2
7 9 13 1 3 10 15 6 4 17 16 8 5 2 18 12 19 11 0 14
1 18 14 6 11 4 7 10 3 15 13 19 8 9 16 12 5 17 2 0
51 23 8 14 16 49 20 13 21 66 64 17 99 50 77 65 35 74 24 49
22 17 11 100 41 7 76 35 48 94 24 87 78 10 71 85 15 39 64 100
19 1 14 16 17 95 3 99 100 44 16 92 69 64 34 97 90 59 44 50
25 91 95 7 86 30 39 29 45 25 100 28 50 50 29 8 59 65 8 13
26 49 55 14 2 24 49 15 43 41 34 69 18 70 74 20 89 32 26 31
37 73 86 57 39 93 62 57 40 97 96 71 63 71 79 55 93 56 67 74
63 60 54 39 9 44 59 57 89 35 64 18 15 42 46 43 47 13 50 90
20 28 18 23 89 83 76 65 92 92 25 34 64 50 68 24 33 14 96 66
72 61 70 83 14 2 87 92 63 62 10 37 14 86 93 27 58 90 12 88
54 60 8 2 82 90 11 29 14 26 79 28 32 6 100 51 6 15 13 39
76 95 27 57 56 82 63 3 67 20 57 5 75 23 99 15 10 57 10 60
84 15 56 5 88 9 26 95 85 14 72 72 56 66 3 46 90 75 42 48
58 40 5 16 83 51 39 35 97 41 11 46 6 95 28 70 16 54 43 47
81 53 14 41 42 37 14 80 66 66 91 57 97 71 62 94 33 100 85 50
72 41 39 79 93 91 2 73 65 23 8 40 92 17 16 58 96 44 33 19
97 9 48 79 58 87 47 11 86 62 76 9 97 15 20 17 63 54 37 45
91 82 2 49 43 38 68 21 31 26 55 71 76 67 49 43 30 81 31 41
50 75 5 95 74 41 8 5 61 52 16 31 87 17 8 90 94 98 73 55
85 48 12 56 40 31 46 79 54 61 73 12 97 83 79 7 27 13 50 38
54 23 60 70 7 16 59 83 6 53 1 91 86 37 72 97 82 94 57 35
57 65 78 2 73 21 88 4 71 56 1 4 73 39 15 88 21 67 5 49
34 86 63 40 67 2 59 48 5 45 10 16 1 39 90 11 89 75 29 34
64 90 3 32 43 79 28 36 51 49 93 91 78 54 5 40 58 34 55 16
15 49 98 95 7 76 2 59 94 97 94 48 88 19 95 92 30 40 16 49
43 25 75 86 28 58 41 71 75 21 65 3 65 37 91 65 14 66 49 92
65 96 46 97 50 56 82 53 38 5 66 63 84 94 93 3 75 93 54 74
91 4 21 63 45 51 21 68 88 22 98 93 88 41 3 7 2 13 19 91
38 7 44 88 35 66 9 77 55 49 19 1 3 74 16 57 21 16 76 11
28 11 54 32 71 35 69 82 21 81 86 70 31 49 49 13 45 36 60 76
59 76 5 72 70 58 48 5 43 70 44 25 55 21 67 37 73 97 84 69
1 15 78 3 8 99 90 72 21 57 1 62 54 25 3 36 76 10 33 41
88 64 57 75 33 44 59 12 81 78 73 35 17 43 94 94 35 40 5 55
16 95 95 58 53 3 33 94 48 85 3 48 57 54 90 18 45 32 85 28
30 13 70 57 13 36 64 33 96 16 88 32 95 28 59 47 64 41 95 59
7 78 85 12 64 11 89 34 19 98 35 18 39 37 47 98 29 35 43 87
26 12 11 92 31 55 90 26 62 80 40 79 100 45 20 61 72 60 88 80
56 1 93 83 14 57 59 6 90 95 49 97 8 46 33 36 2 53 93 47
96 68 64 27 8 27 11 82 4 44 43 65 35 51 22 28 74 98 18 64
93 27 68 48 69 37 15 49 76 87 43 77 28 83 56 6 25 41 82 48
25 96 97 75 72 15 65 94 74 97 59 24 73 17 18 89 85 8 32 8
80 64 26 74 13 59 18 55 44 68 85 84 35 86 16 81 69 92 17 15
62 95 57 50 45 64 95 81 48 16 71 77 25 55 39 19 2 68 28 93
96 78 53 41 31 91 89 99 65 92 61 41 9 53 61 71 84 14 37 75
9 78 13 21 83 81 27 4 61 21 50 75 19 47 43 99 32 54 48 94
35 60 37 27 26 70 38 71 88 90 24 19 62 77 58 46 15 88 75 51
36 86 50 21 61 19 80 42 65 61 46 49 90 73 46 98 15 44 37 46
16 82 62 64 60 29 68 15 100 13 12 86 51 25 38 39 8 9 24 12
64 98 41 80 56 96 70 22 40 76 61 22 28 60 73 69 74 36 94 39
36 93 10 59 37 100 43 17 40 90 87 58 58 56 91 30 48 89 99 5
82 19 93 44 100 52 89 35 46 99 80 20 87 24 43 33 19 6 21 53
