50 20
8 14 15 10 2 12 7 9 11 1 19 0 4 18 6 5 3 17 16 13
10 19 18 14 9 6 5 8 0 17 4 2 13 16 7 15 3 12 11 1
2 8 12 7 19 14 4 13 15 10 5 1 6 3 16 11 9 17 18 0
0 4 11 10 19 3 2 14 7 13 5 9 12 16 18 17 15 8 1 6
2 14 10 5 9 12 6 4 13 1 15 19 3 18 0 7 11 16 17 8
19 8 13 6 10 1 9 3 12 4 15 0 18 2 11 5 17 7 14 16
5 6 7 11 8 19 4 17 14 2 16 13 15 3 12 1 0 9 10 18
2 0 13 5 8 16 6 10 3 18 4 11 1 17 7 12 15 14 19 9
8 6 11 13 7 1 18 12 5 3 2 4 16 17 9 0 15 14 19 10
1 2 6 5 4 16 19 12 9 0 7 8 11 13 18 14 10 17 3 15
13 9 7 2 0 14 10 18 11 1 5 15 12 17 19 16 8 3 6 4
19 12 3 5 6 16 18 4 1 9 15 7 0 13 2 11 8 17 14 10
3 11 1 17 0 8 10 12 13 16 2 5 9 4 14 15 6 18 7 19
12 7 9 17 3 19 14 18 16 15 4 11 10 6 5 0 2 8 1 13
1 9 14 15 3 4 19 18 8 5 2 0 12 13 17 11 10 6 7 16
11 3 12 8 15 7 9 5 6 0 10 4 13 14 16 17 18 1 2 19
13 18 3 14 9 2 19 15 0 4 16 17 10 5 6 11 8 7 12 1
17 10 13 6 12 18 8 4 0 9 16 5 3 15 11 19 1 7 14 2
14 5 7 6 15 8 2 10 17 0 9 19 4 11 18 12 1 13 16 3
14 2 19 3 5 7 4 8 10 18 12 13 15 6 17 11 9 0 16 1
2 18 11 13 16 19 9 15 0 12 1 10 7 14 8 17 5 4 6 3
13 15 7 4 16 0 2 8 6 10 5 1 14 11 3 19 18 17 12 9
12 15 0 4 7 1 8 11 13 17 3 19 2 5 9 14 10 6 16 18
1 13 11 16 14 0 17 15 6 18 3 10 4 9 12 2 5 19 8 7
10 18 11 19 7 3 12 4 15 14 5 6 1 0 13 8 16 17 2 9
2 14 11 3 12 4 13 17 19 1 10 6 9 18 16 15 0 8 7 5
13 15 5 18 17 11 10 2 12 16 19 7 9 8 1 3 14 6 0 4
7 17 9 1 6 10 19 4 2 12 13 18 16 5 15 14 8 3 0 11
8 3 15 6 13 7 12 10 5 17 18 2 11 4 0 19 16 14 9 1
1 17 19 6 3 8 14 10 4 7 16 11 12 15 0 18 9 2 5 13
3 19 7 13 17 10 2 11 0 9 5 8 4 1 12 14 18 16 6 15
18 3 0 13 19 6 14 15 11 17 10 9 8 7 2 1 5 16 4 12
7 9 19 16 1 3 15 12 11 10 8 5 0 13 4 14 17 2 18 6
0 7 2 12 17 15 13 1 11 3 5 9 18 19 4 14 16 10 8 6
15 10 3 16 19 14 18 9 7 6 13 4 0 11 12 5 2 8 17 1
8 19 6 17 14 7 15 16 9 0 5 1 2 13 10 3 12 4 11 18
12 11 9 16 4 18 13 3 2 15 5 14 7 0 1 6 10 17 19 8
17 12 14 1 10 11 2 4 0 13 3 16 19 9 6 15 18 8 7 5
19 18 1 17 12 15 13 16 11 10 5 6 7 8 14 2 4 3 0 9
1 4 5 14 16 18 15 8 6 0 7 13 12 17 9 3 11 19 2 10
8 16 1 19 7 4 13 14 0 10 2 3 18 17 15 6 9 12 5 11
2 18 9 6 5 13 15 17 19 8 16 1 10 14 7 0 4 11 12 3
17 10 11 15 5 1 16 4 14 13 7 2 3 19 8 0 12 9 6 18
8 16 13 17 15 9 2 7 18 4 6 0 1 3 14 11 12 5 10 19
13 7 8 2 0 14 4 1 6 10 12 16 19 5 15 17 11 9 3 18
6 13 2 8 14 3 10 19 4 11 9 18 5 12 0 17 16 15 7 1
16 1 7 17 8 15 6 19 18 0 3 11 10 14 2 12 4 13 9 5
16 8 12 5 18 4 9 14 2 1 13 6 10 19 0 3 15 11 17 7
5 12 14 7 17 15 13 10 2 8 19 9 4 16 0 11 3 18 6 1
2 13 14 8 6 17 10 15 19 9 7 5 1 18 12 11 4 16 0 3
99 89 86 42 46 10 44 37 80 21 15 66 9 76 13 35 41 14 81 38
48 61 81 59 76 70 20 30 62 59 95 88 45 79 95 6 36 21 2 29
16 19 23 83 95 1 80 84 38 83 9 35 10 1 56 36 23 89 68 81
71 58 10 41 33 17 17 85 17 10 57 51 84 45 57 11 36 74 99 18
30 77 47 68 15 41 42 64 19 1 11 52 82 88 89 52 49 74 81 96
10 16 13 51 69 65 7 82 40 52 17 36 81 21 87 80 89 9 42 70
49 48 32 75 36 20 39 34 99 52 99 21 85 23 62 23 37 58 63 61
47 29 55 55 40 5 35 69 90 56 13 1 30 69 39 3 23 100 82 27
40 50 16 21 57 34 8 30 68 4 46 10 7 7 3 71 99 92 72 44
81 78 74 71 56 72 89 7 50 62 76 67 87 28 10 69 49 15 83 68
2 90 90 58 52 18 2 51 32 26 25 98 73 41 55 43 54 43 6 51
79 11 25 63 40 31 68 87 30 42 21 36 1 3 69 12 54 61 72 100
6 100 11 71 45 67 3 97 52 71 82 82 64 45 87 21 2 21 34 63
4 5 23 45 56 55 37 56 68 11 39 2 53 97 26 15 82 60 49 58
77 55 37 3 89 66 56 13 44 23 80 59 86 16 87 40 16 66 7 19
56 3 5 22 16 59 48 60 69 94 95 27 47 48 17 91 83 11 64 5
44 35 94 5 27 13 72 86 91 86 4 85 56 38 76 53 56 5 51 17
83 35 30 19 19 37 88 54 80 9 21 15 94 81 34 40 94 11 30 18
100 22 41 80 99 8 95 33 95 24 54 29 92 61 7 79 42 19 11 32
5 55 8 52 58 82 63 96 55 53 56 53 31 93 88 54 92 87 21 63
11 82 8 91 91 24 78 48 51 23 44 24 62 45 12 3 89 11 22 90
59 65 21 94 87 25 71 77 67 41 82 9 61 3 29 54 39 6 58 82
33 21 53 98 56 70 3 11 60 83 99 10 92 43 44 82 67 69 1 23
62 72 20 78 61 72 47 17 81 47 78 75 25 4 84 45 2 85 43 18
67 18 47 42 26 59 74 89 11 69 32 77 38 99 39 63 23 51 51 36
38 63 96 13 44 84 84 1 82 9 27 89 24 48 2 91 74 65 53 77
32 60 11 87 17 20 31 23 76 34 97 61 93 18 73 46 50 78 89 91
67 60 91 54 38 14 35 9 5 51 93 28 54 8 88 11 46 27 42 95
95 23 56 28 87 13 15 4 48 64 94 11 36 74 51 2 87 90 74 58
53 51 71 79 26 46 28 16 86 65 65 88 75 30 45 81 65 31 10 60
81 61 61 40 94 47 56 97 30 99 38 21 80 52 78 16 15 78 11 27
16 2 4 11 9 73 25 26 19 32 22 58 77 18 41 29 35 81 39 13
35 69 23 85 20 51 46 86 43 57 77 42 6 95 75 62 1 62 42 71
82 67 4 26 77 26 15 60 75 92 35 68 100 84 52 96 38 8 68 88
80 36 24 81 10 37 56 60 17 29 30 70 97 74 75 23 96 6 45 80
1 48 57 75 34 46 30 51 7 54 82 46 12 25 43 95 83 37 5 1
41 54 96 32 35 75 60 89 64 23 21 22 62 99 29 56 20 82 56 73
86 1 41 10 24 86 15 42 28 68 94 47 80 66 26 69 61 38 98 58
42 94 1 46 16 34 91 43 26 72 84 66 84 78 11 70 70 57 93 18
46 40 45 64 21 68 33 39 75 89 22 97 4 51 91 23 79 96 27 45
55 84 5 2 73 20 25 69 96 37 99 62 97 84 31 7 70 28 16 20
53 11 75 95 52 71 83 54 23 28 8 62 43 13 10 77 94 65 49 52
55 29 33 94 62 96 43 81 82 88 13 93 90 35 54 3 33 77 10 28
8 2 16 97 73 2 60 7 31 85 84 26 23 18 65 26 52 46 92 62
86 18 26 8 38 42 37 68 58 79 45 40 1 90 97 69 76 7 72 44
60 93 1 95 27 6 82 37 55 54 1 34 29 91 57 87 23 55 86 60
58 28 10 15 99 59 92 20 90 7 61 11 94 90 100 36 14 33 99 35
22 77 24 23 61 15 34 84 52 91 86 53 69 92 16 3 79 88 99 67
22 25 57 38 86 100 7 10 80 21 40 52 80 29 65 66 62 26 25 19
36 46 17 74 35 86 24 14 94 73 91 54 59 21 3 3 57 87 43 3
