50 20
16 3 10 18 17 9 6 14 11 12 7 1 0 5 4 2 19 15 13 8
9 11 7 14 1 16 18 15 4 19 8 6 17 5 12 0 2 13 3 10
15 1 3 12 5 8 7 6 11 14 18 19 13 2 4 10 9 16 17 0
8 0 14 4 3 10 5 12 7 1 13 9 18 15 11 16 17 2 6 19
19 11 8 6 2 7 4 5 15 10 0 12 16 9 3 17 14 1 18 13
3 14 16 15 18 19 8 9 13 1 2 11 5 6 0 7 10 12 4 17
10 11 14 13 4 15 2 5 16 9 19 18 17 8 1 3 6 0 7 12
9 0 4 10 3 19 17 12 7 14 1 15 2 5 8 6 11 13 16 18
1 12 14 3 15 17 13 16 2 11 8 10 7 4 0 19 5 6 18 9
8 3 2 5 0 7 6 10 9 11 17 13 14 18 1 15 4 19 16 12
0 4 3 12 17 16 11 5 15 2 18 10 19 8 7 14 13 6 9 1
9 14 0 1 19 12 15 13 16 17 18 4 7 10 5 11 6 2 3 8
13 0 10 5 16 12 1 18 19 4 3 17 9 14 11 6 15 7 2 8
18 4 0 13 3 9 5 2 6 16 14 12 8 11 17 10 7 19 1 15
7 19 12 9 18 0 14 13 4 1 3 5 10 11 2 6 8 15 16 17
7 5 15 13 3 10 0 14 2 9 19 8 17 18 6 16 4 11 12 1
11 6 1 4 13 2 10 17 15 0 3 19 14 8 12 7 9 18 16 5
9 0 13 15 18 17 11 12 16 6 5 10 2 19 8 4 1 14 7 3
0 14 6 1 3 4 17 13 9 10 11 7 19 2 16 18 8 5 15 12
2 10 8 9 13 15 17 19 11 3 14 4 5 12 0 7 6 1 18 16
14 0 2 18 16 10 4 9 12 15 11 19 5 7 13 17 1 6 8 3
10 7 13 19 8 14 0 9 3 11 15 18 5 12 4 17 1 16 2 6
1 4 13 9 0 14 2 6 10 11 8 12 15 5 7 17 18 3 19 16
14 18 6 1 5 12 10 7 17 11 19 8 13 16 2 3 15 0 4 9
14 7 12 15 8 9 18 0 5 17 19 6 11 3 13 2 16 1 4 10
7 14 16 12 5 15 10 17 1 9 6 19 2 13 4 18 0 11 8 3
15 12 11 10 6 0 3 14 5 19 1 17 18 7 8 13 9 2 16 4
17 15 13 12 11 7 19 0 2 16 9 6 8 18 5 4 3 14 1 10
1 7 9 6 14 15 5 17 3 11 0 12 13 2 18 10 4 19 8 16
19 7 10 13 4 18 14 11 12 16 8 3 5 17 9 15 1 0 2 6
14 16 0 5 1 19 10 2 9 6 11 17 13 12 18 15 4 7 8 3
7 4 0 16 3 8 1 13 19 9 2 5 10 6 12 17 11 18 14 15
11 14 17 10 4 6 19 13 2 7 5 12 3 8 16 0 15 18 1 9
7 16 9 4 19 18 14 2 6 3 15 11 13 8 1 10 0 17 12 5
3 7 8 5 10 14 18 9 11 17 12 6 2 19 15 1 4 0 13 16
16 11 9 3 10 18 15 7 1 17 5 13 0 8 14 2 12 19 6 4
6 4 15 2 7 17 19 3 13 5 14 16 8 0 18 10 12 1 11 9
6 5 3 7 11 2 15 14 10 19 18 9 8 12 17 13 4 0 1 16
10 0 11 8 15 7 19 6 9 16 12 13 18 3 14 2 1 4 17 5
0 9 13 8 3 19 11 1 7 10 6 16 15 12 17 5 4 2 14 18
8 14 11 18 2 12 9 13 19 16 0 17 7 15 6 4 10 1 3 5
2 8 16 5 14 3 15 19 12 13 4 0 9 18 1 17 6 11 10 7
11 15 7 9 5 1 4 19 3 12 16 6 13 0 14 8 17 10 18 2
5 11 4 15 10 1 6 14 19 17 2 18 7 3 9 13 16 0 12 8
8 0 1 5 10 6 19 3 7 17 18 12 15 14 11 16 2 13 4 9
8 18 19 0 7 5 11 15 3 14 4 1 12 16 17 10 9 6 13 2
18 15 8 6 4 1 9 17 3 11 16 13 0 19 10 7 2 12 5 14
4 17 18 16 5 7 0 13 2 14 3 10 11 9 8 12 1 19 6 15
1 17 8 14 18 2 15 19 5 9 11 16 0 12 3 10 4 7 6 13
12 19 5 2 7 18 14 8 11 9 1 10 15 17 4 13 16 3 6 0
18 35 95 20 28 98 92 55 10 79 53 19 90 8 5 23 42 33 46 100
32 64 92 80 55 38 27 54 50 49 19 75 59 71 12 72 50 8 66 79
59 57 26 43 35 32 83 81 67 85 29 64 4 20 3 77 34 62 13 23
91 68 4 10 42 76 83 89 54 30 42 47 57 74 28 51 67 69 91 1
76 7 92 99 52 85 60 96 49 73 6 50 32 49 8 11 47 90 35 11
11 93 2 17 84 40 36 83 86 71 81 19 80 73 95 44 52 74 100 34
2 54 47 17 62 69 37 31 95 13 22 85 78 59 68 99 97 60 14 11
33 80 83 3 46 5 14 31 76 96 83 64 68 91 57 45 18 47 6 44
21 100 14 88 51 49 95 36 37 14 23 54 48 97 98 19 80 58 90 57
3 5 11 89 94 1 56 31 98 58 77 53 24 65 65 79 36 46 64 83
89 25 37 29 18 84 96 17 1 18 58 100 88 94 35 61 87 69 79 46
33 88 39 48 1 64 86 67 3 23 87 60 65 4 44 27 85 97 44 66
30 98 37 78 61 62 58 49 39 65 73 53 56 30 49 34 1 57 70 69
54 29 52 14 67 4 90 79 25 33 81 79 49 46 96 100 57 97 30 37
17 15 76 91 59 63 96 13 35 70 76 85 31 1 88 44 94 31 9 20
61 50 75 22 44 24 66 35 82 2 22 72 76 65 2 64 70 70 88 74
42 44 84 46 77 70 35 77 49 27 5 95 62 3 80 28 44 6 78 85
23 69 100 86 68 61 85 26 96 23 60 30 69 19 25 71 8 43 82 68
33 18 14 92 52 16 57 5 52 78 6 91 9 8 95 32 3 3 30 60
74 20 30 34 60 65 46 73 10 62 81 9 6 33 97 20 26 6 50 54
21 72 92 76 32 53 11 9 45 80 79 91 2 74 45 24 26 39 36 80
31 11 26 31 53 41 24 50 16 35 16 35 6 86 21 39 66 79 45 53
48 88 32 98 99 54 14 98 2 17 57 3 54 70 46 66 4 55 73 46
60 30 11 9 32 63 58 14 16 65 91 89 69 80 25 69 37 26 63 57
93 81 18 84 57 29 41 23 48 52 69 23 64 42 35 78 79 27 73 39
7 65 56 75 90 28 96 97 16 27 6 63 22 90 48 45 28 93 93 58
54 85 40 15 9 98 13 78 29 23 44 14 80 69 5 87 100 21 82 78
36 94 5 62 63 75 56 1 90 67 74 56 82 21 96 63 77 10 23 3
23 23 29 86 53 65 50 44 45 22 22 61 35 53 28 19 12 90 21 9
40 68 77 13 64 57 30 71 51 88 94 51 98 75 36 7 9 69 36 17
85 81 34 85 8 12 81 85 42 38 2 42 95 69 51 26 82 14 74 75
35 67 15 5 82 27 29 34 89 47 42 74 38 4 61 63 63 35 74 25
11 61 62 49 85 62 40 9 61 54 56 15 5 88 21 39 99 83 65 4
28 45 76 42 37 41 30 69 96 78 31 95 43 61 38 98 73 12 76 16
46 57 19 28 31 90 4 48 43 79 13 100 50 36 14 3 2 80 27 6
31 96 27 68 67 53 14 60 37 28 21 94 64 12 7 26 40 83 7 70
83 39 14 42 67 15 11 39 8 17 57 12 25 81 78 69 72 43 48 90
67 63 81 56 44 48 40 17 22 79 86 21 2 66 62 10 18 25 22 57
27 34 66 47 68 3 58 50 8 66 5 13 8 51 69 14 27 65 90 62
98 37 25 55 47 63 40 31 55 41 89 19 76 18 27 5 93 38 35 24
89 90 47 25 58 61 47 35 32 34 87 94 65 64 9 53 44 19 60 9
61 85 13 87 65 8 5 74 49 7 34 66 6 82 96 48 84 28 90 77
40 100 3 85 23 31 100 40 27 62 66 66 36 86 44 22 96 10 84 53
39 50 16 58 30 41 76 32 82 28 84 93 99 16 66 94 21 80 9 86
43 45 24 78 71 54 90 93 34 26 4 66 57 93 48 60 84 23 76 53
4 82 22 82 94 97 67 90 54 45 65 6 85 58 9 43 39 35 69 78
75 90 18 66 50 39 26 18 12 10 68 2 51 32 58 42 59 53 84 36
72 31 20 77 26 77 62 79 75 57 55 56 79 36 27 11 7 1 20 59
74 9 64 12 81 68 4 90 5 80 41 52 41 48 33 92 82 93 100 66
90 9 95 32 57 33 93 33 45 22 47 25 17 67 58 83 58 68 100 59
