50 20
13 15 3 19 14 16 6 10 5 17 11 0 18 8 9 4 7 1 12 2
17 19 0 12 10 11 15 2 6 7 13 18 1 5 9 3 4 8 14 16
14 8 18 15 10 7 3 4 13 0 9 16 19 11 1 12 2 6 17 5
10 7 8 2 11 16 13 19 17 5 6 14 3 0 15 1 18 4 12 9
17 7 6 4 8 1 14 5 16 3 11 18 12 19 15 2 0 13 9 10
10 6 13 0 7 18 17 11 19 4 3 16 2 1 14 9 5 12 8 15
18 11 4 12 7 6 16 14 15 0 8 17 5 9 3 19 10 1 13 2
14 11 9 12 5 6 13 17 16 0 3 7 8 19 15 18 2 10 4 1
1 9 11 14 19 8 12 6 17 4 0 16 15 10 18 2 3 5 13 7
3 6 19 10 7 18 17 14 11 13 5 2 16 0 4 12 1 8 9 15
0 15 4 9 11 18 1 10 6 13 2 8 14 12 19 3 7 5 16 17
8 3 16 17 10 4 0 7 11 13 1 6 12 19 5 14 2 15 18 9
8 0 17 7 10 13 1 4 12 9 2 18 6 19 11 15 16 3 14 5
4 1 8 9 5 3 15 18 19 16 7 14 2 17 12 6 10 0 11 13
12 0 16 9 10 15 5 6 11 18 19 3 2 14 7 4 1 13 8 17
2 6 17 4 0 15 7 12 5 9 1 11 18 10 8 13 19 14 3 16
18 5 7 15 3 10 16 4 12 13 14 11 8 6 19 17 1 9 0 2
7 6 9 4 19 14 5 1 11 12 15 3 0 18 17 10 13 8 2 16
15 16 19 8 3 2 17 11 7 1 5 6 13 12 9 0 18 14 10 4
3 0 17 7 13 11 1 19 14 15 9 18 5 16 10 8 6 4 2 12
17 11 13 4 0 2 10 9 6 15 18 3 14 19 5 1 8 12 7 16
9 11 12 5 0 7 1 18 13 8 6 17 15 2 19 16 14 3 4 10
2 3 17 6 14 13 15 1 16 5 19 11 9 18 12 10 0 4 8 7
8 18 1 6 5 0 3 4 2 17 15 11 10 14 7 12 13 16 9 19
0 13 19 4 5 8 15 11 9 18 17 6 16 3 7 14 10 2 1 12
11 3 19 15 17 14 0 10 5 1 12 4 16 8 9 18 2 6 7 13
5 3 15 1 13 11 4 9 16 8 6 18 2 7 10 0 12 14 17 19
5 6 3 7 10 19 12 16 11 18 8 13 14 2 0 1 17 4 9 15
14 16 9 6 2 18 13 10 3 5 19 12 17 8 11 7 4 0 1 15
14 6 8 11 9 19 10 13 4 1 0 5 16 17 12 3 7 18 15 2
6 8 14 7 17 16 1 2 9 10 13 11 5 4 0 18 3 12 19 15
18 16 7 17 6 9 12 5 3 4 14 1 11 13 8 19 10 15 0 2
7 2 19 8 1 11 10 4 15 0 17 16 9 18 3 6 5 13 12 14
9 0 7 17 15 18 10 16 2 12 19 6 4 14 3 1 13 11 8 5
8 0 17 11 1 14 5 3 10 13 7 15 6 2 12 4 16 9 18 19
10 5 14 6 1 2 11 17 8 13 0 16 15 3 18 12 19 7 9 4
16 9 15 14 7 17 1 5 19 18 3 8 4 6 11 2 10 13 12 0
10 8 11 19 7 18 14 5 12 17 16 2 0 6 4 3 15 13 1 9
14 15 10 0 2 19 3 16 13 4 5 8 9 1 6 11 7 18 12 17
3 6 0 9 14 8 15 2 7 18 11 10 5 17 12 19 16 4 13 1
12 10 8 18 14 7 6 3 17 5 2 11 19 9 0 16 13 15 4 1
0 14 15 18 19 9 17 4 16 8 5 13 1 2 7 6 3 10 11 12
16 17 7 11 8 14 18 6 9 12 1 2 19 5 3 4 15 13 10 0
12 7 8 2 16 11 9 5 18 14 4 15 0 3 13 1 10 6 19 17
11 10 16 9 5 8 18 13 0 14 1 15 3 12 2 4 19 6 17 7
17 19 11 14 10 13 3 4 7 18 12 2 16 1 9 8 0 6 5 15
0 17 13 11 12 18 1 10 14 6 5 9 16 8 4 3 15 19 2 7
5 13 7 15 9 4 0 16 18 6 14 8 17 3 2 10 19 12 11 1
7 12 19 4 13 15 16 18 11 6 17 0 10 14 3 8 9 2 1 5
16 14 3 12 10 6 0 17 19 11 1 2 7 8 5 15 9 13 4 18
92 98 12 51 91 62 47 20 61 60 10 59 96 90 70 80 15 56 29 44
79 92 92 91 87 41 9 97 37 15 48 72 24 47 68 97 85 73 82 75
47 11 10 51 57 84 23 18 98 49 70 100 36 94 85 61 49 91 20 50
40 38 72 6 31 1 79 43 85 51 35 96 8 78 96 68 63 8 91 98
12 78 30 98 70 16 78 48 95 84 2 53 84 19 28 8 44 79 20 91
70 35 76 31 80 54 62 84 55 68 56 24 91 73 12 31 56 20 17 88
60 19 29 43 39 54 41 44 45 27 22 45 84 1 32 88 99 93 61 81
31 43 61 33 25 95 75 50 65 83 37 51 76 48 42 14 42 82 47 10
44 35 50 3 5 94 90 50 99 69 25 33 66 49 90 51 66 66 54 39
25 77 91 5 41 87 42 47 75 18 81 86 56 84 47 52 23 74 72 48
97 66 54 25 69 65 88 19 32 74 7 93 55 63 78 47 52 72 36 15
61 73 65 54 8 29 83 67 64 97 23 29 24 75 47 28 51 26 99 38
29 37 66 32 98 18 98 20 91 64 63 26 100 64 4 66 60 41 4 87
64 23 25 4 51 14 56 13 97 47 100 36 16 67 94 47 91 38 38 96
86 93 15 65 40 17 31 90 35 15 16 85 76 10 21 5 80 6 84 56
31 7 12 9 69 51 79 61 25 46 92 8 94 88 47 28 4 17 56 17
78 49 53 46 91 24 51 85 33 84 27 13 79 54 22 18 15 54 39 18
25 35 8 57 5 45 91 5 61 96 66 40 41 85 73 34 7 92 84 28
61 83 86 99 17 82 77 96 26 42 62 16 5 65 63 95 40 8 77 88
95 38 71 93 50 31 42 24 85 24 38 6 51 70 18 40 71 2 25 30
48 60 70 17 87 30 62 24 26 47 2 50 19 43 49 73 92 32 79 6
18 26 49 59 43 41 34 61 97 20 91 5 19 12 14 77 82 92 28 49
42 96 88 98 10 58 1 37 80 97 41 6 85 88 34 69 4 89 85 28
82 62 59 52 63 53 66 78 51 54 96 55 90 79 83 60 39 72 33 44
22 84 53 22 35 10 54 30 96 16 34 45 26 68 61 56 81 7 77 62
45 100 19 29 73 59 42 16 75 31 37 33 83 100 65 1 1 44 80 95
14 82 50 53 79 58 48 99 45 24 65 49 28 92 80 15 1 77 79 53
93 19 38 66 77 37 30 34 92 97 77 64 85 7 58 52 97 50 91 32
33 21 25 33 87 43 95 88 87 17 95 44 19 72 15 26 30 33 97 70
87 70 45 81 82 90 16 39 61 68 71 64 35 87 54 50 18 89 38 64
22 87 29 17 71 49 8 3 53 97 83 28 39 56 42 60 9 17 23 73
90 89 19 26 58 98 88 18 44 90 6 94 28 93 72 24 86 21 27 68
6 8 12 27 22 54 87 8 85 49 40 44 47 53 18 69 73 1 64 30
60 37 88 100 78 92 8 69 26 87 6 61 90 41 49 15 68 11 39 75
6 83 57 18 87 70 41 18 53 46 83 97 26 48 12 30 25 75 68 97
18 88 42 41 60 30 23 22 24 68 43 56 45 83 3 25 74 11 2 30
75 90 33 12 94 76 49 18 77 63 67 9 80 86 29 49 41 74 96 58
100 1 14 6 17 100 88 76 69 32 64 68 23 1 78 63 2 75 17 61
97 59 93 68 84 79 12 11 38 31 92 27 25 45 18 69 68 70 88 4
100 11 3 32 21 49 30 56 60 77 96 17 19 45 49 12 76 31 63 56
70 61 82 100 36 99 37 35 87 31 88 42 1 1 84 46 71 94 3 85
9 14 8 87 50 3 84 4 13 9 61 49 46 7 67 61 27 2 30 78
30 11 98 32 57 62 34 69 7 68 68 32 61 50 90 79 54 44 3 89
20 40 51 34 61 57 88 69 42 38 36 79 3 91 12 58 53 68 65 52
8 42 62 20 71 99 65 99 25 8 37 78 50 67 16 6 81 33 80 70
94 63 34 81 94 77 88 61 10 86 30 59 72 95 34 15 37 14 86 36
68 21 20 62 68 9 86 20 43 10 27 27 81 54 45 40 85 25 94 78
3 46 100 60 92 13 31 87 44 45 42 80 7 21 56 67 39 93 77 90
51 64 87 23 32 32 55 18 91 65 84 46 71 6 60 16 47 45 2 83
31 29 59 68 42 32 93 21 52 52 8 30 60 11 14 29 20 93 1 84
