50 20
1 5 16 3 18 17 7 15 19 0 9 12 6 8 4 10 14 13 2 11
12 0 3 11 2 18 13 14 16 15 8 19 9 5 17 10 4 1 7 6
17 15 1 19 11 5 13 10 0 14 2 8 9 4 18 12 6 3 7 16
12 10 7 17 0 3 13 14 16 8 18 9 11 2 1 4 6 15 19 5
15 3 5 12 9 2 8 18 19 14 13 16 6 0 11 7 1 10 17 4
19 5 16 10 2 15 6 11 17 7 4 1 8 9 12 13 0 18 14 3
6 0 10 1 18 16 4 5 13 7 19 9 11 8 14 3 2 12 15 17
17 15 1 16 19 3 12 2 0 5 11 7 4 10 13 14 18 9 6 8
10 4 16 6 8 17 3 7 1 11 15 9 2 19 13 18 5 14 12 0
8 0 15 16 2 18 4 6 1 9 11 12 7 10 14 5 3 17 19 13
11 18 10 13 3 12 5 7 2 4 0 14 1 15 17 9 8 19 6 16
19 7 16 13 17 14 0 9 1 5 15 10 8 18 6 3 11 12 4 2
13 8 4 2 18 11 3 5 16 12 14 7 19 17 9 1 10 6 0 15
18 17 6 12 16 4 7 11 2 10 14 13 15 3 5 8 0 19 9 1
19 18 4 12 0 15 3 8 1 7 14 10 9 17 5 2 16 11 13 6
17 2 14 6 5 12 7 16 8 3 9 19 4 15 1 0 11 10 13 18
3 19 7 14 16 5 9 17 0 4 18 12 6 15 1 11 13 8 2 10
11 9 16 13 3 5 10 6 15 12 8 14 18 0 17 19 7 1 2 4
1 5 7 18 17 12 3 2 4 8 15 0 14 19 6 16 9 11 10 13
0 19 15 1 12 11 5 7 17 4 16 9 2 18 14 6 3 13 10 8
9 16 3 4 14 13 2 1 8 17 7 0 10 11 18 12 6 19 15 5
8 3 7 18 13 15 0 11 5 4 16 17 2 1 12 10 14 9 6 19
14 10 8 16 9 0 19 3 18 12 11 1 15 5 4 13 2 17 7 6
8 12 15 4 0 6 1 2 3 14 5 17 11 18 19 7 16 13 10 9
5 8 0 3 10 6 18 13 16 17 9 4 7 11 19 14 12 1 2 15
19 5 18 4 3 12 11 10 16 6 2 1 0 14 15 7 13 17 8 9
1 13 17 9 16 6 5 7 11 2 0 18 4 12 15 3 10 19 14 8
8 14 0 6 15 5 17 12 18 11 13 4 7 16 2 10 1 9 3 19
1 11 19 8 18 14 10 4 6 13 15 3 0 9 2 17 5 16 12 7
0 2 7 1 15 18 5 17 9 11 3 8 10 14 6 4 13 16 12 19
11 3 0 10 14 13 19 18 4 15 16 12 5 9 17 7 1 2 8 6
5 13 0 16 12 18 7 4 1 14 11 17 10 6 2 19 9 3 15 8
17 13 14 6 9 16 1 5 12 2 0 3 10 11 8 15 19 4 18 7
1 11 16 14 10 9 2 5 13 4 17 19 8 7 3 0 18 12 6 15
17 18 5 1 6 15 7 14 10 4 9 13 19 0 2 8 12 16 11 3
2 17 18 6 13 19 3 9 11 15 0 4 12 5 1 8 16 14 10 7
4 13 2 1 14 9 12 10 19 8 3 18 11 0 6 16 15 7 17 5
2 10 14 18 16 4 6 11 7 3 15 9 17 19 8 1 12 13 5 0
7 10 6 0 4 8 17 18 9 16 5 3 14 12 11 2 13 19 15 1
7 4 3 17 8 16 15 19 9 13 2 11 6 1 14 0 12 5 10 18
4 3 18 19 15 16 14 5 1 9 12 6 8 11 10 7 2 0 17 13
3 1 8 2 13 11 9 16 5 10 18 15 19 4 12 7 14 17 0 6
5 9 2 0 16 11 18 8 7 14 4 19 15 3 13 17 10 1 6 12
11 17 13 8 2 14 1 0 18 15 4 10 16 6 7 3 9 5 12 19
18 1 17 7 6 13 9 2 14 15 8 16 11 0 4 10 12 3 5 19
2 3 17 13 9 15 7 12 18 10 19 1 6 5 8 4 14 0 16 11
5 2 10 14 0 8 18 16 15 9 19 6 13 3 1 7 11 12 17 4
14 8 18 3 12 1 5 15 9 7 2 6 13 17 11 10 19 4 16 0
12 1 18 8 6 19 0 4 13 2 14 15 9 17 16 7 11 3 10 5
9 8 19 6 15 17 18 0 2 10 11 12 7 14 5 13 16 4 3 1
41 73 55 30 31 67 66 46 57 31 5 72 48 92 89 46 77 44 72 74
99 54 78 46 87 37 99 31 72 34 46 69 73 6 62 40 73 100 51 34
56 47 98 5 78 34 83 78 67 87 61 91 82 41 3 74 32 28 45 56
48 3 34 6 18 24 95 66 63 26 99 64 68 59 73 73 2 89 10 23
80 74 11 73 63 44 72 7 15 53 54 46 39 73 98 63 77 18 9 66
3 76 13 86 59 59 36 82 70 88 89 89 4 72 25 87 37 6 99 34
14 66 40 52 43 69 47 14 12 80 96 55 47 7 45 75 8 51 82 35
67 57 79 33 38 14 39 16 22 55 44 64 55 31 65 73 66 34 41 72
1 80 18 96 10 72 50 1 50 64 95 59 81 48 94 16 66 52 14 12
41 51 10 17 92 63 43 84 84 14 33 63 12 46 4 51 80 11 77 29
78 31 81 71 48 14 44 9 21 76 14 31 24 11 19 66 22 93 22 10
41 99 92 85 55 65 70 74 97 99 88 46 67 67 55 82 57 56 87 53
61 95 67 61 89 67 16 30 26 81 4 70 64 42 19 87 21 100 38 10
54 15 55 54 45 97 64 33 6 93 73 93 89 63 30 35 52 8 4 51
55 61 26 38 1 15 78 73 2 33 69 28 69 48 61 28 43 52 5 87
25 12 36 87 82 51 66 45 5 9 39 77 92 40 7 79 57 60 53 94
12 1 55 55 54 91 55 75 94 17 20 99 93 95 95 49 69 83 59 34
30 16 20 37 79 62 84 63 59 78 40 53 97 58 78 24 2 55 63 63
48 82 44 85 87 74 97 19 1 34 45 21 80 6 53 62 92 42 19 35
15 19 23 73 30 70 74 68 100 42 82 82 70 27 82 32 6 47 49 97
15 33 71 46 16 49 48 84 69 29 38 33 78 87 90 84 42 73 5 98
26 88 64 64 10 49 84 3 84 99 76 20 14 54 39 29 53 97 25 12
29 8 41 40 94 95 86 49 34 99 76 8 10 33 59 65 29 66 66 63
95 78 38 26 44 76 78 81 72 44 65 23 96 100 42 48 24 21 85 94
79 49 42 59 38 21 31 24 47 30 40 5 28 89 74 61 4 46 2 81
72 4 70 58 70 63 76 21 21 97 31 36 86 41 25 72 87 64 66 96
42 81 13 34 67 21 36 47 18 96 22 11 24 8 99 66 23 78 83 72
78 40 33 87 95 59 4 40 25 96 4 56 23 35 90 63 25 58 2 48
72 61 40 31 38 59 23 23 71 39 59 38 38 79 95 7 40 5 85 9
42 43 16 49 56 18 12 95 56 32 31 1 33 70 4 44 51 69 39 92
63 30 86 14 68 40 24 51 36 95 76 92 26 68 36 98 21 21 41 20
88 72 29 27 14 26 64 50 39 92 33 2 43 47 54 13 12 43 34 69
48 26 55 24 60 77 79 29 5 99 53 60 30 55 99 3 55 80 66 9
87 7 28 28 98 63 76 57 64 52 70 52 18 54 46 2 90 68 44 70
31 14 18 47 7 19 94 23 50 99 99 89 86 35 67 9 80 94 69 20
18 86 27 3 13 7 50 64 27 85 87 68 87 74 21 81 90 48 8 72
22 26 43 1 76 67 95 26 71 58 21 38 67 83 56 84 61 71 56 88
34 62 36 13 97 95 85 15 46 62 2 36 74 59 58 24 16 34 48 60
63 25 5 20 95 65 97 34 19 36 48 19 43 86 69 48 17 19 55 53
13 9 72 62 96 3 16 23 43 86 94 17 90 17 36 29 18 7 50 21
6 23 8 68 40 40 56 92 44 7 48 96 84 77 33 82 24 67 81 21
44 89 16 80 20 77 58 49 75 44 26 33 36 87 59 32 62 23 74 53
76 43 37 73 6 34 48 48 47 21 12 96 33 12 62 69 65 60 86 44
28 8 89 35 75 75 28 66 5 42 36 18 54 16 15 30 68 23 90 93
86 53 74 75 48 43 32 37 28 88 89 44 52 90 48 88 95 28 18 98
9 28 47 87 50 25 64 90 10 81 72 64 26 8 3 42 72 25 49 2
46 77 100 93 69 45 19 89 7 83 5 17 82 24 23 7 2 90 46 27
24 63 17 54 48 4 2 75 59 27 39 22 36 67 93 99 40 85 79 54
73 82 8 57 5 14 33 44 85 28 48 2 45 29 28 26 24 44 31 50
56 22 67 84 71 69 30 64 53 100 96 6 45 39 80 32 61 32 27 12
