50 20
14 6 7 1 9 5 16 19 4 18 15 0 17 8 12 10 3 13 11 2
0 1 18 19 12 4 10 11 3 7 16 5 14 9 15 8 2 6 17 13
8 18 19 14 5 0 9 17 11 16 7 4 6 12 3 15 2 10 13 1
1 6 9 19 14 0 16 7 15 17 10 11 18 12 4 2 13 8 5 3
15 5 13 9 17 3 16 12 11 6 19 8 4 14 18 2 10 1 7 0
10 12 18 9 1 15 19 0 5 17 11 7 3 4 14 8 6 13 16 2
18 0 11 19 2 6 8 5 9 16 12 15 13 14 1 7 3 17 10 4
4 12 13 7 8 11 17 3 15 10 2 18 19 6 14 5 9 0 16 1
4 15 16 19 5 7 14 18 10 8 0 11 17 2 9 1 3 13 12 6
1 10 19 15 14 13 5 16 0 3 12 6 9 11 4 2 8 18 7 17
5 15 14 1 19 12 11 4 10 0 13 2 17 8 3 18 6 9 7 16
16 6 13 2 3 5 1 12 4 18 19 17 15 0 8 14 10 9 7 11
2 13 11 18 17 1 6 7 19 5 9 0 12 16 4 8 10 3 14 15
8 19 13 1 4 9 0 6 12 15 14 17 3 2 7 18 10 5 16 11
10 4 17 15 6 5 18 11 9 0 7 13 12 3 19 8 14 16 1 2
4 5 3 14 16 8 0 13 19 7 18 15 10 11 6 2 9 1 17 12
1 7 0 14 18 12 6 15 17 5 2 11 9 3 16 10 4 8 19 13
15 2 0 18 7 5 10 8 11 13 12 3 1 16 14 17 6 9 4 19
2 5 13 3 7 18 6 15 19 11 1 8 12 17 16 4 10 14 0 9
10 3 4 7 12 11 14 16 1 18 17 8 2 0 5 9 13 19 15 6
8 13 11 10 3 18 4 12 16 9 19 14 1 5 7 6 2 17 15 0
17 16 3 7 6 4 9 15 12 19 13 1 2 14 8 11 18 0 5 10
19 11 6 10 1 8 9 15 14 12 3 13 18 2 0 7 4 5 17 16
0 5 12 15 4 17 9 13 16 10 3 2 8 7 1 14 18 11 6 19
14 17 8 7 15 9 5 6 2 18 0 11 16 3 1 13 19 10 12 4
8 15 19 1 10 6 18 7 11 2 0 9 3 17 16 14 5 12 13 4
3 2 4 17 8 14 7 15 19 1 0 13 18 11 5 16 6 12 9 10
12 9 7 15 3 1 17 16 14 10 4 6 0 8 19 5 2 11 13 18
5 3 13 6 16 11 19 10 12 1 14 15 18 17 7 2 9 0 4 8
18 1 8 19 12 13 0 16 2 6 5 10 14 4 3 9 17 7 15 11
0 14 3 15 2 10 16 12 6 9 17 11 19 13 8 5 7 18 1 4
15 11 7 18 14 0 2 17 19 1 8 10 13 5 3 9 16 6 12 4
9 19 8 5 0 12 15 11 18 6 14 13 17 2 7 10 4 16 3 1
19 4 16 13 10 15 17 18 2 6 11 14 7 1 8 12 0 5 3 9
14 3 6 15 16 11 17 10 8 1 2 0 5 9 13 4 7 18 19 12
15 9 7 12 18 13 17 14 10 5 8 2 19 1 0 3 4 16 6 11
4 17 14 10 11 9 1 7 6 13 0 19 15 16 5 8 2 12 18 3
0 10 19 8 12 7 17 15 9 2 6 11 16 1 4 5 13 18 3 14
17 15 18 2 0 3 1 19 9 10 11 16 4 14 13 6 7 8 12 5
8 6 2 1 19 10 11 5 12 18 9 0 4 7 15 3 16 13 14 17
0 19 3 6 8 15 5 12 2 4 7 17 18 1 11 10 9 16 13 14
4 7 5 9 0 17 11 19 6 8 10 18 14 13 15 3 12 16 1 2
1 12 8 2 5 6 3 4 13 9 10 0 19 7 17 14 11 18 15 16
16 2 10 9 12 13 4 14 18 15 8 1 7 17 6 3 19 5 11 0
6 7 0 8 15 18 19 10 9 1 5 3 2 17 14 4 13 16 11 12
8 2 19 15 18 6 16 12 13 10 0 3 4 7 17 5 1 9 14 11
16 3 5 1 15 11 14 0 9 19 4 8 10 6 12 17 18 2 13 7
9 5 6 13 7 10 15 2 0 16 4 8 11 3 17 14 18 19 12 1
15 3 14 12 1 8 7 4 10 11 2 16 13 19 18 6 17 0 9 5
0 8 6 16 4 1 5 13 14 9 11 10 7 3 15 2 12 19 18 17
74 48 52 4 32 93 18 13 55 94 49 42 99 46 35 84 52 79 80 7
98 49 35 100 89 71 3 70 20 2 26 11 39 9 7 89 90 48 89 85
84 12 87 78 10 83 30 32 53 44 68 73 2 86 23 48 47 14 79 93
95 85 49 79 4 33 66 15 44 77 73 41 55 93 84 67 68 69 94 31
34 52 22 35 75 29 98 22 29 78 40 46 28 6 15 55 6 90 16 12
30 15 5 13 94 44 13 80 54 99 81 31 7 90 30 46 68 36 11 100
40 72 8 23 63 38 57 12 9 91 59 32 54 83 92 96 96 99 18 3
30 79 82 51 39 6 25 79 61 77 3 62 22 39 64 57 14 61 72 7
5 63 12 36 91 70 24 64 51 6 61 81 56 61 67 67 46 47 33 32
28 2 43 49 95 40 24 16 46 89 94 49 76 89 63 95 58 23 68 25
28 46 98 66 46 10 38 96 52 69 35 21 91 49 53 96 89 58 29 78
10 43 41 57 14 68 20 54 62 5 14 49 86 56 91 48 9 87 33 48
53 46 20 28 40 3 14 100 17 19 39 54 82 52 6 16 77 6 79 76
23 26 80 38 41 18 24 56 4 87 14 67 82 17 73 18 12 35 43 80
43 73 98 47 37 95 7 75 18 39 52 84 72 50 53 77 24 59 66 9
34 71 5 12 29 88 24 5 85 9 16 8 1 98 8 62 96 47 73 30
82 26 71 53 86 53 32 22 12 26 95 59 40 73 57 86 76 98 57 48
75 70 96 51 91 72 71 4 86 87 20 37 29 50 49 60 91 39 45 69
68 21 95 95 13 49 33 62 13 6 6 13 3 78 81 30 83 35 69 50
12 29 58 88 43 25 37 10 88 69 92 30 65 22 76 5 38 74 34 27
50 52 95 51 28 83 24 68 52 52 97 60 86 43 59 73 32 43 92 7
70 55 56 93 57 57 82 11 45 78 87 73 21 70 93 4 35 60 64 78
24 29 66 49 77 62 44 32 13 16 10 88 87 74 81 29 86 42 59 19
38 57 95 42 9 67 56 95 12 56 92 67 23 25 45 20 18 1 56 42
67 34 100 60 65 33 1 37 13 28 22 17 65 71 93 68 19 8 33 91
38 32 92 9 52 38 90 35 88 62 52 98 3 33 96 63 34 53 70 65
16 32 20 44 67 4 47 26 48 99 80 63 10 77 8 56 74 89 98 75
11 56 1 7 55 3 8 93 48 43 92 55 42 87 69 78 43 48 4 35
58 16 62 7 69 38 97 44 56 5 3 74 89 28 95 94 56 6 38 58
37 89 47 48 42 82 37 34 25 26 19 44 13 15 27 41 99 15 69 8
68 10 68 45 51 70 26 87 94 23 19 86 46 45 51 57 13 67 5 38
27 1 25 86 83 15 38 86 61 43 16 55 16 96 46 46 70 29 11 13
61 63 64 34 92 77 19 8 23 85 26 87 8 76 18 48 33 8 7 38
84 95 84 36 8 20 90 55 78 48 93 10 51 76 26 83 29 39 93 48
56 4 57 94 100 86 30 38 80 77 60 45 99 38 11 60 62 76 50 13
64 100 53 20 90 10 38 57 4 99 31 60 66 44 9 39 3 40 99 88
23 24 44 51 69 53 7 64 50 98 47 27 13 23 19 25 34 83 10 79
20 96 81 62 21 5 88 65 85 88 19 29 20 68 17 11 47 11 38 64
10 87 43 35 7 27 76 29 16 14 22 15 24 92 5 94 82 93 23 64
26 43 83 31 87 18 83 89 77 80 21 72 39 64 66 40 45 53 79 83
78 67 64 4 60 32 73 55 30 77 49 2 100 26 15 53 95 77 78 24
65 78 76 44 18 70 94 49 94 10 97 39 71 71 9 59 65 34 90 3
30 90 32 94 45 23 40 70 99 3 63 98 88 34 81 5 97 20 32 34
65 33 39 44 37 41 55 12 69 35 46 41 11 64 62 8 79 86 58 29
93 54 29 3 95 22 65 47 44 31 32 87 10 56 29 69 64 50 60 1
37 56 18 7 96 76 42 61 54 81 79 47 57 8 76 20 70 87 74 69
37 40 57 23 12 32 99 15 12 49 71 39 16 85 15 78 27 5 27 25
63 82 97 11 12 46 11 92 28 65 72 43 34 64 94 5 60 12 96 12
35 62 75 53 42 13 52 44 83 90 58 51 97 59 94 71 25 10 81 60
85 65 14 59 14 89 62 12 24 6 28 40 75 44 88 13 85 82 70 75
