50 20
0 10 1 14 2 9 11 18 15 12 6 4 8 3 13 19 5 17 16 7
8 10 6 4 3 17 13 7 2 12 9 11 1 16 18 19 15 5 14 0
12 7 11 18 19 2 4 15 1 8 6 5 0 10 13 14 9 16 3 17
12 7 17 16 18 8 4 1 6 2 19 10 0 11 15 14 9 3 5 13
4 12 5 18 8 11 15 16 3 6 2 0 1 9 7 19 13 14 17 10
18 16 12 1 15 4 6 2 8 17 19 11 10 9 14 3 5 13 7 0
5 2 0 4 18 8 9 19 13 10 1 3 15 17 12 7 11 14 6 16
13 7 9 2 3 11 18 19 4 6 8 16 12 14 17 10 15 1 5 0
4 8 17 12 5 11 16 2 6 7 14 3 10 0 19 9 1 15 13 18
10 11 9 16 17 8 13 4 19 15 5 0 2 6 12 3 7 18 1 14
8 7 16 5 12 10 13 6 4 18 1 11 2 17 3 14 0 9 15 19
11 7 19 1 17 4 18 8 14 16 2 6 9 3 13 5 15 10 0 12
6 15 18 0 16 7 4 1 8 17 3 12 11 19 5 10 9 14 13 2
17 0 4 7 19 1 12 2 10 11 13 3 18 5 8 6 9 14 15 16
4 13 1 11 10 15 17 16 7 19 0 5 8 3 2 18 14 12 6 9
1 13 19 6 14 4 5 10 2 12 3 18 9 16 7 15 11 17 0 8
15 5 7 2 8 12 18 10 14 4 1 6 13 11 16 3 19 0 9 17
13 2 9 10 14 12 17 8 5 11 16 7 1 0 15 3 4 6 18 19
18 12 0 5 8 7 10 14 19 15 1 4 17 11 16 9 6 3 2 13
7 18 17 16 14 8 10 9 2 3 6 13 15 12 1 11 4 19 5 0
8 2 5 4 11 19 15 3 14 7 10 9 6 0 18 1 12 17 16 13
18 11 12 9 10 4 16 19 14 3 2 7 13 8 15 6 5 1 0 17
14 0 12 2 15 9 13 11 16 19 7 4 3 8 6 1 17 10 5 18
3 12 16 14 15 19 13 18 6 10 4 8 11 2 0 9 7 17 5 1
17 12 5 3 19 13 2 10 16 0 9 14 11 15 1 7 6 4 8 18
18 17 16 10 9 13 1 12 7 14 3 8 6 0 4 2 19 11 15 5
18 3 4 5 0 12 17 8 16 7 11 13 14 2 1 19 6 9 15 10
15 5 6 16 11 12 3 10 7 4 13 9 18 17 2 8 14 1 19 0
9 11 13 12 2 8 14 7 1 16 6 3 19 5 15 17 0 10 4 18
12 7 15 10 1 19 5 16 17 8 11 9 3 14 6 0 18 4 13 2
2 15 5 9 0 7 14 11 17 18 16 6 13 12 8 19 1 10 4 3
2 14 3 5 12 17 15 13 1 9 18 10 8 4 0 11 19 16 7 6
16 13 12 3 19 17 10 18 6 5 4 7 8 1 2 9 0 11 15 14
9 16 6 0 1 3 4 17 5 7 14 11 19 18 2 13 10 12 15 8
14 1 17 10 2 16 13 5 3 8 18 15 12 9 11 7 19 4 6 0
12 14 9 13 6 8 0 2 4 5 19 7 11 10 1 3 15 18 16 17
4 3 9 0 17 7 10 5 16 14 12 11 19 18 2 15 6 1 8 13
7 19 13 15 6 11 12 1 3 9 5 18 17 16 10 14 2 0 4 8
6 9 5 7 16 15 13 1 8 19 3 18 14 10 11 0 17 4 12 2
19 17 15 10 1 4 7 8 6 9 2 5 3 11 18 13 0 12 14 16
18 13 10 2 1 6 3 11 0 7 17 8 4 12 14 19 15 16 5 9
13 12 17 10 7 8 5 16 14 2 15 4 6 11 1 18 19 0 9 3
4 6 16 0 7 18 19 13 5 12 14 10 11 8 15 2 17 3 1 9
3 6 8 10 14 1 12 7 16 9 17 2 15 13 18 5 4 11 0 19
19 1 10 6 8 11 15 5 2 17 3 14 0 4 16 7 12 9 18 13
17 2 8 6 13 7 15 11 18 4 1 16 14 0 10 19 9 12 5 3
1 19 0 15 7 10 18 6 5 9 11 12 14 3 16 8 2 4 17 13
5 6 0 1 17 15 14 13 19 12 2 10 3 16 11 4 7 8 18 9
15 16 5 3 17 8 0 10 12 18 11 6 19 4 14 1 13 9 7 2
15 17 6 8 7 3 18 5 16 13 10 11 19 14 12 0 1 9 2 4
90 1 15 4 69 34 5 62 87 23 45 79 39 48 58 98 84 25 98 98
15 63 71 100 23 76 46 58 64 16 67 98 57 84 2 56 70 6 61 66
28 70 7 42 60 40 69 86 77 57 26 71 46 92 38 33 62 100 19 71
94 58 62 49 3 82 100 89 36 18 88 100 52 52 82 50 41 41 52 74
5 42 97 1 38 58 10 77 62 94 69 71 19 45 36 11 95 63 65 76
54 27 63 7 59 59 52 10 71 6 16 38 65 10 73 25 19 84 9 78
72 12 61 94 61 68 3 2 25 3 43 39 39 11 21 68 94 39 13 18
57 22 6 3 39 63 42 8 91 69 6 56 82 43 25 82 42 62 97 14
39 79 65 98 16 4 23 52 92 40 93 58 30 43 99 40 100 83 83 74
51 81 86 100 46 81 94 40 4 37 29 7 29 35 22 42 96 14 69 13
71 6 7 35 33 93 81 35 39 2 71 25 37 37 33 92 33 50 92 84
40 90 59 6 2 9 14 79 63 100 39 87 94 46 38 59 92 36 18 29
98 80 42 40 43 53 81 16 48 23 96 31 67 48 68 81 94 16 75 27
91 80 9 98 46 73 71 30 53 65 57 21 71 99 42 4 69 13 73 47
5 3 65 72 29 56 49 25 8 77 55 95 4 30 78 7 99 62 46 31
50 52 99 93 4 30 73 98 28 31 47 70 86 73 49 32 83 38 39 16
53 36 56 13 67 93 9 54 52 21 37 62 12 46 12 94 47 10 49 65
85 29 81 13 42 78 39 54 38 3 49 64 5 77 15 38 76 52 11 63
36 84 51 48 12 47 33 57 12 99 30 94 57 47 17 65 58 95 48 78
73 36 86 70 92 36 58 2 29 38 81 54 76 8 45 33 13 70 9 77
64 44 7 32 7 88 26 33 53 97 8 16 16 30 21 64 72 73 10 60
2 10 33 77 99 95 33 7 68 53 63 72 90 45 3 90 70 2 74 80
21 54 92 39 56 53 13 73 69 31 84 36 10 11 6 31 30 88 57 62
99 2 99 1 83 57 25 89 76 57 39 90 63 28 5 17 7 100 25 45
86 45 61 89 63 75 36 81 84 79 79 19 65 33 69 47 49 56 46 61
96 77 23 36 10 68 91 46 91 42 30 50 3 86 47 95 52 61 6 61
5 67 81 72 60 64 38 14 91 61 5 85 55 95 40 38 9 96 52 35
59 56 96 100 68 57 11 78 5 6 50 35 84 81 73 38 26 91 27 6
39 95 90 57 75 84 92 15 99 97 19 33 47 20 34 48 44 22 56 57
29 57 49 75 37 38 59 84 75 89 2 47 27 72 83 11 53 17 39 73
1 52 98 40 78 50 96 57 95 15 51 33 33 84 86 4 70 12 47 58
12 8 69 56 45 72 91 9 13 27 99 87 39 51 45 16 49 69 71 88
18 51 23 46 40 35 5 68 10 26 77 70 19 2 58 32 69 75 100 98
62 27 38 31 95 9 42 89 52 95 25 75 78 32 23 12 31 93 6 76
90 7 80 12 57 82 36 48 26 52 100 25 38 56 84 11 9 14 89 55
89 67 98 36 73 56 32 40 37 38 46 38 37 87 54 33 1 42 11 10
87 94 94 2 7 59 46 84 67 87 13 41 77 25 3 4 79 98 42 40
60 23 51 34 90 17 94 68 19 76 23 93 94 92 38 31 53 41 58 63
98 77 35 71 16 22 36 60 93 97 45 7 27 65 32 9 77 74 37 54
37 26 39 92 53 46 89 95 87 3 74 58 73 7 82 7 28 7 40 94
61 86 21 61 75 69 56 71 80 47 1 48 46 21 38 34 57 58 72 43
50 27 25 80 11 80 19 42 21 29 44 79 23 56 80 90 16 46 20 79
27 94 76 31 66 92 46 52 45 85 26 54 95 39 100 40 18 21 44 92
9 81 12 48 46 25 39 95 55 65 80 64 43 65 27 60 77 67 8 21
33 6 89 47 82 3 3 91 1 41 2 88 31 48 93 55 16 10 77 40
95 100 85 11 66 39 56 36 13 27 6 62 81 89 73 27 5 40 85 33
89 1 54 53 89 83 39 22 19 83 100 81 14 23 67 89 37 37 80 8
14 37 10 77 45 25 3 5 68 20 12 2 25 32 24 33 97 20 53 69
77 77 1 99 26 95 25 26 61 24 6 9 64 67 85 85 49 99 87 2
40 98 23 40 88 38 83 70 34 21 95 49 87 47 71 48 88 78 50 22
