50 20
4 12 3 18 1 13 10 2 9 0 7 5 8 11 17 15 16 14 6 19
8 6 15 5 1 19 11 16 9 14 0 18 10 3 7 12 13 17 2 4
8 12 19 0 10 18 13 1 4 9 3 16 2 5 14 17 7 15 6 11
9 2 14 15 19 12 13 18 3 0 1 6 11 16 7 8 5 4 10 17
4 11 8 7 9 16 1 19 5 3 6 12 18 10 2 15 14 17 13 0
5 2 7 8 1 19 17 13 18 9 0 10 14 12 6 3 11 4 16 15
13 15 0 10 8 1 18 2 17 14 3 16 11 5 7 19 12 6 4 9
15 8 18 7 10 14 13 17 2 9 12 4 6 5 0 11 16 19 1 3
16 3 11 5 0 17 2 1 13 14 18 10 9 6 7 15 12 4 19 8
9 16 14 8 10 17 4 3 2 15 19 18 12 1 0 5 7 11 6 13
12 3 18 10 1 13 6 16 7 14 2 0 17 9 4 15 19 5 8 11
19 13 15 9 16 10 4 2 18 1 6 8 5 0 11 7 17 14 12 3
5 6 17 14 0 3 15 7 19 16 9 11 4 2 10 8 18 12 13 1
1 19 6 7 18 11 14 16 2 13 12 5 9 0 10 17 8 3 4 15
2 17 4 0 1 14 6 11 7 9 18 13 10 15 19 5 3 12 8 16
9 5 1 13 17 15 18 12 14 2 10 4 6 19 7 3 8 16 11 0
11 4 5 2 9 13 7 14 0 18 12 16 3 19 1 15 6 8 10 17
8 17 13 10 15 4 6 1 9 11 3 12 5 7 16 19 14 2 0 18
16 18 19 12 4 7 15 13 9 6 17 11 1 10 3 0 5 14 2 8
15 13 3 10 8 17 14 0 12 16 9 7 1 19 11 5 18 4 2 6
2 17 6 15 16 1 9 19 13 7 4 11 14 10 12 18 0 8 5 3
16 10 4 12 7 15 13 17 6 11 19 1 18 8 3 9 0 5 14 2
12 3 18 17 15 4 7 16 10 13 11 8 19 6 9 2 14 0 5 1
3 9 16 12 19 5 17 4 6 18 0 11 1 10 2 13 14 7 15 8
11 17 0 6 14 1 15 9 8 7 13 16 2 10 4 3 5 12 18 19
3 10 18 15 0 19 13 5 14 1 6 12 2 9 16 11 17 7 4 8
19 4 8 11 10 18 13 7 6 5 3 14 2 9 12 15 16 1 0 17
1 10 16 9 15 5 19 12 7 0 11 17 8 13 4 2 3 14 6 18
2 12 6 0 5 18 9 13 16 10 7 19 8 11 14 17 4 1 3 15
17 5 3 4 9 6 18 19 2 16 8 12 13 1 7 14 11 10 0 15
19 18 10 4 0 17 1 14 6 7 15 8 12 13 5 3 2 9 11 16
10 2 4 1 0 15 14 17 3 6 13 18 19 12 9 8 7 11 16 5
3 6 18 2 4 11 5 10 14 19 13 12 17 16 1 9 15 8 7 0
6 5 4 2 7 1 18 9 11 16 0 15 19 14 12 10 3 13 8 17
10 11 19 6 9 2 17 12 5 0 4 8 16 13 15 18 7 3 14 1
8 5 6 18 15 3 14 19 0 16 13 17 9 12 7 1 2 10 11 4
16 8 19 7 18 2 6 12 0 11 5 4 1 3 17 13 10 15 9 14
15 16 19 4 3 2 8 6 5 10 7 12 1 14 0 11 13 9 18 17
14 4 11 6 19 16 7 17 18 5 2 0 13 15 10 9 1 12 3 8
14 15 6 13 18 3 17 19 4 11 2 7 8 10 5 1 12 16 0 9
0 14 10 18 19 16 7 9 2 5 12 4 11 1 15 13 8 17 6 3
2 19 7 1 6 10 13 3 15 5 14 17 11 18 0 16 12 4 9 8
16 18 6 14 1 19 15 10 13 0 17 7 4 12 11 5 8 9 2 3
17 10 19 16 9 13 1 11 12 2 8 0 6 5 18 3 7 15 4 14
14 12 13 11 10 19 1 6 3 7 18 0 2 5 9 15 17 16 4 8
13 8 0 4 5 6 17 7 9 3 15 16 1 2 18 19 10 11 12 14
19 9 12 3 1 7 16 4 11 0 18 10 17 2 15 5 8 6 14 13
2 16 3 17 10 0 5 7 9 8 15 6 4 1 18 11 19 13 14 12
10 4 16 0 14 17 18 15 1 13 3 7 6 8 5 19 2 9 12 11
16 4 15 7 0 6 14 9 13 12 11 2 8 17 19 1 18 3 10 5
22 7 47 30 57 26 30 17 18 45 65 98 83 41 66 85 52 8 43 36
97 87 13 7 99 62 51 71 42 33 31 8 50 54 19 24 26 69 43 83
10 38 17 84 52 30 59 77 31 40 31 25 99 80 61 63 55 30 23 28
25 89 33 73 79 61 86 43 77 21 24 71 96 45 12 8 83 69 49 56
3 44 34 11 49 90 74 76 7 84 5 5 67 51 71 99 95 84 5 86
38 25 18 97 70 49 40 27 61 16 79 62 30 90 53 6 65 85 94 49
48 66 89 63 29 17 23 81 36 42 10 44 21 75 11 37 52 52 9 82
23 46 79 39 23 2 17 84 88 14 9 43 39 36 66 82 98 6 3 18
25 62 91 88 99 42 22 10 46 46 91 19 64 23 59 43 52 7 46 63
43 6 44 92 48 16 29 42 42 79 1 38 15 1 17 48 79 79 59 82
86 23 74 66 87 22 39 72 19 7 87 53 81 53 8 30 62 14 18 71
61 46 40 64 85 51 40 91 56 44 51 74 11 61 42 27 80 41 88 77
96 60 67 69 77 13 58 21 24 67 90 88 29 53 78 80 98 98 99 87
21 52 73 30 44 99 71 33 16 25 26 30 54 8 14 97 46 2 83 63
5 20 9 61 5 42 73 9 31 90 42 89 6 72 78 40 30 93 45 83
32 78 57 63 11 35 80 90 90 76 30 12 92 46 37 66 2 3 87 98
61 59 97 27 68 10 28 69 63 22 94 21 98 25 90 16 37 36 57 7
3 83 97 70 74 78 35 12 94 39 80 17 5 93 31 47 50 94 67 97
81 34 48 40 67 48 30 77 37 27 7 93 9 78 69 70 99 72 9 36
62 48 38 32 17 16 26 13 56 67 80 27 15 15 66 74 45 66 84 86
96 57 43 46 64 91 61 19 83 12 5 45 39 88 41 69 17 96 98 100
10 12 20 37 22 85 77 55 60 18 78 85 94 65 6 68 24 57 64 1
84 29 50 13 80 52 28 79 34 57 46 14 26 14 20 54 41 16 70 56
66 77 61 67 20 87 61 63 32 58 77 56 97 1 13 49 7 44 7 65
25 68 3 63 19 42 41 55 71 46 42 61 96 12 83 95 71 31 9 62
3 22 66 12 15 57 97 34 13 80 6 83 81 63 41 13 59 4 87 86
8 72 98 100 9 87 83 65 24 4 5 25 78 60 62 74 37 51 39 78
81 67 86 19 50 78 75 91 69 98 28 59 14 42 38 85 81 60 13 38
37 39 31 62 15 46 55 34 89 87 64 95 39 81 10 15 34 25 99 77
30 62 58 52 76 79 89 92 55 84 89 71 66 15 11 96 76 72 44 71
74 1 55 53 1 8 6 94 98 78 13 1 85 36 99 65 48 88 61 86
19 77 76 28 72 40 100 11 55 88 98 41 79 82 99 22 67 11 14 33
94 48 64 76 86 60 10 41 86 94 59 5 63 7 73 85 89 8 69 78
58 88 44 3 53 84 5 99 85 70 37 13 26 31 55 15 8 34 42 71
66 57 52 51 77 40 71 35 77 13 55 6 82 94 31 31 51 78 100 56
86 44 82 76 86 90 99 63 80 5 15 8 39 86 18 11 8 37 56 79
54 90 18 41 43 55 33 26 54 55 9 49 51 95 61 17 73 100 11 52
20 46 88 80 52 42 90 78 80 13 92 76 12 3 99 58 32 77 49 48
98 79 34 22 88 18 85 92 74 98 70 88 1 55 88 60 2 49 23 77
25 58 48 74 16 6 65 24 41 78 83 69 49 22 97 73 45 21 94 82
83 54 51 11 48 33 68 89 90 65 99 21 94 44 57 87 8 18 63 92
29 87 79 44 30 59 75 92 45 54 53 85 62 59 12 81 16 87 51 14
57 63 18 13 12 79 41 13 82 53 24 28 34 49 34 35 31 35 83 19
18 6 52 74 57 13 52 5 98 47 5 88 100 42 95 35 75 6 97 83
72 2 61 61 21 23 94 19 63 59 21 26 13 93 76 75 16 96 50 45
33 85 79 14 38 43 5 3 8 62 44 28 41 32 84 58 20 49 63 10
41 95 89 43 95 90 92 3 72 67 59 81 16 5 32 46 39 17 41 57
52 7 94 76 4 78 69 55 78 28 29 65 10 38 84 15 84 60 82 15
64 77 96 97 48 89 36 52 48 24 95 52 72 34 18 62 34 35 77 17
75 23 52 46 44 77 85 58 34 7 64 23 25 40 73 87 64 11 96 35
