50 20
19 8 2 10 0 1 16 11 12 5 13 3 6 7 18 15 9 17 14 4
5 12 9 13 1 4 18 16 10 15 3 6 14 19 2 17 7 0 8 11
19 16 13 10 0 6 11 4 5 18 12 17 7 8 3 14 1 2 9 15
9 2 3 5 14 0 6 7 1 17 15 11 18 16 12 19 8 10 13 4
8 2 6 15 10 4 17 3 19 11 12 16 14 7 13 9 5 18 0 1
10 19 11 9 12 17 7 15 5 6 3 8 2 1 14 0 18 16 13 4
13 1 15 14 0 19 4 3 11 6 8 9 2 18 7 10 5 16 17 12
16 3 17 7 12 18 0 14 1 13 19 15 4 2 6 5 11 8 10 9
2 4 17 5 15 13 11 3 0 8 10 14 16 12 1 19 7 6 18 9
0 9 15 4 10 11 1 3 12 6 5 7 14 19 17 18 8 2 13 16
2 18 5 9 4 14 19 3 15 13 16 0 11 17 1 12 7 10 6 8
10 19 15 11 4 2 7 6 5 17 13 14 3 12 16 8 9 0 1 18
16 3 8 2 1 5 15 19 12 7 0 13 10 17 11 9 14 4 6 18
18 7 2 14 0 16 6 19 10 8 5 12 9 4 13 3 15 11 1 17
0 7 6 8 3 11 9 12 1 17 18 15 2 14 10 19 5 16 4 13
7 19 0 10 1 15 3 14 2 13 17 4 12 5 11 16 8 6 9 18
13 16 14 7 19 17 15 2 1 4 3 9 11 6 8 5 10 0 18 12
10 8 1 2 7 19 6 18 14 12 11 13 4 5 17 3 15 0 16 9
5 3 4 9 18 7 2 13 16 17 14 0 1 19 6 8 12 11 10 15
14 4 3 12 6 16 7 1 19 2 13 15 0 9 8 5 10 18 17 11
8 6 1 10 2 16 5 7 13 12 4 17 9 11 14 3 18 19 0 15
19 17 11 3 4 10 13 8 14 18 0 5 16 7 1 9 15 6 12 2
12 0 19 17 4 1 10 16 8 7 13 14 15 11 5 9 3 18 2 6
9 10 2 1 7 3 19 8 15 16 17 4 13 11 5 14 0 12 18 6
6 10 19 4 3 8 7 0 9 14 13 15 11 2 1 16 12 17 18 5
3 17 8 6 19 4 15 0 5 12 7 10 1 13 2 16 11 14 18 9
1 6 13 8 5 11 3 4 9 10 7 14 2 17 16 19 15 18 12 0
2 8 16 9 5 12 19 15 4 13 10 11 7 0 18 6 17 3 14 1
1 6 15 13 17 0 19 4 18 16 7 9 12 11 5 3 10 14 8 2
3 0 7 1 11 5 13 4 15 8 9 17 18 19 16 14 2 12 6 10
14 8 7 13 17 9 15 0 19 3 5 10 2 6 16 18 11 4 12 1
16 5 19 0 15 4 12 7 10 1 8 17 3 14 2 6 13 18 11 9
7 15 14 1 8 9 6 16 19 0 12 11 2 17 3 18 5 4 10 13
11 13 6 15 5 0 10 9 17 16 3 8 18 7 4 1 19 2 12 14
17 16 18 12 5 4 8 14 1 7 9 15 3 10 19 11 2 13 6 0
5 7 1 2 10 18 19 6 8 3 4 15 17 0 11 13 9 12 14 16
3 0 4 1 6 19 8 15 2 7 10 14 18 13 9 12 11 17 5 16
0 5 8 3 12 1 16 17 19 7 10 14 2 11 15 13 9 6 18 4
2 7 0 18 4 11 6 10 15 12 19 13 1 8 5 17 3 16 9 14
18 12 15 5 7 11 3 13 14 10 16 4 19 0 6 1 2 17 9 8
3 11 18 19 14 9 2 8 6 5 16 17 15 12 10 7 4 0 13 1
12 8 3 19 18 14 7 9 11 10 5 0 16 13 1 17 2 15 6 4
12 5 9 13 7 14 0 8 10 16 2 17 15 1 4 3 6 18 19 11
17 4 13 0 16 19 15 9 14 10 12 5 18 3 2 6 7 1 11 8
12 19 1 13 16 9 3 8 6 2 10 0 11 5 4 15 7 14 17 18
10 3 1 2 7 19 0 17 4 16 8 18 15 5 9 12 11 6 14 13
1 11 0 7 4 19 17 16 6 13 14 9 2 15 3 8 12 18 10 5
16 5 6 7 19 9 17 1 12 4 15 11 8 2 13 3 14 18 0 10
5 6 16 9 3 18 4 8 14 1 0 12 19 13 15 2 17 7 11 10
17 4 1 5 6 16 10 7 8 2 19 14 11 12 18 13 3 15 0 9
77 12 70 44 67 38 54 35 70 19 13 83 34 36 57 76 5 49 87 2
81 77 3 83 63 72 31 44 51 54 55 50 47 71 3 61 60 38 28 46
50 52 54 52 18 56 47 41 63 56 96 74 13 19 69 72 44 60 33 77
90 32 72 36 17 25 26 81 96 43 41 41 28 23 55 34 75 12 67 95
15 53 58 98 76 8 50 86 75 31 39 96 48 6 71 83 30 50 4 53
71 5 42 30 88 10 98 73 88 97 27 59 2 78 33 43 63 8 82 94
55 40 19 25 45 66 50 6 56 92 38 46 14 40 47 77 35 47 42 49
71 73 21 10 1 5 80 46 66 5 7 95 25 74 23 56 72 44 81 9
55 63 74 5 37 21 29 59 94 25 31 10 86 31 99 45 77 91 44 73
38 72 38 17 92 40 16 94 1 24 73 96 55 15 21 78 62 38 44 97
25 48 7 80 74 53 46 5 5 32 2 60 9 87 14 47 24 82 76 6
12 44 93 79 31 24 95 71 82 97 96 73 21 100 25 41 6 87 32 82
56 13 82 14 93 83 4 72 81 48 2 59 85 67 79 88 36 37 74 70
27 52 57 47 42 97 13 13 44 38 7 98 22 46 61 25 47 39 90 66
49 92 39 93 71 75 61 94 43 43 55 65 34 4 63 99 12 4 10 66
39 53 47 57 20 10 25 96 78 36 74 63 63 35 93 18 32 43 31 26
77 1 12 51 20 90 38 97 64 19 38 61 82 11 72 35 20 53 83 73
59 58 76 51 21 79 53 43 2 14 32 53 31 57 78 81 68 52 70 66
85 85 98 98 19 38 82 1 98 24 35 44 94 50 13 94 70 94 76 86
58 32 46 94 25 57 91 96 66 10 100 40 62 11 2 28 54 96 78 92
50 26 55 51 52 32 36 27 87 85 57 34 100 4 81 40 25 48 38 18
4 74 36 31 44 61 33 15 96 24 30 89 71 86 87 19 40 17 29 25
31 41 45 65 13 77 34 88 15 40 90 100 53 46 34 29 4 53 58 47
76 92 53 80 69 96 56 67 2 9 100 97 91 99 4 13 66 77 81 23
29 47 98 75 60 62 81 27 29 75 1 68 47 81 10 95 72 73 33 12
21 53 100 31 25 73 52 39 74 47 72 99 96 53 21 6 36 41 39 7
44 22 86 93 33 27 4 3 24 93 89 26 8 9 47 3 35 65 43 92
50 1 26 99 17 27 73 4 55 58 48 30 97 27 78 67 9 68 26 26
28 37 31 88 83 93 41 1 70 70 31 37 66 23 100 10 24 10 19 74
59 46 4 48 52 69 42 25 82 8 74 20 33 15 9 98 75 68 29 45
55 49 81 95 55 19 18 27 11 24 9 54 68 32 15 85 77 2 93 50
55 19 67 8 65 18 89 6 32 94 36 81 42 27 38 91 7 92 1 31
79 49 38 12 87 27 62 66 72 11 98 36 85 29 6 64 38 34 29 45
59 2 69 9 72 48 71 38 45 22 82 84 37 56 5 55 80 58 49 62
38 1 71 75 34 78 80 89 48 48 83 3 13 68 80 75 93 83 76 31
17 20 53 41 65 91 8 27 80 85 23 77 46 45 5 75 53 43 90 74
56 25 69 14 45 15 22 7 62 3 66 38 74 42 59 96 11 54 60 61
67 72 34 71 12 48 52 69 97 50 18 41 29 66 74 5 78 39 82 73
88 83 25 88 66 69 99 55 99 4 80 15 2 70 12 58 20 20 79 71
38 64 84 68 99 49 31 4 88 65 12 97 10 34 29 15 63 15 77 50
60 62 80 98 1 29 54 62 82 62 18 56 95 88 41 89 92 23 58 17
48 76 73 86 96 15 93 11 80 3 50 84 34 67 61 53 52 21 22 43
45 2 9 76 7 16 53 45 100 43 88 9 1 39 39 29 98 64 72 77
90 58 26 9 91 24 1 91 52 75 90 70 28 48 71 90 79 5 89 36
95 34 10 31 33 61 23 21 38 43 15 21 33 32 53 17 49 5 77 18
29 40 19 28 70 18 30 69 68 96 65 78 86 10 35 39 76 95 52 97
14 41 26 50 88 56 48 38 89 52 39 22 27 62 31 11 51 74 38 89
81 81 18 20 97 56 59 82 40 93 14 47 76 53 53 52 77 21 61 55
79 40 18 86 53 41 61 83 51 67 48 4 12 75 56 9 62 11 10 46
70 69 41 8 33 34 37 75 97 16 8 27 68 60 90 43 52 48 89 27
