50 20
5 1 8 18 17 6 3 19 12 9 10 16 11 15 13 4 0 14 2 7
11 12 5 13 14 9 19 17 8 15 7 1 0 6 16 4 10 3 18 2
17 1 14 4 2 9 6 12 0 11 5 8 18 10 3 13 16 19 15 7
6 8 12 10 5 0 4 13 16 19 17 7 1 14 11 15 18 2 9 3
12 11 5 8 17 15 6 1 10 3 13 9 14 2 4 16 18 19 0 7
10 3 0 1 16 14 9 15 2 4 7 18 12 8 19 11 17 5 13 6
19 11 18 13 6 2 17 14 12 9 1 3 4 10 7 16 8 0 5 15
10 11 2 8 3 0 4 5 9 12 14 13 6 19 1 15 18 17 16 7
15 1 17 14 16 3 10 19 6 11 12 2 5 0 8 4 18 9 13 7
17 9 12 6 2 14 1 11 0 7 10 15 13 3 4 18 19 8 16 5
17 18 4 1 19 13 2 14 12 7 0 10 15 11 5 3 16 6 8 9
17 8 3 0 12 13 9 1 10 11 7 6 16 15 14 19 4 2 18 5
7 11 14 13 18 10 16 1 8 5 15 17 2 9 6 12 4 3 0 19
0 7 15 11 5 3 18 17 2 6 8 12 14 9 16 10 4 19 1 13
17 13 9 0 12 8 5 11 19 15 3 2 14 1 18 4 7 10 6 16
8 19 13 11 17 4 0 10 9 3 15 6 12 1 2 18 5 14 7 16
11 6 14 0 13 9 19 1 18 10 15 4 7 12 2 16 8 3 5 17
18 1 2 15 8 17 4 19 16 5 10 3 12 7 11 14 9 13 0 6
3 4 13 12 1 10 18 0 15 11 7 14 6 19 17 2 16 9 8 5
16 10 14 19 17 13 18 9 5 3 6 0 1 4 2 11 7 12 15 8
2 1 17 19 18 7 0 11 3 12 5 6 13 8 15 14 4 16 9 10
11 5 14 12 19 15 8 6 13 3 7 1 17 2 18 16 10 4 9 0
5 4 19 18 0 15 14 7 17 1 9 11 3 10 13 6 16 2 8 12
11 12 14 18 17 7 3 1 15 13 8 16 5 4 2 6 10 19 9 0
7 2 9 8 11 6 17 13 16 12 19 15 10 4 14 0 18 5 1 3
7 19 1 14 0 6 13 10 18 5 8 16 2 17 12 11 3 4 9 15
8 1 4 12 0 7 16 6 17 14 9 10 18 2 19 5 15 13 11 3
12 2 7 14 1 9 15 4 3 19 17 8 18 6 16 11 13 5 0 10
15 1 3 2 13 14 6 5 9 10 16 11 19 4 18 12 7 8 17 0
18 4 2 17 19 13 9 11 3 1 12 16 5 10 7 14 0 6 8 15
18 1 17 4 13 14 5 11 6 10 16 12 8 3 15 0 9 2 19 7
18 5 11 17 1 12 14 8 6 19 3 4 15 2 0 7 10 16 13 9
6 19 15 14 13 3 0 17 8 4 7 12 18 10 5 9 16 1 2 11
12 2 5 3 16 10 14 15 9 19 6 13 0 8 1 7 11 18 17 4
5 19 14 0 16 11 1 18 12 10 15 8 9 2 4 13 17 7 6 3
11 12 16 4 8 1 10 15 6 18 13 5 0 17 14 7 19 2 9 3
12 6 7 10 16 5 11 3 18 19 1 15 9 14 8 13 0 17 4 2
13 6 12 9 5 14 19 18 16 11 0 15 1 4 10 2 8 7 17 3
0 1 5 18 19 10 6 4 11 7 12 3 2 14 8 9 15 13 17 16
8 17 2 9 7 5 6 19 3 10 18 4 15 0 14 16 13 11 12 1
10 8 0 6 3 18 14 13 16 5 1 9 19 7 11 2 15 4 17 12
13 11 10 16 15 6 18 4 14 2 5 12 1 17 7 9 8 0 19 3
10 2 9 18 1 4 6 8 17 11 15 13 19 3 12 7 16 5 0 14
6 2 8 1 12 7 17 13 10 15 9 3 0 11 14 18 4 5 19 16
8 0 18 10 2 17 15 3 16 1 7 14 11 19 5 4 12 6 9 13
1 2 14 11 16 17 10 5 13 18 9 6 0 19 3 15 4 7 8 12
6 5 1 4 8 10 19 3 12 14 17 16 15 2 0 7 13 11 9 18
17 11 18 0 14 12 2 7 19 4 13 15 1 16 3 5 9 6 10 8
7 12 19 2 3 13 8 14 6 17 10 18 9 15 0 11 1 16 5 4
7 11 16 9 6 3 15 1 10 19 5 13 12 4 8 0 2 14 18 17
86 23 68 15 13 48 83 6 41 40 12 6 25 96 11 73 79 12 33 39
99 8 82 77 50 78 58 66 47 88 89 95 33 46 19 69 19 62 71 28
88 16 2 74 59 10 32 73 54 6 54 62 20 38 94 42 69 43 46 84
2 30 16 45 6 29 80 5 43 89 33 54 43 53 1 93 74 91 97 92
22 91 62 82 93 94 13 75 20 40 88 85 64 95 2 60 63 20 30 4
2 90 63 37 27 45 74 14 84 29 50 86 21 51 77 4 71 52 31 50
31 72 49 85 65 19 60 7 43 22 100 32 84 11 63 72 58 96 4 80
43 81 62 25 80 33 95 11 4 7 2 23 18 93 99 85 71 81 78 1
17 20 38 40 51 56 60 77 65 85 9 12 74 95 76 51 34 55 4 3
20 55 88 78 64 71 77 66 72 68 72 15 26 66 3 88 81 10 87 42
96 34 29 37 56 61 40 10 73 71 62 72 51 23 100 62 87 43 42 86
78 71 47 21 82 48 15 42 29 40 61 6 19 54 52 33 6 18 72 2
69 1 71 75 10 80 64 95 12 63 36 69 93 26 53 31 7 97 63 52
60 46 29 55 56 94 22 14 11 14 19 86 76 24 48 19 13 27 26 23
59 43 60 50 53 66 83 90 53 92 68 10 43 62 87 23 53 81 40 45
56 37 86 97 67 39 41 65 8 27 34 72 83 57 56 99 82 29 97 5
16 84 44 54 50 32 66 88 31 42 7 76 41 41 90 63 32 68 36 11
99 47 43 16 16 20 79 38 82 67 51 67 8 72 8 41 74 72 98 22
40 93 49 24 7 2 79 45 81 100 71 32 4 55 87 64 77 51 42 66
66 91 82 96 77 46 94 39 1 42 2 67 18 95 83 66 34 76 55 89
100 89 26 23 47 69 53 49 31 68 21 45 68 6 70 33 48 7 66 22
90 81 16 76 58 56 8 69 98 85 3 3 78 31 61 83 14 22 62 5
20 91 75 29 91 24 37 71 87 66 82 22 82 99 81 7 3 86 53 22
64 40 68 42 70 59 2 49 5 79 85 91 72 62 54 34 52 78 99 96
9 84 56 13 12 97 83 75 71 65 3 87 95 88 61 32 20 62 92 51
42 76 91 82 81 25 20 22 71 10 96 82 89 23 56 44 5 77 7 71
13 81 22 63 81 19 40 48 61 45 44 56 97 76 8 74 89 71 86 53
79 9 94 6 13 86 34 25 79 9 15 94 88 60 19 90 36 35 70 62
81 18 17 89 83 25 15 91 27 89 92 50 32 28 51 44 47 14 62 22
89 80 45 91 92 13 31 59 81 35 90 18 45 22 71 68 100 44 22 100
26 13 26 96 100 76 18 30 79 61 56 59 88 75 56 92 33 80 25 45
22 59 62 78 95 97 53 39 99 100 29 92 77 4 81 6 82 23 44 87
15 9 82 88 73 28 33 43 30 86 73 3 92 86 13 77 26 64 37 61
11 81 9 33 34 50 76 45 92 80 31 72 3 62 54 64 100 12 11 68
73 10 20 18 83 20 57 31 36 82 1 18 31 19 66 34 71 90 72 6
50 26 54 92 26 51 75 23 38 20 7 15 2 69 59 68 25 17 9 76
71 1 82 59 41 89 40 29 62 54 4 5 79 14 54 88 53 92 87 72
68 17 37 42 47 8 19 86 68 34 32 84 26 80 2 67 14 48 4 76
79 37 74 71 51 93 95 48 37 56 19 66 3 95 39 86 7 75 18 92
98 82 88 78 95 48 69 65 87 5 44 45 49 93 61 88 74 17 97 77
61 8 46 77 78 41 50 15 85 92 54 78 99 20 17 19 39 8 51 24
18 69 9 43 3 79 36 68 94 22 28 32 45 82 84 32 88 34 22 9
51 21 51 52 33 19 29 84 10 56 93 2 78 11 35 45 93 54 38 89
97 94 28 92 52 29 48 79 57 38 96 64 1 27 90 92 10 37 60 20
67 3 96 99 59 1 92 80 70 96 57 19 14 89 9 44 90 18 41 35
63 24 92 40 92 50 42 53 61 70 92 10 50 2 23 81 67 94 37 40
35 66 90 11 68 38 46 83 100 18 78 29 49 81 56 97 84 83 32 19
52 30 58 28 18 39 100 44 2 79 7 80 95 85 58 22 78 73 20 43
26 47 41 30 13 88 14 93 72 97 36 68 68 82 60 89 47 79 42 10
22 40 26 12 6 82 27 26 65 49 47 69 68 78 14 50 5 33 59 83
