50 20
14 6 17 11 18 10 3 16 2 1 0 5 13 15 12 7 8 4 19 9
18 12 0 15 14 10 6 5 1 9 13 3 4 11 16 19 2 8 17 7
18 9 5 11 13 17 15 6 3 1 16 8 4 7 0 12 2 14 19 10
8 12 6 9 2 1 11 14 19 4 5 17 3 16 13 10 15 0 18 7
5 9 1 19 2 15 4 12 10 11 6 16 18 13 8 7 3 14 17 0
9 19 6 4 8 13 10 17 5 14 0 15 2 11 12 7 16 18 1 3
5 17 11 0 6 7 16 14 10 15 12 9 19 18 2 13 4 1 3 8
19 17 18 16 13 4 3 11 10 7 15 9 1 2 14 8 5 6 0 12
14 3 18 15 9 2 19 13 0 5 10 11 4 1 8 17 16 6 12 7
7 2 11 17 13 14 0 10 5 16 19 9 12 4 15 6 18 3 1 8
6 3 11 18 1 4 9 5 19 13 12 14 15 7 8 16 10 2 0 17
1 12 16 10 3 2 19 4 9 13 8 6 0 18 15 11 17 7 5 14
0 17 19 1 14 6 18 2 4 16 15 11 3 5 13 7 12 8 10 9
17 4 12 9 0 15 10 8 2 6 7 19 3 13 18 5 11 14 16 1
19 13 7 12 3 16 2 18 4 17 8 10 15 0 6 1 11 9 5 14
18 14 9 8 0 1 7 19 17 5 16 10 15 12 2 6 4 13 11 3
11 10 7 12 17 1 3 5 14 19 9 4 8 18 6 13 0 16 2 15
18 4 3 8 19 2 12 7 13 16 14 11 10 17 5 15 6 0 9 1
12 11 3 10 16 7 18 6 14 2 4 0 9 1 5 8 13 15 19 17
10 15 2 5 18 4 12 11 0 1 13 14 19 17 6 7 3 9 8 16
8 18 19 16 3 9 10 14 2 1 11 12 13 6 0 7 15 17 4 5
13 16 1 2 9 14 7 15 3 18 6 11 10 17 12 5 8 4 19 0
8 10 7 16 12 11 17 1 4 19 14 18 9 3 2 0 13 6 5 15
3 18 7 0 13 6 4 9 10 15 5 16 12 1 17 8 14 11 2 19
18 14 4 0 16 10 2 3 15 7 1 11 13 12 6 9 19 5 8 17
9 0 2 6 13 19 8 17 4 3 12 11 10 7 14 15 16 1 5 18
5 11 8 14 17 1 0 4 7 18 2 13 9 15 12 6 10 19 3 16
19 14 9 2 12 15 11 17 4 7 0 3 5 8 13 16 18 6 1 10
0 17 2 14 1 15 13 10 16 5 7 3 19 18 6 12 9 4 8 11
7 9 2 17 18 3 6 8 1 5 0 15 10 16 12 14 19 4 11 13
11 16 7 4 1 2 14 19 5 0 15 10 17 3 13 12 8 9 18 6
1 0 4 9 6 17 7 5 8 10 11 19 14 18 16 2 13 12 3 15
16 0 5 4 9 17 19 3 7 8 12 13 10 14 18 6 2 15 1 11
9 18 5 19 15 14 11 1 6 4 3 16 12 10 0 7 2 13 17 8
12 9 14 13 19 6 0 18 7 16 1 15 4 11 2 17 10 3 8 5
16 4 19 1 3 13 14 8 7 12 9 11 0 5 6 18 2 17 15 10
15 3 0 18 12 17 6 1 16 13 9 7 4 10 2 19 8 14 11 5
10 15 3 16 18 19 6 0 12 5 8 7 9 1 17 2 4 13 14 11
8 5 9 16 0 15 6 13 11 1 19 4 18 2 12 14 10 17 3 7
9 15 17 4 7 2 12 18 13 0 6 14 3 8 19 5 1 10 11 16
19 0 3 14 11 8 18 13 15 6 7 16 9 2 1 5 10 17 4 12
3 12 0 9 4 16 1 11 10 18 6 19 8 17 2 13 5 14 15 7
17 6 13 5 8 19 9 16 7 11 1 10 18 12 4 14 2 15 3 0
18 8 5 1 12 3 13 17 10 14 9 19 0 15 7 11 16 4 6 2
9 3 13 6 5 19 12 14 1 10 8 2 15 7 17 11 18 0 4 16
11 9 3 18 12 5 0 2 4 13 17 14 15 6 19 16 1 10 8 7
19 9 2 1 17 18 3 6 14 7 11 0 12 4 13 10 15 5 8 16
12 8 4 16 18 10 1 9 15 3 14 6 7 0 11 19 5 13 2 17
8 13 15 1 6 16 19 4 18 10 17 3 9 2 7 14 5 12 0 11
10 9 5 13 18 3 7 0 17 12 15 14 19 4 16 8 11 1 2 6
17 40 80 81 87 20 66 77 72 76 7 77 73 14 39 20 3 73 29 38
5 4 72 93 12 11 23 50 89 41 72 72 50 95 100 50 70 89 89 22
3 55 14 5 75 82 99 94 88 27 9 24 48 86 54 64 18 87 91 98
67 45 35 99 8 21 52 63 27 68 41 93 25 68 16 15 88 19 32 10
75 47 48 99 58 55 86 52 22 76 73 7 51 78 56 20 90 39 57 66
33 92 82 15 76 76 31 66 95 77 88 9 70 86 88 56 53 97 32 1
69 85 27 34 28 17 54 61 9 3 16 100 75 23 40 85 73 26 61 31
24 55 50 1 84 63 93 41 5 79 69 50 10 93 65 90 85 57 73 72
14 92 71 76 59 14 93 25 25 4 59 13 23 88 63 28 21 25 38 79
83 43 94 1 35 6 14 16 66 65 42 86 42 3 60 22 81 73 11 12
55 74 22 4 3 17 66 82 3 78 80 36 13 48 33 63 54 65 20 62
76 86 53 8 86 2 94 16 68 31 94 72 4 25 19 70 25 68 23 10
46 13 52 87 67 85 63 33 48 67 34 47 45 71 53 50 34 27 85 52
36 2 45 48 61 65 20 90 46 41 40 87 74 28 33 35 44 31 100 93
49 32 16 10 8 60 9 21 21 72 71 77 7 12 88 57 24 90 14 62
76 90 54 85 3 32 3 82 73 36 57 54 19 48 65 10 57 83 79 75
46 99 76 49 27 65 52 20 72 95 99 2 96 81 78 35 89 34 33 32
71 42 44 88 27 4 68 73 32 52 69 59 81 49 97 47 97 59 65 58
44 38 92 72 53 15 34 39 84 64 11 32 35 23 19 65 77 89 38 28
32 88 79 25 62 35 33 47 51 93 81 30 72 91 22 54 71 12 30 89
77 4 26 57 42 31 53 20 95 45 23 75 98 6 21 97 61 23 57 14
56 28 88 54 87 28 62 57 72 47 69 55 99 29 33 80 87 49 7 21
60 30 61 74 7 89 64 3 86 42 78 100 18 15 29 24 35 91 97 36
51 57 15 12 59 98 94 47 6 2 69 34 66 26 58 70 32 7 1 22
97 40 41 53 87 74 26 31 80 74 33 87 27 24 73 52 76 68 81 11
17 100 45 78 25 39 13 81 81 80 66 12 80 57 62 95 82 68 69 80
97 12 27 71 93 44 89 53 9 94 27 46 7 78 100 10 100 34 18 29
42 6 60 53 45 44 83 24 20 18 39 77 38 43 46 67 75 26 15 23
87 12 39 69 76 62 71 47 22 78 76 54 40 85 7 99 60 29 91 92
69 29 88 45 67 51 64 86 52 30 80 20 42 97 57 64 24 67 11 43
89 41 54 3 4 57 95 36 25 53 94 74 6 90 51 74 38 39 24 52
29 25 75 53 30 6 8 100 12 17 32 3 35 94 46 25 82 88 9 47
16 72 65 76 89 70 72 68 18 57 46 84 5 74 62 18 12 71 86 60
74 9 90 11 49 22 39 56 48 70 36 95 14 73 67 24 47 73 63 54
4 24 24 79 14 67 13 64 53 44 69 85 95 70 65 6 1 83 5 59
70 91 2 21 16 8 21 97 45 66 24 71 67 99 5 87 71 70 98 100
41 43 35 9 74 77 82 45 1 88 70 44 53 15 44 77 76 93 12 13
88 25 26 20 9 24 71 58 68 91 73 79 25 4 14 70 39 95 5 3
98 32 97 6 94 74 16 31 21 30 57 60 69 78 93 10 6 87 95 82
52 61 53 96 65 7 16 13 33 91 64 10 51 63 60 7 29 100 36 48
97 14 77 7 9 27 18 8 44 23 21 65 26 57 45 52 8 76 9 100
82 30 38 10 84 66 78 45 97 80 96 62 14 24 99 61 20 89 85 25
99 46 22 51 69 2 77 48 55 78 99 1 47 60 97 27 16 92 74 89
25 13 58 41 37 85 52 55 100 51 40 100 61 36 60 94 69 72 22 91
8 54 72 96 67 57 6 62 82 22 4 74 22 6 26 42 14 8 70 63
42 65 69 34 91 1 21 80 68 59 52 17 13 93 17 30 68 53 50 71
33 37 97 24 39 52 52 85 78 22 31 54 95 86 36 96 91 58 43 66
28 32 25 34 89 62 13 59 47 49 48 85 78 42 18 88 51 71 85 88
59 50 25 50 26 63 63 20 53 59 51 90 50 50 21 54 100 8 75 50
82 17 25 11 62 91 24 45 24 40 28 38 13 14 35 56 25 4 37 85
