50 20
6 15 3 16 1 12 13 0 9 11 8 17 19 10 4 14 7 2 5 18
7 2 5 18 16 8 1 19 17 12 3 6 15 4 13 9 0 14 11 10
6 4 13 8 9 12 19 5 3 14 7 10 17 18 1 2 16 11 0 15
4 3 13 11 9 10 16 8 0 2 14 7 6 15 18 12 1 17 19 5
11 1 4 10 9 17 12 3 0 15 14 6 19 2 7 8 18 13 16 5
9 16 12 5 14 18 19 13 3 4 6 0 10 15 2 17 1 8 7 11
13 16 6 15 18 19 3 10 7 4 9 0 8 5 2 1 12 14 17 11
19 17 12 13 14 11 10 7 5 3 8 16 2 9 0 18 4 1 6 15
19 5 1 4 2 18 8 15 9 0 14 7 12 17 3 16 6 11 10 13
5 4 12 8 17 15 19 10 1 11 0 6 9 7 14 13 18 2 3 16
17 6 10 15 4 7 18 2 9 12 19 5 8 1 13 16 0 3 11 14
1 3 4 16 12 0 5 13 7 10 18 15 11 6 8 17 14 2 9 19
4 12 18 6 8 11 2 1 10 19 7 0 9 14 13 5 17 15 16 3
5 11 9 12 19 2 15 18 1 17 0 13 6 14 8 7 10 4 16 3
11 2 14 15 5 8 6 0 16 10 4 13 17 7 18 12 9 1 3 19
11 8 0 9 19 16 10 14 17 1 18 15 2 5 4 3 6 7 12 13
3 4 18 11 13 16 14 0 1 8 15 6 12 9 19 7 5 2 10 17
2 7 10 14 8 16 1 3 12 15 17 0 5 9 6 11 18 13 19 4
6 12 8 3 4 14 10 9 17 7 2 1 11 13 5 16 19 15 0 18
6 3 10 15 13 11 0 7 5 14 9 12 18 19 17 16 1 8 4 2
6 2 16 0 8 17 1 10 13 18 15 19 14 12 4 7 9 5 11 3
8 10 12 11 4 3 15 7 5 9 6 0 2 17 18 16 14 19 1 13
5 4 18 11 17 7 3 2 6 1 14 13 19 15 10 12 9 8 0 16
13 16 12 15 19 2 14 10 6 3 18 4 0 7 1 5 9 11 17 8
1 13 18 0 9 4 16 15 8 3 11 14 2 6 19 7 10 17 5 12
9 18 15 5 3 13 8 16 10 4 7 0 6 17 1 14 2 11 12 19
7 12 0 3 18 11 17 10 16 14 2 15 6 4 5 13 9 19 1 8
8 13 10 19 15 14 7 12 18 3 6 16 0 1 11 2 4 17 9 5
6 18 4 9 7 1 16 14 8 12 10 2 0 15 13 19 11 3 17 5
18 19 8 3 11 7 1 15 2 17 5 14 9 10 0 13 12 16 6 4
2 1 18 0 9 15 10 3 14 4 17 19 6 16 8 5 12 13 11 7
7 6 12 3 11 9 15 19 18 0 16 13 5 8 10 14 17 4 1 2
0 16 18 5 7 2 6 14 13 19 15 11 8 10 17 1 3 9 4 12
8 2 16 15 3 6 0 19 10 11 7 18 5 13 14 17 9 1 4 12
7 14 10 9 15 17 4 0 13 11 12 16 6 2 18 8 3 1 19 5
13 12 8 4 6 2 9 10 19 16 3 1 5 18 7 17 0 15 14 11
16 7 6 17 11 2 13 5 3 19 1 15 18 12 14 0 8 9 10 4
11 7 17 6 18 3 19 16 5 13 15 1 14 8 0 10 9 4 12 2
0 14 7 15 13 4 19 8 6 12 5 16 2 18 11 3 1 10 9 17
10 16 0 15 11 2 13 18 8 17 1 12 19 3 5 9 4 7 6 14
2 7 14 5 3 1 18 0 16 17 15 8 4 6 12 13 19 10 11 9
0 1 19 2 5 8 15 16 10 18 9 7 12 3 11 17 14 13 6 4
1 15 7 10 12 9 0 2 14 6 13 18 3 17 19 11 16 4 5 8
4 3 13 12 9 17 0 14 16 8 7 1 15 11 10 2 5 6 19 18
16 15 8 11 10 9 5 1 13 3 2 4 17 14 0 19 6 12 18 7
19 6 16 8 14 10 5 4 18 11 9 17 1 12 2 13 15 7 3 0
7 13 8 10 18 3 9 16 14 2 19 17 1 11 5 15 0 12 6 4
11 8 1 5 16 0 12 3 13 7 9 15 2 4 14 10 18 19 6 17
17 15 19 8 11 0 18 16 12 6 14 9 2 3 4 10 5 7 1 13
1 6 12 15 18 3 13 0 16 19 10 8 14 7 4 9 11 2 17 5
61 67 3 100 44 76 83 21 89 28 92 11 42 70 58 73 3 79 51 40
32 18 14 83 47 58 63 39 26 48 73 21 44 19 52 70 92 50 44 52
34 16 52 46 63 100 74 42 8 52 9 60 82 34 52 49 89 31 73 92
40 98 5 23 93 87 79 40 13 83 63 91 66 33 95 52 45 40 67 33
92 94 45 80 19 53 90 49 46 21 76 56 71 68 72 41 77 15 66 89
42 3 18 97 65 94 46 34 88 92 78 74 22 15 93 67 21 31 13 92
70 79 65 43 32 25 31 62 38 58 1 75 43 45 75 13 23 67 32 12
38 42 18 98 58 19 5 74 28 71 7 11 83 62 78 43 80 50 25 3
38 11 67 15 28 24 51 85 42 92 13 25 34 27 28 93 37 62 33 35
66 69 49 16 31 59 11 72 38 73 76 90 66 53 59 21 84 89 84 46
67 21 88 34 61 96 50 12 42 33 99 96 46 89 68 46 69 99 40 16
56 100 59 84 69 23 51 33 88 20 35 77 49 64 48 25 70 91 36 43
18 14 20 14 46 88 91 20 20 71 36 34 61 33 65 34 12 28 38 35
37 32 59 10 82 98 5 56 2 56 2 34 68 46 77 98 65 36 47 1
54 58 19 1 73 4 67 24 40 6 58 24 28 55 15 17 28 99 86 31
89 24 2 23 2 10 70 61 10 4 21 38 47 65 57 57 32 67 88 33
73 38 49 44 8 62 70 18 91 66 4 11 65 52 23 78 71 44 26 66
33 64 73 29 26 98 85 44 55 9 31 90 31 81 100 71 83 83 87 38
32 26 95 17 85 90 43 97 69 37 69 47 18 27 32 88 66 31 40 12
86 98 43 50 71 42 98 29 32 22 36 43 68 9 45 13 14 26 77 99
49 91 61 7 14 33 59 58 32 47 29 96 24 24 68 26 27 6 32 76
74 73 38 78 40 73 81 68 54 85 36 48 14 35 68 4 10 81 92 67
29 63 57 63 90 80 41 36 73 80 64 30 38 55 42 28 83 89 11 72
36 14 24 65 50 64 35 48 8 8 43 18 48 95 29 100 47 57 62 42
24 3 85 68 30 28 34 58 18 30 71 57 37 16 95 15 59 2 85 25
29 45 86 96 36 51 6 28 100 34 48 21 75 64 60 86 58 16 56 24
1 55 61 10 25 4 33 9 33 31 26 83 17 3 90 39 31 44 25 34
4 26 38 98 4 50 86 78 47 30 48 72 8 49 27 29 79 97 91 65
58 30 49 61 96 8 10 90 56 76 43 89 76 91 50 69 43 64 55 10
83 44 78 88 76 35 58 6 87 68 18 69 32 21 85 11 25 3 76 96
53 38 90 21 7 30 94 61 76 67 59 94 37 82 62 48 79 39 81 66
76 40 34 43 85 75 64 49 73 4 16 68 62 32 22 44 17 66 79 75
3 37 90 55 84 6 71 30 67 61 32 84 22 45 73 100 23 44 38 38
57 84 53 93 26 83 8 17 88 71 12 100 10 20 77 25 54 1 52 13
99 3 72 13 26 55 36 90 17 25 70 93 85 88 34 93 95 44 35 18
51 10 10 95 31 78 6 76 92 24 4 61 71 3 12 49 36 76 20 47
55 55 81 19 57 65 5 66 27 75 3 39 58 39 76 48 45 91 15 94
79 17 91 49 28 6 69 92 14 25 1 99 32 98 72 1 96 13 81 56
5 49 33 51 96 38 86 85 75 65 16 7 4 11 91 29 59 85 25 37
10 88 91 92 91 19 6 25 44 66 82 15 44 75 13 25 18 37 78 67
92 51 58 100 66 90 48 1 41 63 81 32 39 66 59 27 90 20 82 56
61 39 65 28 77 72 10 13 8 92 76 4 76 32 56 38 31 100 65 51
70 39 24 70 89 35 64 26 90 58 11 98 11 88 5 99 13 3 81 15
25 31 93 59 18 34 66 63 40 23 4 48 31 94 1 74 72 12 66 77
94 88 40 29 86 21 12 66 1 62 20 13 19 47 74 22 41 93 10 80
5 74 26 88 88 32 39 92 31 42 31 90 58 33 88 55 71 25 76 2
27 49 25 9 99 68 80 34 30 99 34 34 60 93 37 57 21 73 82 2
28 32 25 27 78 4 23 67 3 78 78 56 25 49 75 35 79 50 35 32
77 95 62 84 19 100 74 52 90 48 63 87 40 21 35 48 5 85 47 1
65 54 28 96 24 94 51 64 27 94 69 5 46 27 8 69 15 54 41 77
