50 20
17 7 16 12 2 5 0 4 3 18 13 11 6 1 10 15 8 9 19 14
8 4 11 7 13 18 19 15 2 14 0 16 12 5 9 10 17 1 3 6
5 0 3 18 9 14 13 16 17 19 7 4 2 8 15 10 12 6 11 1
4 8 19 2 3 10 13 6 5 7 16 9 11 14 1 15 12 17 0 18
6 4 8 18 10 19 16 3 5 9 17 0 7 2 1 12 14 15 11 13
15 14 13 1 12 4 9 11 8 3 19 17 5 7 16 0 2 18 6 10
2 18 1 6 5 4 8 15 12 17 11 7 14 16 10 13 19 9 0 3
14 3 8 5 6 13 15 18 11 1 12 9 17 2 0 4 7 19 10 16
1 7 2 18 11 8 3 0 13 12 14 5 19 4 17 15 6 16 9 10
1 10 12 9 11 17 5 7 13 18 14 8 4 19 16 6 2 3 15 0
5 4 11 18 1 15 17 0 6 9 13 14 7 10 16 19 3 12 8 2
0 1 18 2 6 14 5 12 15 19 17 11 8 3 7 16 10 9 13 4
9 8 7 19 16 6 0 12 18 2 3 17 10 1 5 11 13 4 14 15
10 3 12 7 18 6 11 2 4 17 9 16 14 8 0 1 13 19 15 5
7 9 19 17 3 5 1 0 12 14 6 16 2 10 13 15 11 18 4 8
5 8 9 17 6 16 18 12 14 0 11 4 15 19 13 3 10 7 1 2
18 1 12 17 2 16 3 15 14 7 4 8 13 19 10 6 9 11 0 5
9 0 18 11 6 3 4 16 15 8 2 5 10 19 14 12 17 7 13 1
12 3 14 7 2 1 8 5 11 6 4 13 15 18 17 19 10 9 16 0
4 1 15 13 18 2 16 5 19 6 14 17 0 7 10 8 9 3 11 12
14 7 0 19 11 17 6 16 4 12 1 9 2 5 18 13 3 15 10 8
19 1 7 10 14 0 18 9 5 16 2 13 17 3 12 11 4 15 6 8
12 0 18 13 9 11 14 3 6 19 5 10 2 16 17 7 8 1 15 4
15 4 13 1 9 7 12 19 16 18 6 5 2 3 11 17 14 8 0 10
8 0 11 18 17 10 12 14 13 4 3 1 5 7 16 9 2 6 15 19
4 2 3 5 13 12 8 6 1 7 18 11 17 10 16 9 0 14 19 15
4 3 12 1 6 14 7 2 11 8 9 18 13 17 5 16 0 15 10 19
11 5 12 14 7 16 15 1 17 18 19 0 9 2 3 6 10 8 13 4
6 0 16 18 17 7 14 13 4 10 9 8 15 12 3 1 5 11 19 2
16 6 1 5 8 11 2 15 0 14 7 19 18 9 12 3 10 13 4 17
13 5 19 15 6 10 17 16 11 4 7 0 8 1 12 14 3 2 18 9
8 7 5 6 17 15 3 16 11 10 19 14 4 18 2 0 13 9 12 1
19 9 17 6 15 8 13 11 0 14 18 4 5 12 16 2 10 1 7 3
3 7 12 18 9 5 17 14 19 2 8 1 4 6 15 16 11 0 10 13
7 11 10 16 9 17 4 6 18 14 0 13 19 12 8 15 5 2 1 3
13 14 10 4 3 5 15 7 6 17 1 2 18 12 9 16 8 19 11 0
8 17 5 2 13 6 19 9 3 1 14 16 11 7 0 18 12 15 10 4
14 8 3 5 7 9 10 16 19 15 4 0 12 13 11 18 6 2 1 17
16 3 11 9 10 1 8 4 18 17 6 15 7 12 0 13 2 5 14 19
6 0 4 9 19 15 8 1 2 17 12 10 11 5 7 3 18 14 13 16
16 9 17 0 1 10 11 14 2 7 15 4 12 13 8 18 5 3 19 6
4 14 16 12 18 19 6 3 0 7 15 2 8 5 13 1 11 10 9 17
19 12 3 15 0 18 11 2 1 10 4 13 7 8 14 6 5 16 9 17
4 18 11 0 8 3 19 15 14 7 12 6 10 17 16 5 13 9 2 1
19 9 0 11 16 14 12 5 2 3 15 13 6 7 8 4 17 18 1 10
16 17 18 2 5 15 14 7 4 3 13 6 10 9 0 19 8 11 1 12
12 10 4 15 18 7 8 5 19 6 17 11 3 1 16 14 2 9 0 13
5 14 13 17 11 15 19 10 1 7 12 9 6 3 18 0 4 8 2 16
2 18 12 3 0 1 9 16 15 19 7 11 4 13 14 5 10 8 17 6
17 4 5 14 1 8 13 2 11 3 18 6 10 9 16 7 0 12 15 19
43 31 36 77 87 4 5 77 92 21 30 98 79 72 55 56 82 47 63 90
48 7 45 55 10 33 94 70 87 69 9 26 65 29 74 53 85 59 21 96
64 31 5 14 54 81 23 51 38 100 65 66 70 33 14 76 62 5 29 45
48 76 69 11 84 54 39 23 53 59 7 71 71 34 53 8 100 64 48 48
32 53 5 36 46 58 41 65 51 80 81 4 70 79 13 49 80 22 39 45
77 86 77 84 92 57 36 49 28 98 7 66 40 33 81 95 9 44 96 56
94 73 77 29 38 48 77 12 14 39 62 54 83 23 96 56 78 77 53 5
15 75 44 85 93 44 48 57 44 12 44 44 70 19 35 17 66 86 16 22
71 55 12 38 64 69 14 18 33 1 34 25 42 54 5 58 15 49 81 35
6 59 88 76 14 80 26 90 20 64 53 41 53 12 99 98 60 76 15 68
55 30 100 95 62 96 82 17 45 23 15 48 31 16 55 80 70 43 75 68
78 79 24 60 80 7 27 47 29 20 89 26 72 9 10 47 12 67 6 62
76 59 96 48 17 79 87 95 64 53 76 5 52 75 99 88 36 14 28 64
84 33 7 54 33 50 33 69 40 5 30 77 81 69 99 43 91 89 27 67
4 18 45 46 3 95 43 35 76 43 97 27 94 97 25 67 58 99 3 57
44 42 74 97 74 43 98 21 24 29 9 77 95 31 78 30 28 37 83 62
21 1 80 20 98 73 86 91 97 22 8 55 48 46 53 21 61 41 5 89
1 7 58 65 10 71 83 4 36 56 98 35 40 21 71 71 88 79 14 17
63 12 3 55 2 60 19 74 76 73 34 5 86 96 57 27 59 12 19 30
77 17 2 18 78 6 50 73 11 14 32 57 19 67 29 91 9 91 57 75
97 48 75 84 54 44 92 53 56 54 53 14 77 84 12 58 56 58 94 49
70 94 97 94 24 87 59 67 99 41 42 12 67 13 66 59 98 72 12 51
46 3 35 47 58 83 75 72 8 28 53 79 33 17 22 37 73 72 7 70
23 34 24 46 78 66 15 76 3 93 67 79 49 3 97 7 37 50 36 31
58 72 73 48 54 38 10 62 89 21 88 99 27 55 77 44 74 53 93 8
73 25 50 74 2 45 76 94 83 5 22 66 36 38 72 84 87 53 52 91
98 1 88 76 44 39 42 44 83 54 10 91 53 14 61 9 53 2 33 4
4 52 36 33 54 24 26 29 19 40 29 97 88 94 6 12 48 51 86 39
18 89 25 99 72 48 10 6 21 9 84 24 33 93 95 60 88 63 52 87
74 26 47 17 25 3 35 2 88 76 60 10 61 43 65 59 40 92 15 26
1 34 89 10 95 27 77 59 80 13 83 25 64 42 75 8 69 70 1 75
97 9 55 14 11 98 85 73 78 44 81 77 73 85 36 31 10 23 34 12
51 91 81 5 68 50 24 84 56 1 19 10 64 92 76 34 59 99 22 41
52 99 99 76 52 49 64 21 94 33 37 86 86 50 77 29 19 100 54 64
36 98 57 30 10 68 90 62 99 29 23 35 98 26 6 25 54 54 27 51
90 52 100 78 66 27 58 6 87 27 33 21 82 6 5 90 73 44 62 66
11 30 94 29 22 72 62 91 57 11 6 53 59 97 48 74 42 82 90 81
27 37 97 70 91 77 76 73 56 97 60 84 70 35 33 7 54 30 14 61
34 23 53 58 78 57 24 44 52 82 72 58 27 22 64 8 64 60 70 53
83 50 33 33 39 38 25 49 100 96 78 26 53 42 50 17 13 98 11 23
72 38 40 69 38 38 42 69 18 68 48 73 73 74 99 72 57 83 79 55
57 54 54 86 77 23 42 81 84 53 74 39 82 41 64 32 74 78 87 81
9 12 23 31 32 80 79 14 57 62 22 59 37 46 99 59 24 83 85 85
69 96 68 90 71 9 99 9 9 19 41 80 7 71 33 3 15 42 99 10
27 74 74 67 3 98 46 93 95 95 96 65 13 52 52 35 84 33 14 28
73 49 50 31 71 89 96 74 96 45 97 84 89 57 74 9 58 57 29 60
93 18 28 17 85 22 55 92 49 16 22 16 98 5 87 41 22 31 47 51
7 7 66 14 99 50 31 54 59 87 91 23 91 42 23 70 52 75 74 12
16 23 14 35 67 8 56 26 51 60 54 89 2 51 33 71 69 45 37 14
11 14 52 51 44 49 71 24 32 8 98 31 55 99 40 59 99 8 75 26
