50 20
17 1 10 2 11 4 0 3 6 5 12 19 8 14 15 7 16 18 9 13
13 19 8 6 3 16 17 9 10 4 5 0 18 2 11 1 15 14 12 7
19 15 17 13 3 5 6 14 1 10 11 16 12 7 4 8 2 9 0 18
9 12 7 6 1 14 16 10 13 3 4 19 18 15 8 11 5 2 0 17
15 1 17 19 9 3 10 6 2 14 13 4 0 16 11 7 5 18 8 12
6 9 16 12 1 0 14 2 3 4 10 7 8 11 17 18 13 19 15 5
15 19 7 4 16 5 17 13 14 18 10 2 12 11 0 9 8 6 1 3
7 6 10 5 16 2 17 12 0 18 11 9 4 14 1 3 8 15 19 13
3 13 2 14 4 10 6 16 18 0 5 1 7 12 19 9 15 8 17 11
12 3 15 16 4 2 0 8 19 7 6 17 13 1 11 9 18 5 14 10
12 15 13 10 18 19 17 6 2 11 9 14 0 16 1 7 3 8 4 5
19 5 1 6 10 15 12 9 3 13 14 4 16 7 17 2 0 8 18 11
15 5 6 12 9 3 1 2 17 8 10 7 0 19 14 18 4 16 11 13
10 15 4 5 1 16 14 6 3 8 12 0 13 19 7 17 11 18 2 9
14 11 15 0 2 8 18 17 10 13 19 3 4 7 16 12 9 1 6 5
8 5 7 12 1 11 0 2 17 18 19 15 13 9 10 6 14 3 4 16
3 18 12 1 16 5 4 8 19 10 2 17 14 0 7 11 15 13 6 9
15 16 12 3 0 5 19 18 9 14 13 11 4 1 17 6 8 2 7 10
3 16 10 5 8 7 4 17 0 9 14 18 15 12 6 19 1 13 11 2
13 3 10 8 7 17 14 2 18 4 1 0 12 5 6 16 11 15 9 19
3 0 12 13 5 1 17 10 4 19 7 14 15 11 16 2 18 8 9 6
3 19 13 17 18 7 1 10 0 5 14 9 4 8 16 11 15 2 12 6
6 4 5 14 10 1 13 3 18 16 19 17 0 8 15 9 11 2 12 7
4 9 11 3 18 5 2 19 15 17 10 12 16 1 14 7 0 8 13 6
18 7 4 12 8 5 1 16 0 9 15 10 11 14 2 6 19 13 17 3
5 15 13 17 6 7 12 3 19 1 2 4 14 8 10 18 11 16 0 9
5 8 3 13 15 14 10 17 6 7 12 2 18 19 4 16 1 0 9 11
6 4 16 5 3 11 14 18 19 17 9 12 13 0 10 8 1 7 2 15
11 19 18 8 15 3 16 2 7 4 17 5 13 9 14 0 6 10 1 12
18 5 4 1 8 2 19 9 11 13 3 6 10 0 16 12 15 7 17 14
12 1 3 9 15 18 11 13 6 19 7 0 16 17 4 8 14 5 10 2
13 4 17 18 6 16 19 5 11 9 2 3 0 7 10 14 15 8 1 12
9 10 14 16 18 11 0 2 6 5 3 12 1 4 7 17 19 8 15 13
7 3 5 6 8 2 18 11 4 13 9 16 19 0 12 10 1 17 15 14
9 1 17 2 12 10 5 19 6 13 8 3 14 0 7 16 4 18 15 11
15 18 5 10 14 7 17 19 13 3 4 11 9 8 6 12 16 1 0 2
5 4 19 13 15 16 0 18 7 12 17 6 11 8 1 10 2 3 9 14
11 3 16 2 1 19 17 9 12 8 0 10 18 13 14 4 6 5 15 7
18 19 5 16 14 9 15 8 3 10 6 12 4 2 7 13 11 17 1 0
14 0 10 12 1 13 3 9 7 8 17 18 19 11 6 16 4 15 2 5
10 15 4 0 11 9 13 14 3 16 5 1 19 17 18 6 12 2 8 7
12 5 13 17 16 4 19 11 15 0 10 14 6 18 3 9 2 1 8 7
5 11 8 19 4 12 2 14 1 18 0 17 13 9 10 3 6 7 15 16
17 8 15 6 2 9 1 14 12 16 11 3 10 18 4 0 7 5 19 13
4 16 5 19 15 1 6 7 0 10 14 11 3 13 9 18 12 17 8 2
12 2 16 7 9 15 3 11 1 6 4 8 18 17 14 0 19 13 10 5
19 7 5 12 11 10 9 13 6 14 18 17 1 8 0 15 3 16 2 4
11 8 14 1 7 17 3 0 4 6 12 9 13 10 5 18 2 19 16 15
12 15 11 10 1 6 8 7 5 17 19 0 4 18 16 14 13 9 3 2
1 17 4 14 0 16 5 7 18 8 9 2 10 3 12 11 6 19 13 15
80 89 6 33 15 21 68 95 18 88 16 18 89 45 48 74 84 47 80 30
24 21 74 69 56 56 17 67 98 54 95 95 42 29 31 39 72 46 25 48
70 11 84 73 85 53 20 21 63 63 81 38 62 43 65 83 40 20 77 61
54 18 80 88 90 65 36 84 12 73 78 91 69 61 35 29 29 30 68 80
10 36 81 73 100 69 74 18 54 2 76 35 71 48 76 27 8 35 34 6
19 98 69 63 62 85 24 7 33 32 57 79 32 96 97 71 83 12 12 90
97 43 53 38 19 74 92 4 20 58 28 68 21 70 80 67 30 15 80 92
96 69 1 16 46 72 75 16 60 90 88 10 99 83 56 28 72 84 72 11
9 27 26 51 31 28 79 20 36 76 34 6 86 56 44 58 35 85 89 25
53 23 48 1 37 20 82 17 82 29 98 63 77 4 24 65 49 75 18 38
5 86 62 80 7 94 6 83 23 58 61 26 74 59 50 9 44 63 20 66
68 100 44 81 25 33 32 90 49 56 69 19 18 51 52 85 45 64 37 56
25 22 37 16 78 97 34 94 82 55 86 97 10 40 7 86 49 83 70 58
62 65 35 66 64 29 31 51 23 90 80 81 73 59 12 43 4 31 66 65
69 8 23 23 13 86 18 50 44 79 69 88 69 95 87 76 2 48 30 51
62 46 64 74 23 25 31 22 13 52 39 100 95 11 9 96 80 27 89 24
87 51 87 16 84 89 78 87 68 87 20 49 53 79 30 90 77 37 69 59
33 26 13 72 58 15 32 37 88 14 11 69 32 30 13 20 85 31 81 17
31 95 83 13 84 29 19 6 87 68 11 5 90 9 15 69 83 19 53 88
14 96 20 68 13 12 65 100 100 44 58 64 8 50 33 80 24 45 73 4
92 62 53 45 27 6 97 72 24 61 54 49 16 99 48 21 32 15 91 54
57 11 84 93 15 17 80 3 36 32 24 79 79 57 57 27 70 56 56 18
79 70 52 36 90 63 4 7 89 86 38 59 13 69 10 80 68 22 9 74
35 12 70 9 67 16 26 49 7 33 82 33 85 39 14 8 67 38 7 73
13 86 92 96 70 13 68 97 98 86 34 20 75 91 82 5 40 72 15 91
48 79 81 39 48 64 39 4 32 62 96 37 21 76 10 9 99 9 86 34
85 47 41 16 67 68 90 75 14 74 67 60 7 95 49 34 69 48 34 61
16 90 82 13 49 48 87 66 44 2 95 69 45 96 91 46 23 10 80 63
52 81 1 22 47 35 47 59 27 61 7 98 52 11 97 87 100 34 47 17
31 14 86 67 27 42 86 93 86 30 76 43 77 21 1 3 18 97 90 53
87 8 61 68 86 93 93 57 5 76 19 76 63 64 2 43 83 8 83 10
94 6 26 63 92 17 77 47 36 22 94 47 1 10 80 24 2 11 44 3
89 89 22 12 35 44 94 67 77 35 11 69 61 1 68 22 5 52 51 21
39 10 78 32 3 83 66 68 44 34 2 71 12 42 33 90 28 20 23 76
48 99 47 8 62 1 29 99 87 43 62 51 60 43 40 70 90 18 42 55
10 60 92 21 87 37 90 32 63 83 2 60 56 26 43 16 76 25 91 92
17 2 85 92 60 90 92 9 35 30 60 37 61 99 21 63 6 80 50 68
93 26 32 46 94 98 45 56 60 48 41 5 61 80 19 14 78 87 9 23
96 55 37 8 40 29 83 83 12 8 73 82 46 90 35 25 80 77 94 46
14 13 88 5 97 51 47 22 34 14 11 38 60 66 44 90 39 7 90 68
53 30 24 62 56 78 40 56 33 78 87 2 67 55 94 35 2 28 15 25
92 16 94 10 9 31 72 74 84 51 40 97 34 25 87 14 6 14 36 96
8 91 9 68 63 67 100 86 95 89 1 66 77 53 74 95 99 76 22 54
47 45 88 59 80 68 58 67 12 76 89 13 76 58 68 97 36 16 31 96
74 51 91 72 74 41 30 96 86 24 51 1 82 19 38 12 72 22 61 62
2 38 63 91 61 46 13 67 48 39 41 39 54 71 73 27 66 13 3 81
10 31 73 43 79 45 42 26 68 73 51 78 8 74 15 89 48 65 85 72
25 74 11 88 9 22 70 68 68 85 25 5 41 55 35 94 10 26 83 41
87 55 3 73 15 100 74 95 29 60 11 52 42 77 82 53 50 91 68 62
85 4 75 8 80 72 98 78 21 22 13 13 86 25 69 23 25 94 93 52
