50 20
14 19 0 18 16 4 15 9 10 7 6 8 12 13 17 11 2 5 3 1
18 14 6 7 12 5 9 17 4 10 13 15 0 3 16 19 1 11 8 2
19 2 0 3 14 9 11 18 1 13 16 7 15 4 10 6 12 5 17 8
4 12 2 15 10 6 0 5 8 11 18 19 14 13 7 1 16 17 3 9
8 6 17 18 10 9 12 3 13 2 14 11 0 4 16 5 1 7 15 19
14 17 19 4 6 8 13 7 3 9 10 18 2 12 11 1 5 15 16 0
17 6 5 10 18 7 8 3 9 1 16 4 12 13 2 0 15 19 14 11
13 12 11 14 18 0 5 6 9 19 2 4 1 17 15 7 10 3 16 8
14 17 2 5 13 1 15 11 3 7 10 4 9 19 18 16 0 8 12 6
9 3 7 14 0 19 8 15 12 18 10 16 4 1 17 5 11 6 13 2
13 1 8 3 9 2 18 16 7 0 5 6 15 14 17 10 11 19 4 12
14 18 16 4 5 8 7 2 19 15 1 17 3 11 13 12 6 0 9 10
19 13 2 18 15 12 10 9 17 5 3 0 11 4 16 6 8 14 1 7
7 0 16 5 10 17 15 13 1 19 12 8 2 9 18 3 11 4 14 6
10 12 8 18 4 11 5 19 16 13 3 1 9 14 6 2 0 7 17 15
19 6 13 7 11 16 17 9 14 5 18 3 12 4 10 0 2 8 1 15
14 1 2 11 4 15 3 5 17 10 8 7 18 6 12 16 19 0 9 13
19 14 4 9 6 13 12 18 5 15 7 8 3 10 11 16 17 2 0 1
2 12 4 3 7 5 18 13 0 1 17 11 10 15 16 6 8 14 19 9
0 12 13 2 16 3 19 18 5 7 4 11 8 10 14 17 15 6 9 1
10 11 5 18 4 16 1 17 14 15 9 19 3 13 2 0 12 8 6 7
7 14 9 2 10 13 19 1 17 8 4 5 15 12 11 18 3 0 6 16
0 2 12 3 17 16 11 1 4 14 5 15 13 19 6 8 7 18 10 9
7 14 3 13 19 5 15 4 9 8 1 18 6 2 10 17 16 12 11 0
16 13 6 14 5 0 1 17 3 11 9 4 10 18 2 15 12 19 7 8
16 14 7 11 3 13 17 5 0 4 1 19 8 12 18 10 9 6 2 15
7 18 1 4 13 3 8 19 5 6 9 15 2 14 10 17 11 0 12 16
14 1 8 15 6 17 10 3 11 0 9 4 12 5 2 7 16 18 19 13
17 10 9 14 13 15 4 18 11 16 0 1 3 12 19 5 2 6 7 8
2 15 12 0 3 7 10 11 1 16 17 9 4 5 6 8 14 18 19 13
0 12 18 17 1 5 13 4 11 2 3 7 15 10 14 16 6 8 19 9
2 8 17 0 16 13 14 4 19 3 10 7 12 1 9 15 6 18 11 5
10 14 2 3 15 19 1 17 12 5 18 7 11 0 9 13 16 8 6 4
11 5 9 16 15 1 8 19 13 12 14 10 3 2 17 0 4 18 7 6
2 13 4 5 1 18 0 19 10 6 17 8 16 7 12 11 15 14 3 9
12 4 17 2 18 16 15 9 3 6 14 19 0 10 11 1 7 8 13 5
17 12 10 0 16 18 2 13 3 8 1 5 4 7 9 19 11 6 14 15
12 1 6 8 17 13 3 14 5 0 4 16 9 15 10 18 19 7 2 11
0 11 16 4 15 2 14 17 5 8 13 12 18 1 10 6 19 9 7 3
4 16 10 17 5 14 15 19 6 3 8 0 18 1 9 2 13 7 12 11
8 4 9 16 17 12 6 3 2 15 1 0 10 11 18 13 7 19 5 14
3 2 0 5 8 16 11 4 1 9 14 12 17 19 15 6 18 10 7 13
17 2 15 6 18 19 12 14 5 3 9 0 4 13 16 1 11 10 7 8
4 7 2 18 3 6 9 0 10 15 11 17 13 12 19 1 5 16 8 14
14 16 2 15 10 11 7 8 17 13 4 18 1 5 19 6 0 3 9 12
7 14 11 17 3 5 18 16 9 15 10 13 12 4 8 19 1 0 2 6
11 13 16 4 9 2 14 5 10 18 8 0 6 17 19 12 1 7 15 3
6 0 14 7 3 16 18 9 17 2 19 4 13 12 1 5 11 8 10 15
18 7 8 9 6 17 1 2 15 13 5 16 14 19 4 10 11 0 12 3
12 16 3 4 14 0 5 2 8 7 1 15 10 11 9 17 18 19 13 6
51 9 54 37 19 26 19 40 28 89 85 97 93 65 27 14 13 50 80 94
69 67 54 5 33 11 95 16 40 51 84 35 20 86 63 81 83 81 61 25
57 92 56 17 16 89 47 64 27 4 98 51 49 90 32 80 34 57 20 8
88 10 90 91 97 60 97 18 69 63 75 91 69 91 44 16 49 50 65 33
63 14 71 40 74 48 2 16 70 52 38 74 71 40 50 95 34 62 51 85
7 18 96 43 26 45 47 22 63 57 38 44 19 54 35 30 44 19 13 87
13 13 59 46 67 29 30 65 38 40 22 47 68 8 57 21 32 39 57 64
39 60 100 5 47 85 5 33 14 87 62 14 33 37 83 92 44 69 80 13
11 66 53 48 52 9 89 98 24 37 10 46 11 94 3 65 78 44 2 98
39 88 54 25 21 3 36 15 62 58 40 56 68 38 31 92 30 89 86 93
45 100 9 31 96 65 74 53 46 27 9 13 25 1 75 24 84 75 84 71
50 74 82 16 93 21 33 80 65 97 32 19 77 75 76 73 43 61 66 24
25 62 97 66 55 26 90 53 80 78 52 89 44 31 53 41 7 12 49 59
27 84 69 76 46 80 94 63 2 35 6 25 84 37 43 68 82 53 36 73
56 97 90 87 49 26 59 78 83 20 77 59 71 20 64 37 45 11 72 3
61 34 10 33 17 92 75 46 3 91 38 99 34 63 24 80 51 91 8 17
36 21 83 29 65 64 88 37 53 64 45 6 19 40 88 61 32 39 66 38
8 68 38 68 53 37 96 92 30 57 33 23 81 62 5 94 36 78 80 94
54 28 71 46 28 78 57 98 58 19 30 97 86 82 21 24 2 68 86 12
84 1 83 57 30 75 86 24 36 36 13 54 17 74 74 57 65 12 58 46
62 42 65 51 65 4 97 21 40 19 10 56 67 12 94 91 13 91 85 35
36 97 43 78 76 100 71 92 28 47 58 51 9 2 90 38 82 79 76 41
7 88 56 98 77 49 47 23 69 28 23 14 71 72 46 14 98 13 5 68
54 57 83 9 12 74 85 3 96 83 25 99 14 57 16 9 8 2 19 98
39 42 3 82 80 91 24 28 95 34 25 37 95 78 17 3 57 42 58 66
11 98 34 22 92 9 51 83 34 13 7 2 23 95 56 36 9 32 37 83
38 66 35 71 63 14 34 78 77 4 36 85 90 50 62 6 23 5 22 49
59 84 36 57 92 76 55 37 84 22 96 53 17 49 53 22 18 32 4 12
65 64 45 10 20 92 71 65 84 87 34 77 73 38 33 63 39 91 13 89
90 64 28 20 75 92 73 49 14 62 36 41 69 55 45 15 96 84 68 34
33 25 9 2 90 17 40 1 78 59 70 74 65 85 76 13 82 55 50 64
96 43 86 35 22 56 71 19 35 16 17 62 29 34 43 56 27 32 55 45
8 78 42 35 47 48 59 42 19 68 3 3 47 43 64 92 2 11 87 15
31 21 39 48 14 73 34 37 71 2 7 49 68 4 22 45 76 19 76 31
86 82 68 91 100 68 32 38 73 78 51 88 18 64 78 77 57 72 71 61
52 33 4 85 22 88 50 69 62 7 21 39 37 47 72 12 74 50 44 41
100 30 63 58 64 38 59 58 97 17 45 98 66 7 58 54 92 58 26 64
96 13 8 57 36 68 73 31 6 20 51 7 77 87 77 23 50 100 85 75
86 76 37 3 99 25 88 73 99 60 21 58 26 41 69 44 75 95 22 77
20 80 39 91 32 29 10 77 8 63 34 13 71 73 23 90 52 71 42 29
24 25 8 89 38 86 64 8 27 88 3 62 21 11 97 56 50 28 26 95
15 89 12 37 29 19 95 96 5 50 59 98 13 38 72 56 29 60 66 65
18 50 12 79 60 18 18 40 33 78 9 32 33 25 42 26 61 42 79 71
91 91 98 66 86 21 84 95 48 53 56 36 42 7 2 37 32 6 98 91
33 86 91 23 76 41 10 60 71 72 26 63 42 51 94 40 90 27 2 2
24 47 33 33 45 16 22 43 20 80 26 32 74 47 48 67 70 12 98 51
6 68 33 34 86 39 24 42 41 63 54 40 73 41 58 21 57 11 10 81
27 23 14 83 6 65 98 94 62 82 75 64 8 94 16 95 61 43 19 2
93 6 34 65 37 50 91 92 20 79 53 53 17 15 66 8 33 44 63 34
30 74 85 54 48 57 49 91 40 43 46 50 9 76 99 4 4 92 22 40
