50 20
15 0 12 16 13 8 7 6 19 18 11 10 2 1 5 4 17 14 9 3
14 5 3 10 18 19 13 17 16 6 8 0 1 12 9 7 11 4 2 15
13 8 6 9 10 17 15 1 4 16 19 0 12 7 14 18 3 5 2 11
15 2 9 10 4 12 11 8 16 7 13 14 5 18 6 0 19 17 3 1
18 0 14 3 1 6 17 16 5 10 8 15 12 2 4 9 7 11 13 19
5 18 16 15 6 1 19 8 14 17 0 10 7 11 13 4 9 2 3 12
10 7 0 8 9 12 4 11 13 6 17 14 1 2 3 5 19 16 18 15
16 1 5 17 10 14 2 15 18 7 12 8 3 6 4 9 19 11 0 13
16 2 17 4 1 8 18 3 11 14 0 10 7 13 6 5 19 9 15 12
2 8 12 18 9 5 14 19 13 15 10 0 11 3 17 1 4 16 6 7
6 14 11 15 9 18 8 7 4 13 2 10 16 3 17 1 19 12 0 5
9 17 6 1 13 16 2 15 14 18 4 5 0 19 10 12 3 11 8 7
5 9 1 7 8 12 15 2 4 13 14 11 0 17 3 10 6 18 19 16
4 9 8 18 16 7 12 2 13 14 3 11 0 10 19 1 15 17 5 6
17 7 19 16 1 18 8 14 13 4 11 3 12 2 9 15 10 0 6 5
13 4 17 9 10 16 18 11 5 3 19 12 8 7 6 14 2 15 0 1
8 12 0 3 6 15 7 9 4 14 13 17 18 5 11 1 16 10 2 19
13 7 3 15 0 19 6 16 10 1 2 8 14 4 9 5 11 18 12 17
9 11 0 14 10 3 13 8 6 19 16 7 18 1 17 12 4 15 5 2
5 13 10 19 18 11 7 4 6 17 14 12 2 3 9 8 0 15 16 1
9 15 8 6 19 16 7 13 3 1 12 4 0 14 17 2 5 11 10 18
17 14 13 8 6 10 2 16 9 5 19 0 12 11 15 3 18 1 7 4
8 15 19 11 9 3 6 2 18 13 5 1 0 4 7 16 10 14 12 17
12 9 4 15 7 14 8 3 2 16 13 19 6 17 5 18 1 0 10 11
1 10 0 19 9 7 14 11 4 18 13 3 17 16 6 2 5 12 8 15
1 17 7 4 14 18 8 9 0 10 6 5 12 15 16 2 13 19 11 3
16 13 8 11 10 7 2 3 5 0 6 9 12 18 19 15 14 17 4 1
11 16 15 2 13 12 14 17 8 3 7 6 5 0 10 4 9 1 18 19
11 10 18 7 0 8 13 19 5 6 2 1 9 14 4 12 17 3 15 16
14 11 18 13 16 12 6 7 10 3 15 19 2 1 17 5 9 8 0 4
3 16 18 0 11 15 19 12 8 14 10 13 7 4 17 9 5 2 1 6
11 8 10 6 4 0 18 9 19 1 2 3 7 14 12 5 13 15 16 17
3 19 0 12 15 16 10 18 17 6 8 13 11 5 4 14 2 9 7 1
10 8 6 17 5 15 14 9 12 16 11 4 19 7 1 3 13 0 2 18
0 2 12 9 14 17 18 4 1 10 7 16 15 19 11 3 8 13 5 6
16 5 2 14 7 13 6 9 0 11 15 1 17 12 8 4 19 3 18 10
9 7 6 12 3 15 4 8 11 19 10 0 14 2 5 13 17 16 1 18
4 7 8 12 13 18 15 2 10 3 1 9 19 0 11 17 6 5 14 16
17 19 10 13 14 18 4 7 12 1 9 16 8 15 2 6 11 3 0 5
5 14 17 2 13 18 8 4 12 0 11 10 3 15 6 16 7 1 19 9
12 18 6 0 16 13 19 17 9 5 3 8 15 10 2 11 4 7 14 1
13 7 6 17 12 0 8 9 10 4 19 5 1 3 2 16 14 18 11 15
12 7 10 6 15 1 5 8 14 9 3 4 16 0 11 18 13 2 17 19
19 7 15 13 17 14 2 1 8 12 0 10 4 18 3 6 5 11 9 16
8 13 10 1 11 17 3 6 15 19 18 2 0 14 9 16 7 4 5 12
8 16 15 5 3 12 9 14 11 10 2 19 17 6 7 4 13 18 1 0
19 6 0 12 3 4 15 8 18 2 16 7 14 1 10 9 17 5 13 11
11 1 19 0 9 10 5 6 16 14 4 13 8 7 12 17 18 15 2 3
1 8 5 4 13 0 9 17 11 16 14 6 15 2 19 7 3 18 12 10
6 18 7 16 11 12 8 5 0 9 14 3 13 2 17 15 4 10 1 19
65 41 99 36 49 100 58 13 12 5 63 45 37 18 4 34 58 97 99 16
75 70 85 10 94 38 51 14 20 64 56 99 35 70 78 66 20 94 13 35
9 60 37 95 10 25 52 41 66 19 67 85 34 88 82 45 5 67 48 76
94 73 4 99 73 65 28 77 25 17 8 61 69 91 58 4 66 17 49 64
38 59 68 65 65 70 5 47 18 57 99 88 86 18 96 43 31 91 86 43
66 63 69 95 60 56 35 38 4 93 56 57 46 38 14 41 4 91 39 5
91 83 83 74 52 63 49 59 41 16 83 25 17 42 71 5 76 79 68 50
45 62 98 50 26 67 36 12 98 42 31 92 100 38 100 92 34 74 30 76
7 26 82 14 90 69 2 15 63 55 18 90 11 61 90 92 25 4 13 32
95 87 46 80 26 85 79 60 55 86 1 7 7 88 71 27 70 30 54 86
45 60 87 66 44 78 91 99 98 89 59 96 74 81 98 36 67 42 58 24
50 76 25 24 13 70 43 53 83 62 59 38 73 42 63 55 47 3 14 23
24 78 92 45 55 25 62 93 85 98 71 23 79 37 16 38 92 25 12 50
29 52 99 68 54 43 6 97 37 79 85 9 44 37 83 13 44 16 71 62
5 31 47 1 56 33 69 66 11 16 34 36 4 83 3 81 20 71 16 31
18 87 77 63 3 78 86 80 15 46 39 16 1 61 50 85 96 20 62 62
73 86 79 62 36 7 47 8 73 7 48 19 9 39 14 96 21 79 8 42
82 27 66 46 56 89 86 95 27 52 23 78 57 94 62 50 59 55 8 92
81 25 79 44 95 17 59 47 63 20 14 11 14 86 69 35 11 82 34 77
20 35 73 29 57 69 51 69 41 2 23 70 52 2 80 11 52 17 80 29
1 74 40 91 97 44 57 73 25 1 91 79 3 62 1 89 81 91 6 38
23 27 48 68 18 3 42 37 58 58 67 89 54 99 61 27 65 70 11 1
84 69 4 45 14 27 51 30 1 8 67 8 98 69 7 75 23 36 43 56
59 42 43 48 87 63 15 68 82 96 42 82 77 84 94 62 33 83 76 43
56 7 67 30 95 78 1 26 1 57 10 54 61 68 63 28 15 45 74 78
57 61 88 64 64 89 84 1 37 2 92 74 26 61 70 91 2 22 62 64
47 75 94 83 33 40 28 96 13 53 12 72 63 91 41 15 37 36 71 40
14 34 65 30 4 1 30 62 18 88 8 3 59 56 12 12 29 61 11 49
37 100 77 59 71 55 5 58 99 54 40 98 2 42 8 94 90 22 31 83
93 73 43 38 92 44 6 73 36 18 19 41 89 42 60 90 99 36 41 100
60 6 36 57 31 29 73 50 75 55 34 96 89 84 32 52 4 56 60 27
11 93 85 47 73 80 2 28 72 3 99 89 3 5 3 35 70 16 81 81
14 48 56 63 85 67 83 78 52 60 14 21 12 59 72 62 49 38 71 71
81 92 85 64 90 37 38 16 74 41 93 87 44 61 83 20 77 18 84 49
32 94 61 56 80 72 69 9 97 56 88 36 71 32 74 85 17 88 89 51
86 10 85 87 93 93 46 32 73 100 69 97 37 31 25 10 83 62 55 19
74 85 65 24 92 11 67 1 49 83 37 90 39 68 3 11 47 94 85 100
70 62 82 85 64 90 81 53 84 89 5 14 44 30 68 82 87 26 84 28
41 65 54 24 97 45 95 78 50 85 46 89 15 74 22 21 48 10 33 87
78 57 100 98 99 8 98 53 66 25 69 53 41 75 78 22 13 76 43 71
41 58 91 81 52 41 95 60 22 89 68 26 79 15 85 21 67 34 72 40
47 50 10 68 60 42 60 20 85 97 26 59 42 6 94 2 56 92 49 69
12 87 17 28 94 16 35 50 49 10 90 54 47 7 75 49 84 28 32 64
66 92 78 99 61 61 76 73 85 5 26 21 58 76 66 94 3 49 7 55
77 61 57 98 65 92 80 17 44 44 40 19 93 46 19 26 83 2 85 72
64 14 90 12 25 70 50 8 10 61 1 91 73 60 78 30 69 33 99 14
7 56 32 63 7 10 8 13 46 82 89 89 31 8 66 29 69 16 89 90
64 42 94 26 95 6 91 92 1 90 46 55 5 30 64 57 78 60 76 95
91 1 28 17 96 77 5 50 7 49 79 39 68 79 26 30 73 99 54 56
40 97 94 1 31 67 46 18 41 30 53 89 91 97 85 21 93 5 82 71
