50 20
9 5 2 7 6 19 11 17 18 14 1 15 3 12 13 4 8 0 16 10
13 6 15 14 3 1 2 10 19 9 16 5 8 11 12 18 17 4 7 0
7 2 14 19 5 1 6 16 0 4 13 9 11 12 18 3 8 10 17 15
2 11 1 12 14 16 5 18 8 9 4 7 3 6 13 0 19 15 10 17
3 1 12 14 7 2 8 15 5 6 4 0 10 13 11 18 16 17 19 9
8 6 13 19 18 11 9 12 5 0 15 3 16 10 17 7 14 2 1 4
17 3 1 2 5 19 15 4 7 16 10 9 12 13 14 6 18 11 8 0
0 15 2 18 13 9 3 10 11 19 4 17 1 5 8 12 6 14 16 7
17 2 10 8 14 13 4 0 11 12 18 15 3 1 9 7 19 6 16 5
12 3 4 2 11 17 0 1 14 8 15 16 6 13 19 10 18 9 5 7
19 2 13 1 15 5 4 12 10 9 7 18 8 3 14 11 17 0 16 6
18 13 9 12 1 17 5 6 19 10 14 8 0 16 2 15 3 11 7 4
4 2 18 17 19 8 6 9 0 1 7 10 13 12 15 5 14 3 16 11
7 15 1 10 3 11 9 0 17 16 2 8 18 19 6 14 4 5 13 12
18 12 5 3 14 17 16 1 10 2 11 8 13 9 15 6 4 0 19 7
10 16 18 15 12 8 2 6 9 1 11 19 3 0 4 7 13 5 14 17
4 9 18 5 19 11 6 2 17 0 15 13 8 1 3 14 10 16 12 7
9 17 14 1 10 6 11 2 0 16 8 3 15 19 4 5 13 7 12 18
16 7 5 14 0 4 11 19 1 15 12 17 2 18 9 3 8 6 13 10
18 14 2 5 11 1 12 0 16 9 13 4 3 17 6 10 7 19 8 15
18 11 7 19 6 15 8 13 10 14 2 9 16 12 17 4 0 5 3 1
13 10 15 2 11 6 19 14 0 8 7 5 1 4 3 9 18 12 16 17
7 6 9 15 10 0 19 4 8 3 13 17 12 1 16 14 11 2 18 5
0 7 15 16 11 9 12 17 6 14 8 19 18 10 4 1 5 3 2 13
10 19 11 15 2 18 3 1 4 5 9 13 8 16 0 14 6 17 12 7
0 19 15 17 14 5 16 6 4 3 1 10 12 7 2 11 9 8 18 13
17 16 8 4 14 2 15 19 7 13 1 0 11 6 10 5 3 12 9 18
14 4 0 10 13 6 12 2 9 1 18 3 17 16 8 15 5 19 11 7
4 9 2 1 7 10 18 11 13 14 16 3 15 5 12 19 8 6 0 17
4 11 5 15 1 12 10 8 7 9 14 6 3 2 0 16 18 19 17 13
3 1 0 13 7 5 16 15 17 18 12 9 8 11 14 19 6 2 4 10
7 1 11 4 9 6 18 13 16 17 8 3 15 10 2 14 0 12 19 5
12 9 3 14 10 17 18 2 11 0 15 4 8 16 13 1 7 5 6 19
12 8 1 16 7 15 9 18 17 14 3 10 11 6 5 2 4 19 0 13
4 2 14 3 13 0 8 11 5 19 7 6 9 10 18 12 17 16 15 1
8 6 4 11 16 14 17 10 19 15 12 5 2 9 3 7 1 13 0 18
1 15 5 14 19 8 3 13 7 18 0 2 6 12 9 11 4 16 10 17
8 2 5 13 12 16 7 18 19 11 0 1 17 14 4 15 10 3 9 6
17 9 3 14 15 16 12 8 10 13 18 0 2 1 7 5 19 4 6 11
4 12 16 9 2 0 1 14 13 8 11 6 10 7 19 15 18 5 17 3
3 2 1 7 15 9 5 6 14 12 13 10 4 16 19 18 0 11 17 8
4 16 14 8 13 5 2 9 7 1 10 17 3 19 15 6 0 18 11 12
18 11 5 4 14 15 12 8 19 2 17 6 1 3 9 7 10 0 16 13
5 17 8 16 14 13 6 2 3 4 9 12 0 18 1 15 10 11 7 19
4 11 10 16 2 17 13 12 6 0 15 18 9 1 7 19 3 8 5 14
11 13 5 4 14 19 6 15 1 8 0 9 2 16 10 3 18 7 17 12
6 16 11 14 10 7 3 0 19 8 9 5 2 1 4 18 13 15 17 12
13 11 0 6 4 9 17 7 5 15 8 19 3 1 10 14 18 12 2 16
13 3 0 4 14 8 9 10 5 7 1 6 18 2 12 17 19 16 11 15
1 17 13 10 11 2 16 0 5 12 14 19 7 3 18 9 15 6 4 8
59 98 17 45 83 22 5 45 78 4 50 83 75 25 20 42 56 58 13 85
32 13 38 18 54 62 64 99 73 77 46 38 13 27 39 80 28 21 74 57
32 35 19 7 64 69 60 31 17 77 12 28 81 57 36 60 55 34 40 49
42 32 44 77 89 20 58 87 74 72 45 76 62 7 37 49 14 73 69 94
78 61 10 96 33 64 21 62 96 88 74 56 51 24 58 85 64 58 17 79
83 97 87 2 62 65 1 4 8 48 52 14 81 35 84 95 97 34 72 42
99 77 7 73 34 89 30 44 37 56 42 40 27 43 94 77 63 82 9 34
36 83 95 9 21 36 51 78 12 1 25 69 12 31 15 54 97 86 12 18
30 72 77 36 32 30 59 95 77 62 74 39 13 26 43 84 100 26 76 22
48 69 39 83 22 40 89 37 5 95 33 1 36 90 36 75 11 55 70 57
89 30 10 58 48 95 5 42 28 10 14 12 2 11 94 14 26 39 85 49
99 39 27 81 60 68 10 97 13 22 11 94 46 79 96 67 72 22 47 38
78 5 10 25 86 29 47 90 77 24 45 85 34 51 18 37 100 75 93 25
9 5 52 93 42 97 33 91 86 29 35 45 10 53 30 9 83 8 5 81
100 59 20 2 33 93 52 93 82 52 43 60 88 44 93 36 58 23 43 29
64 5 61 37 38 77 63 46 94 19 10 15 50 47 68 80 72 15 83 30
16 2 84 30 3 88 76 72 45 95 78 51 53 68 45 15 96 20 57 71
70 100 79 91 50 12 27 69 4 68 48 25 97 89 36 20 50 11 30 8
83 48 66 75 65 29 62 23 93 90 59 77 46 64 29 24 9 95 36 80
77 49 21 86 4 25 74 79 50 60 58 54 35 94 38 32 13 69 29 1
5 88 56 70 61 98 75 58 51 51 35 60 23 79 55 13 70 73 65 15
20 5 29 59 58 47 26 36 31 3 25 24 34 40 67 100 47 84 68 76
67 29 75 43 44 92 5 23 37 16 78 66 23 90 84 78 92 100 85 91
97 5 15 6 11 98 97 85 65 40 5 12 22 5 53 38 33 30 73 62
15 66 96 11 45 34 94 42 85 57 51 90 64 46 85 74 70 7 10 72
87 87 49 100 87 22 100 18 8 96 10 56 68 69 92 85 64 8 29 19
82 66 15 74 27 64 18 54 80 19 7 72 18 63 83 85 17 75 9 58
100 19 37 78 22 51 50 97 73 31 17 64 29 77 7 41 91 98 72 49
87 97 89 29 50 19 29 7 42 14 8 60 59 74 82 63 43 21 83 64
89 24 29 61 79 78 4 74 92 22 87 56 71 86 40 26 83 77 89 71
12 9 9 6 49 32 31 59 88 88 79 43 91 100 61 6 41 51 78 95
3 7 48 62 72 40 47 23 16 57 99 45 69 65 9 18 22 56 81 44
9 64 44 32 82 63 48 56 83 32 35 94 19 93 86 22 1 23 88 6
32 16 92 94 61 60 75 97 38 97 62 17 6 39 49 92 67 11 38 61
81 97 35 5 40 1 63 21 70 70 59 71 25 92 48 36 50 49 62 60
27 15 44 47 68 60 65 13 88 81 14 66 28 10 50 72 23 59 93 15
40 93 32 15 3 34 3 92 52 84 33 58 96 46 20 20 97 9 49 72
59 81 67 100 83 67 8 92 29 93 38 86 64 56 30 6 44 53 97 16
70 54 24 37 40 10 73 36 21 64 88 13 5 76 61 40 10 72 23 61
45 79 59 69 68 37 69 44 100 73 75 55 65 30 71 73 85 87 51 59
42 44 14 72 79 53 81 100 73 86 3 66 58 23 82 51 27 95 78 20
43 100 31 30 62 81 91 23 92 15 48 31 85 57 21 72 10 1 64 43
29 71 84 61 77 100 5 85 59 23 55 17 80 2 73 21 17 74 17 29
73 45 36 42 59 49 65 77 56 96 89 17 84 7 47 89 60 58 38 10
29 11 66 99 52 13 90 82 39 39 7 18 74 18 93 53 3 98 86 51
60 14 81 89 80 55 13 21 33 100 73 98 61 69 3 44 99 58 27 47
46 43 57 34 6 13 94 56 82 75 31 63 43 46 95 51 91 39 2 49
49 86 30 38 8 84 73 80 64 97 11 51 70 10 83 39 98 58 100 99
44 20 98 81 3 72 23 83 51 72 9 19 20 25 38 93 84 21 48 84
50 22 93 22 34 5 68 47 99 44 60 33 55 18 83 87 95 12 83 69
