50 20
12 13 11 2 17 0 10 18 19 6 14 1 9 4 7 5 15 16 3 8
14 9 4 19 10 5 13 1 17 2 15 3 12 18 11 16 8 6 0 7
7 9 19 0 12 17 18 16 6 4 8 14 3 2 1 15 10 5 13 11
5 1 7 15 14 9 10 11 6 18 8 2 16 3 17 19 12 0 13 4
0 12 6 3 4 15 14 1 17 5 10 13 7 18 9 16 19 11 8 2
9 2 18 4 7 6 17 3 1 8 13 12 19 5 10 15 11 14 16 0
18 2 9 13 1 7 5 14 15 16 0 11 12 19 3 17 8 6 10 4
17 14 18 0 9 7 1 15 12 4 5 19 11 2 8 13 3 10 16 6
14 3 6 2 19 0 13 15 12 16 5 17 4 7 1 11 9 10 18 8
9 16 1 3 12 18 15 19 5 14 0 2 13 6 10 7 11 17 8 4
15 1 16 3 10 12 17 18 2 4 13 14 11 8 5 6 0 9 19 7
1 12 9 17 16 4 10 7 15 5 3 19 18 14 2 11 6 0 8 13
2 0 3 7 4 10 14 18 6 5 19 8 12 1 16 11 9 17 15 13
3 11 16 12 4 19 17 5 9 7 8 0 14 18 1 10 2 15 13 6
2 16 3 4 17 8 10 11 5 18 6 14 7 13 0 9 1 19 15 12
14 16 10 9 13 19 11 0 5 15 7 1 3 18 4 8 2 12 17 6
8 1 10 11 4 16 2 0 9 14 3 17 19 18 13 12 15 6 5 7
3 7 4 12 19 16 6 0 15 2 14 5 10 8 13 1 9 17 18 11
1 15 6 19 17 16 10 9 5 14 18 4 11 8 0 12 2 7 13 3
13 18 16 6 7 3 2 10 15 1 8 5 0 9 19 17 12 11 4 14
19 1 10 4 9 16 3 8 2 6 5 13 12 14 18 11 15 17 7 0
18 12 8 16 17 14 1 15 9 13 6 7 5 19 11 3 2 10 4 0
1 8 5 14 11 3 6 17 0 16 7 12 18 19 10 2 4 9 15 13
4 2 10 12 11 16 3 17 5 1 15 0 9 19 13 7 18 6 8 14
15 1 17 12 11 13 3 4 18 5 6 14 0 7 2 19 9 16 10 8
11 13 17 15 0 4 7 6 19 18 10 2 3 12 16 1 14 9 8 5
5 1 16 18 9 15 4 12 8 17 3 11 14 7 6 0 13 19 2 10
14 9 10 15 0 4 3 8 12 19 2 7 1 17 11 5 18 13 6 16
7 13 9 1 6 0 19 11 17 8 15 2 18 10 14 5 3 4 16 12
19 9 12 1 4 8 17 18 10 7 14 11 5 3 0 16 6 15 2 13
10 13 15 7 18 3 12 8 17 1 9 11 19 6 14 16 2 0 5 4
13 14 8 0 5 12 3 11 2 18 7 6 15 4 1 16 9 17 10 19
19 15 0 11 2 17 14 5 12 3 1 8 18 16 7 4 6 10 9 13
17 1 6 7 3 2 0 13 14 15 8 11 19 16 4 9 18 10 5 12
11 2 16 13 4 17 10 0 12 6 3 7 1 5 14 8 19 18 15 9
9 14 11 15 19 4 7 3 5 12 6 2 8 1 10 0 16 18 17 13
3 13 1 12 8 15 11 2 5 10 7 4 16 18 9 6 0 17 14 19
16 8 7 2 6 11 4 13 0 5 19 15 9 17 12 14 3 10 18 1
19 14 13 7 15 3 12 9 1 4 5 16 11 0 6 17 10 2 8 18
1 18 11 9 10 6 3 0 8 19 15 13 16 17 4 14 7 12 2 5
10 6 19 1 0 14 18 15 13 17 4 3 7 8 2 12 11 16 5 9
17 15 18 16 4 1 10 14 8 6 13 11 19 3 12 5 9 2 7 0
10 14 11 13 7 9 4 3 15 16 17 12 0 18 5 19 1 8 6 2
13 1 17 9 3 8 15 12 4 5 18 19 10 6 7 2 11 16 14 0
17 12 10 18 9 15 14 11 1 0 16 13 2 5 7 3 6 19 4 8
19 15 8 10 12 16 14 0 7 9 13 11 17 2 3 6 5 18 1 4
2 4 14 3 10 8 19 12 11 18 5 7 15 17 0 13 6 1 16 9
5 13 17 19 9 2 3 4 18 16 10 8 7 0 6 11 12 1 15 14
16 17 13 18 4 10 5 9 11 19 15 14 6 1 0 3 7 12 8 2
17 19 14 11 3 4 2 15 6 10 16 0 8 1 13 5 12 9 7 18
54 46 72 55 64 71 56 24 8 34 73 77 26 92 12 60 92 45 38 17
57 60 99 99 63 91 72 31 45 39 26 8 53 14 55 51 8 85 93 12
96 99 13 14 82 34 69 60 71 12 83 28 42 6 30 15 7 93 38 26
33 73 49 35 26 39 99 61 45 18 57 53 61 50 22 64 39 47 68 82
60 53 99 1 6 26 94 74 81 16 7 48 28 36 62 66 100 86 42 13
77 4 1 98 47 78 15 69 54 29 13 87 63 12 64 83 48 64 28 91
35 26 95 70 88 3 15 32 23 28 8 86 42 32 93 23 9 38 56 21
58 85 78 56 60 22 5 16 69 30 70 4 13 7 43 22 34 40 3 98
37 100 69 20 96 5 24 50 53 3 79 74 33 82 65 67 41 88 33 6
79 50 30 54 56 18 13 69 14 85 82 71 37 25 95 58 82 15 20 49
41 5 66 93 54 77 87 45 52 46 40 27 92 92 62 100 74 79 46 42
19 62 1 23 47 51 63 11 57 67 97 35 13 22 47 65 94 19 79 83
52 81 14 64 98 25 92 51 12 99 69 38 81 93 78 51 86 60 41 66
92 66 29 90 72 53 90 16 66 35 44 52 19 52 36 79 12 81 88 64
71 13 21 3 40 35 91 64 64 59 87 28 45 67 32 12 97 14 98 97
70 100 60 23 38 24 76 56 61 53 59 2 99 10 21 47 88 88 10 56
37 99 87 83 28 98 23 11 71 73 74 29 16 50 56 3 56 4 53 37
28 95 44 62 28 23 31 78 48 77 83 20 5 30 38 9 89 68 56 45
15 19 32 85 86 9 20 96 15 30 47 57 63 83 96 97 82 68 100 58
6 14 67 76 49 46 49 70 64 66 25 68 45 93 82 27 25 6 79 96
75 42 30 6 83 47 61 80 40 9 94 59 85 96 71 33 74 44 52 87
6 46 27 69 93 16 21 57 65 19 22 47 83 30 28 19 66 58 39 47
91 34 3 17 32 51 73 3 54 35 46 64 1 91 25 15 52 93 39 68
70 30 19 78 55 28 13 67 71 34 49 42 34 31 95 48 66 2 42 88
69 10 55 30 80 11 48 96 5 27 76 33 39 66 5 73 39 42 10 13
48 73 76 9 47 70 87 74 28 96 3 7 55 46 66 52 47 21 42 67
58 64 65 80 32 14 67 12 46 25 81 20 73 11 47 62 93 17 63 20
21 76 55 98 25 9 94 15 3 79 24 78 90 52 18 55 8 12 37 17
54 25 52 46 56 19 26 9 7 90 78 1 82 91 68 76 77 99 27 45
93 27 88 94 42 72 47 31 21 100 80 55 18 36 52 69 22 83 31 42
99 49 29 99 26 21 4 93 24 45 74 43 74 61 91 86 13 51 38 21
14 43 43 23 83 96 31 60 2 20 69 65 93 3 15 55 8 87 64 84
51 83 3 18 77 84 6 66 58 91 94 100 86 93 83 79 23 20 90 71
65 77 59 99 31 7 74 19 9 13 64 60 63 29 51 16 10 2 97 38
53 51 91 70 72 10 67 7 69 4 77 50 99 76 19 59 71 43 13 19
33 48 87 45 72 95 12 89 64 93 44 94 22 24 59 73 75 58 85 86
95 91 65 36 44 12 47 99 6 21 19 47 55 32 59 64 16 1 99 97
52 91 31 19 71 1 34 72 86 64 57 68 80 18 38 71 66 93 25 64
24 75 35 35 21 39 66 36 45 30 3 90 34 54 7 89 25 84 57 12
35 59 31 39 68 39 72 16 23 72 69 44 89 44 16 33 10 62 21 74
53 49 29 48 72 88 52 79 74 66 17 85 61 67 32 24 92 40 11 26
11 47 34 20 45 14 89 41 6 75 23 78 15 14 4 47 82 26 17 8
57 35 16 86 32 56 60 72 57 88 56 65 64 36 73 52 17 79 81 42
76 90 38 96 26 53 87 77 52 40 34 18 36 37 29 3 94 66 16 66
79 32 18 42 34 86 18 80 61 47 73 99 56 42 43 83 7 43 91 14
55 8 99 24 71 42 51 45 93 31 37 43 22 96 32 42 22 12 82 41
53 22 77 48 72 92 78 44 82 61 13 75 62 26 73 30 91 30 48 92
87 23 79 85 99 98 12 81 29 41 60 72 8 29 15 25 24 54 15 40
70 16 6 21 39 81 30 47 28 28 32 73 27 51 78 8 59 38 94 7
46 67 62 15 72 92 78 21 12 75 16 47 69 29 64 76 95 52 54 6
