50 20
0 18 6 9 11 14 13 8 7 1 5 15 2 4 12 17 10 3 16 19
12 2 3 4 8 19 15 9 7 16 17 11 13 14 0 10 6 1 18 5
4 6 0 18 12 7 11 14 8 2 17 3 1 13 15 5 10 19 16 9
0 3 17 15 13 11 4 9 18 19 14 8 7 16 10 5 6 1 12 2
16 6 14 9 1 4 13 8 11 18 17 2 19 10 12 0 7 3 15 5
14 16 17 10 1 15 0 18 9 3 12 7 19 13 4 5 2 6 11 8
5 8 16 9 13 18 19 1 15 14 4 17 7 10 6 11 2 0 3 12
14 10 16 7 6 19 11 2 15 8 4 0 9 3 5 1 13 17 18 12
12 15 3 13 10 1 9 8 11 6 18 19 0 2 17 7 4 14 16 5
19 4 15 9 1 11 16 14 18 10 6 13 12 8 0 5 2 3 17 7
16 8 9 13 14 1 18 12 17 19 7 3 6 0 5 4 10 11 15 2
12 9 18 1 8 13 5 19 0 3 7 15 14 17 16 2 10 4 6 11
9 11 4 13 14 17 2 5 10 15 0 19 8 18 12 7 1 3 16 6
7 4 0 16 13 6 17 9 8 1 14 18 11 10 5 2 19 12 15 3
0 8 11 6 3 1 19 4 13 18 15 2 9 17 12 7 5 16 14 10
2 7 4 19 9 1 6 0 10 18 11 13 8 5 12 16 3 14 15 17
5 6 17 3 9 12 2 4 19 1 10 14 11 16 0 13 8 18 15 7
2 4 1 8 10 9 11 18 12 14 15 16 7 0 6 19 3 17 13 5
5 13 6 8 3 12 4 16 9 19 1 2 0 14 17 10 15 18 11 7
16 5 3 15 9 12 1 19 11 10 8 6 7 14 2 0 18 4 17 13
16 19 2 6 14 5 17 3 10 7 4 15 18 11 8 9 12 0 1 13
13 16 8 5 19 7 4 14 6 9 12 3 1 17 11 10 0 18 15 2
5 17 11 10 16 2 9 0 7 4 12 6 1 18 3 15 8 14 19 13
0 10 6 16 1 9 18 4 13 14 8 3 5 17 11 7 12 19 15 2
3 2 13 7 5 18 0 11 19 8 9 12 16 10 4 14 17 15 6 1
5 17 14 2 19 0 13 11 12 8 15 7 6 4 16 1 9 10 3 18
9 17 8 15 3 10 19 6 12 2 4 18 5 0 13 11 16 14 1 7
11 2 0 5 18 6 10 19 15 13 16 17 9 1 3 4 8 12 14 7
17 6 9 1 14 15 2 7 18 4 8 0 12 13 19 16 10 3 11 5
16 11 2 13 18 5 1 4 9 15 8 3 7 17 19 12 14 0 6 10
13 7 12 2 19 1 14 16 6 0 4 5 18 17 3 9 10 11 8 15
10 19 6 15 3 18 4 7 13 9 11 5 1 2 12 0 8 16 17 14
14 10 4 15 2 13 12 16 9 8 17 5 11 7 18 6 3 19 0 1
7 0 19 18 2 10 15 9 14 8 6 5 11 12 17 13 4 16 1 3
0 2 9 7 19 5 12 18 4 13 6 15 10 3 8 1 17 14 11 16
15 6 16 18 5 11 3 17 10 1 7 9 14 19 4 8 12 0 13 2
5 15 7 16 1 18 4 2 12 0 10 6 11 9 19 3 13 14 17 8
13 16 18 0 2 11 15 9 19 4 12 8 10 3 7 17 5 6 14 1
19 0 16 10 1 15 5 2 4 7 12 11 18 8 6 9 17 14 13 3
13 19 4 12 14 11 15 6 1 10 8 2 9 17 0 5 16 3 7 18
15 10 17 16 2 9 5 4 18 14 7 0 1 3 19 12 6 13 8 11
8 4 19 14 1 5 10 16 13 2 6 0 9 11 17 15 12 18 3 7
3 16 17 1 5 15 7 12 18 6 2 13 10 8 0 9 14 11 19 4
15 2 10 1 7 5 0 13 17 19 14 18 16 8 9 12 6 11 3 4
7 16 17 14 2 4 5 6 1 8 13 3 11 18 12 15 0 19 9 10
17 16 0 4 18 10 7 9 5 2 13 1 15 8 14 6 19 3 12 11
1 18 6 3 2 15 13 17 16 4 7 19 5 12 10 9 14 0 11 8
11 14 7 12 1 10 4 18 2 3 19 15 16 13 17 8 6 0 9 5
1 0 15 7 3 17 4 16 12 11 8 5 18 14 10 19 13 2 6 9
6 5 19 2 18 14 17 11 7 1 9 4 0 3 15 16 12 8 13 10
65 80 1 89 66 6 17 30 57 20 77 54 31 35 33 85 56 1 71 26
60 49 80 14 30 24 8 57 64 17 61 20 25 40 85 3 37 84 90 71
77 62 28 17 79 39 37 70 18 8 90 72 80 62 81 94 88 12 39 62
25 74 78 23 32 37 87 21 26 95 50 95 77 39 16 35 20 89 77 50
53 85 98 20 2 22 32 15 86 49 14 87 72 51 73 37 42 48 94 68
89 70 97 77 49 59 53 6 64 89 34 62 80 52 58 72 25 2 92 89
8 47 73 27 14 28 27 42 1 17 90 97 89 28 33 66 7 92 56 95
100 30 35 51 52 64 28 95 72 49 53 40 31 40 83 56 38 64 56 7
94 38 9 99 12 73 20 68 96 41 28 89 40 3 97 28 99 91 88 75
62 89 70 93 59 90 27 71 75 36 91 35 81 70 94 4 26 37 64 64
9 41 94 21 74 60 17 88 14 37 11 94 48 52 36 68 50 95 10 60
80 15 52 23 58 8 14 41 22 23 30 7 57 90 43 70 66 60 27 15
99 37 3 55 27 94 61 35 91 53 27 4 95 67 49 66 69 19 75 55
80 36 68 38 96 23 4 5 75 60 94 92 13 8 57 6 81 51 6 99
78 26 8 69 41 56 82 40 52 44 78 71 13 84 76 40 23 53 89 87
3 62 80 49 71 75 62 8 8 38 37 36 73 80 11 89 3 32 40 49
46 10 30 77 56 67 23 86 65 69 27 95 57 92 2 15 98 63 39 83
88 56 51 41 49 74 52 53 38 92 92 1 43 79 73 11 84 80 74 62
34 40 64 74 54 92 39 47 27 50 32 58 41 1 7 45 23 82 93 15
2 16 83 39 72 95 77 59 5 31 48 65 16 69 6 60 79 29 77 43
14 10 94 2 88 31 62 30 12 48 25 8 72 36 71 66 12 93 19 31
38 80 89 10 43 34 20 58 96 54 8 11 100 97 66 22 9 25 47 19
5 79 90 38 73 47 84 33 31 83 46 24 9 91 80 73 43 26 95 88
64 98 77 22 73 98 71 50 100 52 6 87 65 72 88 50 73 88 41 37
19 57 52 34 32 48 80 67 31 65 71 91 9 32 50 94 91 21 57 23
78 51 19 69 58 66 68 49 86 91 9 86 64 60 91 5 32 69 19 10
57 74 80 24 70 39 37 31 67 17 61 4 26 41 10 31 34 11 86 19
63 58 53 5 36 60 19 73 12 50 66 58 35 13 39 33 75 67 58 82
9 24 34 81 87 51 86 41 65 41 29 32 87 56 79 78 81 99 5 77
9 34 30 53 94 91 68 98 63 60 71 12 39 97 16 32 64 7 90 23
85 28 93 99 88 62 4 48 11 26 52 8 96 77 98 36 74 7 97 16
30 86 99 70 62 81 65 64 91 38 15 41 28 71 24 70 74 62 97 80
82 35 57 42 86 40 91 85 65 87 51 100 75 17 63 37 92 58 88 44
41 68 86 31 68 2 32 32 9 48 59 95 51 80 52 33 61 74 72 89
49 28 11 72 74 83 44 20 10 20 62 79 81 93 6 100 9 4 86 18
47 36 85 78 58 93 72 16 15 56 52 29 89 32 23 37 98 93 30 62
54 83 11 43 95 58 81 22 40 1 19 66 35 38 75 71 38 84 90 65
94 65 67 75 86 8 56 94 97 17 31 57 20 25 63 15 30 93 97 52
22 60 82 79 33 55 34 3 25 58 98 37 82 47 100 67 96 90 67 80
75 51 41 14 77 31 24 21 64 50 22 34 81 91 33 36 60 16 27 54
34 90 13 62 6 79 20 73 7 31 99 52 17 21 96 49 10 92 57 77
63 5 44 77 87 51 87 16 23 30 32 27 93 15 34 45 42 15 64 43
43 94 8 89 11 13 38 69 35 8 91 33 19 75 38 38 88 47 87 96
17 50 99 38 25 78 80 2 16 99 64 38 90 78 62 5 13 43 60 56
91 93 46 32 67 65 16 70 87 96 12 61 3 90 96 82 19 75 23 22
96 29 35 40 40 12 63 29 19 67 6 88 44 46 75 40 16 21 10 17
42 50 93 25 33 48 93 88 35 94 98 8 6 47 37 71 26 20 15 85
44 58 74 92 89 49 37 81 87 37 55 72 57 52 58 61 46 5 16 79
33 10 36 70 32 4 82 28 29 24 22 74 87 71 20 37 71 75 68 93
99 54 34 31 27 18 11 84 15 23 7 8 73 65 25 83 67 71 92 7
