50 20
4 3 9 6 0 2 17 15 5 7 16 10 8 12 11 1 19 13 18 14
17 2 13 8 7 6 10 3 18 4 12 1 16 11 19 9 0 14 5 15
1 15 19 7 12 3 6 13 10 2 17 11 8 4 18 14 5 16 0 9
18 14 15 17 7 1 10 5 3 16 13 9 12 8 6 0 4 11 2 19
14 8 13 2 9 19 7 11 0 10 3 18 1 16 6 4 12 5 17 15
4 12 3 1 13 15 17 9 19 2 14 18 8 7 11 6 0 16 5 10
2 3 5 19 12 11 13 1 15 9 18 17 16 10 0 6 8 7 14 4
16 5 17 11 4 18 2 9 12 1 15 7 13 8 3 19 6 10 0 14
8 18 15 17 2 16 7 1 12 13 9 19 4 14 10 11 6 3 5 0
12 8 6 1 5 18 10 7 19 14 4 9 15 17 0 3 16 11 2 13
18 9 4 14 19 12 8 16 3 2 17 1 6 0 15 5 13 7 11 10
6 3 8 19 14 17 12 5 0 1 18 7 2 11 10 4 9 15 16 13
14 13 4 17 6 16 11 1 18 15 0 9 7 5 2 10 8 3 19 12
18 5 17 6 15 2 9 10 4 11 0 13 12 3 8 14 7 1 19 16
16 18 12 2 11 4 13 14 3 15 9 17 5 19 6 1 8 7 0 10
13 7 17 14 16 9 3 1 6 18 0 5 10 19 4 12 8 11 15 2
8 4 6 10 13 14 17 11 3 5 12 2 1 15 0 7 9 18 16 19
16 0 17 2 11 19 4 7 18 9 14 3 13 1 5 12 10 15 6 8
19 0 2 17 9 8 5 16 18 1 13 14 11 15 10 12 4 3 6 7
13 7 0 10 6 18 3 15 1 16 14 5 17 4 2 19 11 12 8 9
7 10 0 8 16 1 14 11 15 19 5 13 4 2 17 18 3 6 12 9
2 18 7 1 17 16 14 10 0 13 19 6 4 8 3 9 5 15 12 11
8 2 4 13 5 6 15 3 7 1 17 0 9 10 18 11 14 16 12 19
8 11 14 9 19 10 16 13 4 7 17 6 5 3 1 18 2 12 15 0
6 8 0 13 11 16 7 15 3 17 10 18 1 12 4 19 5 9 2 14
6 14 18 9 19 5 11 7 16 12 10 1 0 2 3 13 17 15 4 8
4 15 7 10 2 6 14 3 11 5 0 8 9 13 17 12 18 19 16 1
8 2 9 15 18 1 6 10 11 5 17 7 0 13 19 16 14 12 3 4
11 8 3 17 16 18 19 14 9 15 4 2 1 12 6 13 5 0 10 7
5 19 8 2 18 7 3 9 15 11 1 16 6 12 4 13 17 0 14 10
7 8 12 2 4 1 13 18 5 15 10 16 6 11 9 17 0 19 3 14
0 6 10 9 12 2 7 17 1 13 16 4 15 3 18 11 8 5 19 14
1 11 7 5 8 4 16 17 2 10 12 15 0 18 19 9 3 13 14 6
16 15 5 11 8 12 18 0 7 3 17 6 2 13 10 4 1 14 9 19
11 19 8 0 12 17 9 15 10 14 1 2 5 6 7 4 13 3 18 16
11 7 5 13 8 3 18 6 10 15 1 0 16 14 17 2 9 4 19 12
14 7 10 2 18 5 11 6 0 16 12 1 3 15 13 9 17 4 19 8
2 8 16 6 12 5 18 4 14 0 17 10 9 7 1 13 3 11 15 19
5 11 17 13 4 14 9 19 10 1 0 12 7 3 8 15 6 18 2 16
15 1 4 10 5 19 16 0 2 9 12 11 17 6 8 7 18 14 13 3
10 8 16 19 7 9 6 13 1 12 2 18 11 0 4 17 5 14 3 15
10 7 11 15 1 14 2 18 17 6 16 8 0 9 13 19 12 4 3 5
10 1 16 5 14 9 6 18 17 19 8 7 4 0 3 13 11 15 12 2
1 0 15 9 16 12 19 7 18 14 5 10 13 3 6 8 2 4 17 11
7 5 13 2 17 12 10 6 14 1 4 19 18 0 15 11 8 16 9 3
0 15 4 16 3 17 18 11 2 6 10 1 19 14 12 13 9 8 5 7
9 12 16 4 6 5 2 1 11 14 13 8 17 15 0 3 7 19 18 10
3 18 14 6 15 1 7 8 11 17 19 16 13 9 12 10 2 0 4 5
16 5 18 19 12 14 4 10 13 6 2 8 9 3 0 11 1 17 7 15
8 19 4 14 10 7 9 6 11 15 5 18 0 3 16 17 1 12 2 13
93 86 45 78 85 63 35 53 4 49 70 74 88 60 87 26 17 26 19 39
67 87 15 84 60 38 38 73 85 28 32 49 81 90 91 1 4 39 42 57
51 34 47 66 66 60 45 13 37 50 51 43 3 65 69 63 42 79 48 53
57 43 84 62 95 27 1 56 100 46 100 11 47 20 20 33 28 33 63 55
48 18 88 84 70 44 58 94 6 88 27 51 35 40 5 21 10 50 31 99
77 21 26 90 24 49 16 68 38 61 90 55 85 27 21 96 10 50 17 47
28 24 18 9 59 90 28 40 81 9 20 61 99 53 33 16 3 79 55 98
97 11 82 20 100 72 85 67 87 73 9 78 21 6 90 48 21 6 14 33
26 37 47 68 79 6 33 80 15 88 63 100 79 2 5 82 21 73 10 88
64 44 42 86 41 7 7 79 23 37 10 55 2 21 45 48 24 26 62 42
31 74 55 28 20 36 31 72 28 75 72 32 20 1 10 99 90 76 26 85
86 83 28 82 3 97 77 93 34 43 57 24 10 76 50 41 17 23 48 13
88 21 25 58 89 44 30 61 27 63 7 65 81 39 19 80 9 37 28 34
20 81 7 40 35 63 39 86 75 68 100 45 43 60 45 49 46 57 60 66
40 80 84 49 80 93 48 46 42 3 16 15 36 46 30 36 13 47 11 79
25 24 17 47 14 88 2 70 49 68 89 63 82 5 40 63 40 52 32 15
3 16 97 19 29 55 35 70 64 31 97 95 15 74 3 23 50 100 70 21
86 56 38 98 35 38 26 38 44 85 38 92 1 47 89 66 100 20 74 78
51 53 89 68 8 74 42 95 90 76 17 74 36 25 7 92 65 95 22 35
50 50 98 85 66 89 36 34 3 32 44 77 96 40 57 94 43 13 69 68
28 68 20 100 45 32 88 44 79 63 75 63 81 99 26 32 64 26 29 92
91 44 76 24 11 42 60 15 56 32 73 2 5 60 16 99 94 7 28 77
89 37 96 32 71 94 15 17 95 51 11 45 69 63 51 48 99 61 79 81
40 70 26 7 91 35 53 79 78 56 100 13 47 74 43 38 21 53 68 43
48 9 43 82 91 18 64 10 24 99 33 92 12 57 28 22 56 56 40 99
66 44 64 89 6 69 88 97 36 9 21 5 34 2 5 11 61 92 68 80
27 54 31 11 70 88 55 80 32 52 80 95 30 35 44 29 57 56 96 30
48 59 1 13 28 18 22 40 94 91 7 28 88 59 70 85 69 63 28 79
62 47 30 75 86 61 9 100 78 68 30 39 7 86 73 94 44 18 76 32
63 24 98 9 69 99 22 89 33 83 30 91 4 7 46 50 90 94 60 45
18 63 57 26 57 46 14 31 33 33 27 64 58 17 29 97 69 79 83 85
6 21 76 48 87 79 9 11 83 36 24 98 81 71 73 14 64 1 42 37
78 45 64 82 35 66 75 29 99 55 85 59 29 97 25 41 78 42 61 9
44 51 17 48 82 55 48 4 41 7 61 66 68 77 91 56 72 32 66 78
92 44 42 82 66 43 12 53 49 43 93 45 63 70 28 15 36 4 95 73
25 7 64 3 89 66 11 77 6 54 92 89 37 67 72 57 91 49 62 12
83 36 85 96 52 97 83 18 26 25 38 90 25 80 86 66 74 64 43 42
59 12 62 77 62 68 100 62 39 11 47 64 89 46 12 13 4 16 79 87
31 78 80 41 77 4 27 27 92 12 75 80 66 3 98 3 60 17 47 26
52 100 92 58 46 74 5 52 16 79 35 77 81 93 87 99 60 7 17 89
52 88 24 58 54 52 44 1 97 31 32 64 18 64 43 94 79 14 95 70
63 37 8 12 72 13 58 9 71 88 22 26 31 15 48 58 38 33 15 87
52 95 69 64 4 11 2 69 79 81 91 59 1 44 9 25 41 20 73 33
37 50 56 47 35 25 42 9 100 59 94 75 77 58 89 87 57 49 84 91
17 43 33 25 22 64 78 63 94 73 66 5 64 56 89 14 30 68 89 80
41 6 67 100 36 93 13 26 14 48 43 30 10 29 31 96 9 29 84 3
63 99 96 19 80 36 47 92 61 37 53 25 31 40 21 65 44 11 24 41
59 60 7 22 47 21 90 78 92 27 61 48 98 22 47 18 61 67 49 34
33 18 66 41 92 39 36 4 9 47 14 98 30 28 89 24 50 10 40 49
38 78 84 5 83 90 39 29 62 32 8 15 21 11 2 44 56 25 100 1
