50 20
19 6 8 10 18 12 9 0 16 1 2 15 13 17 3 7 5 11 14 4
1 11 10 9 8 19 0 2 13 16 12 17 15 4 6 5 7 18 3 14
8 15 5 4 10 2 1 12 9 7 6 17 18 14 11 16 19 3 13 0
15 11 12 13 5 16 10 17 18 9 0 1 2 3 4 19 6 7 14 8
0 4 13 18 6 5 17 1 14 15 10 19 9 2 8 11 12 3 16 7
0 13 14 11 12 2 18 7 19 3 16 8 5 4 17 10 1 6 15 9
16 6 12 2 11 15 8 3 4 7 5 17 0 14 13 9 10 19 18 1
6 11 16 10 15 1 19 17 14 0 13 18 9 8 3 2 12 4 7 5
0 12 19 4 16 18 7 6 13 11 15 8 2 17 9 1 3 14 5 10
16 1 3 11 9 12 7 8 19 17 15 0 14 4 2 18 6 13 5 10
11 19 9 15 3 12 5 8 16 0 10 6 7 2 1 14 17 18 4 13
14 9 12 11 6 3 8 1 17 4 5 19 10 13 0 7 18 15 2 16
2 16 9 7 0 6 12 13 11 10 3 17 15 19 14 8 18 1 4 5
8 19 15 16 6 14 1 11 5 3 4 17 9 13 0 18 12 2 7 10
6 15 7 3 10 1 18 12 11 8 16 4 9 5 0 13 2 14 17 19
19 15 1 18 11 16 7 9 12 17 2 3 10 8 13 4 0 5 14 6
16 5 12 2 9 4 10 6 17 8 19 7 11 13 18 3 0 14 15 1
0 5 11 19 18 4 17 3 16 12 9 8 2 1 7 15 10 13 6 14
2 16 14 4 8 17 6 15 13 11 19 3 5 12 10 0 7 18 9 1
14 19 17 2 16 10 11 3 18 12 5 7 9 6 13 1 4 0 8 15
4 8 11 14 10 15 2 7 18 9 17 3 6 12 13 0 19 5 1 16
11 3 7 4 19 12 17 2 9 5 14 16 13 18 0 10 6 15 8 1
0 10 9 17 11 2 13 7 5 6 12 1 15 3 16 14 8 4 18 19
1 11 6 17 12 7 13 4 9 10 14 19 0 8 5 3 15 2 16 18
17 6 16 5 10 12 1 0 3 19 2 18 11 9 15 4 8 7 13 14
1 19 4 10 14 6 11 15 13 0 12 2 16 7 9 8 17 5 3 18
11 3 14 9 7 6 19 18 0 2 17 12 16 15 4 10 5 8 13 1
12 9 10 3 17 1 4 16 15 13 19 14 7 0 8 5 2 6 18 11
8 0 18 19 7 5 10 17 14 16 1 9 2 11 15 3 12 13 4 6
17 8 2 15 1 12 13 0 9 16 19 14 3 7 6 18 4 10 11 5
9 11 7 0 4 19 2 12 5 16 8 15 18 10 14 13 17 1 6 3
3 8 17 14 2 7 1 18 11 19 5 0 6 15 4 9 12 16 13 10
15 16 9 18 19 17 13 3 14 11 7 12 1 2 8 10 4 0 5 6
18 9 16 4 1 14 6 2 13 5 19 12 11 15 8 10 17 3 0 7
18 10 19 17 14 16 8 3 5 11 2 0 1 7 9 4 13 15 12 6
8 3 9 1 4 19 0 17 2 7 15 11 6 14 13 10 16 5 18 12
4 8 13 2 1 15 6 11 7 17 5 9 16 0 12 3 19 18 10 14
6 1 15 10 11 8 18 14 12 9 13 19 16 7 5 3 2 4 17 0
11 2 19 16 5 9 12 17 7 0 4 15 1 8 10 6 18 3 14 13
17 13 5 15 2 12 14 0 6 7 18 1 4 8 16 19 11 3 10 9
9 11 10 16 3 7 14 15 1 8 0 4 5 17 2 13 12 19 18 6
10 7 17 9 11 5 16 1 19 3 0 13 14 15 8 18 6 12 4 2
9 5 18 14 19 13 8 17 16 15 10 0 12 6 11 7 4 3 1 2
6 2 7 3 19 12 10 17 1 8 0 16 4 14 18 15 9 11 13 5
16 17 7 10 8 11 4 9 0 14 13 5 18 3 15 1 2 12 6 19
3 7 17 1 6 2 19 14 8 12 5 10 0 11 4 9 18 15 13 16
19 7 11 6 18 15 1 9 4 16 8 5 0 10 3 12 2 14 13 17
5 6 10 8 11 16 2 4 13 9 0 18 12 7 15 17 1 19 14 3
13 4 6 15 18 7 11 10 3 14 8 9 17 0 16 2 19 5 12 1
15 10 4 7 16 0 1 5 13 19 17 8 9 11 18 6 12 14 2 3
62 89 48 80 12 49 14 34 100 63 6 91 89 43 93 95 59 96 11 8
41 27 89 35 44 99 3 68 93 82 21 65 80 67 81 3 79 88 71 47
61 12 69 7 47 71 19 63 75 9 23 73 87 61 90 26 16 17 37 56
92 89 46 42 49 69 36 40 65 97 38 39 17 43 96 35 96 20 20 92
83 57 51 71 40 80 12 18 9 56 20 48 25 32 37 85 60 67 93 10
83 68 14 55 80 77 77 29 52 23 14 47 89 27 81 48 32 53 17 70
55 93 71 80 42 83 57 57 42 34 70 32 10 51 95 20 76 43 4 61
87 27 89 14 48 15 78 38 80 51 69 46 48 85 53 35 63 16 34 41
58 43 35 79 74 14 28 95 88 50 69 12 33 75 65 39 59 17 17 92
35 34 33 42 91 24 37 65 61 82 78 77 45 75 91 83 12 16 85 29
3 100 27 8 20 60 48 26 58 9 76 49 45 27 77 65 51 17 61 49
75 55 1 34 4 48 31 55 63 37 40 20 76 75 53 22 9 45 31 75
46 47 84 91 38 62 77 75 12 39 84 51 31 40 9 45 5 19 32 50
23 79 17 53 77 5 95 2 39 75 80 84 34 94 44 97 61 50 72 54
76 41 87 97 55 68 3 97 21 55 92 23 13 88 31 61 42 65 47 45
73 43 81 12 74 39 20 17 38 20 67 53 95 11 59 23 16 59 53 53
19 58 28 81 1 53 20 66 80 17 51 35 71 92 24 31 59 87 73 87
49 32 47 95 21 94 39 41 62 82 99 33 20 2 31 64 86 74 31 96
19 70 3 9 81 25 71 65 36 42 19 86 83 38 35 94 23 46 38 67
84 15 8 59 81 26 52 57 24 52 75 19 61 85 41 58 87 44 90 67
57 59 76 22 2 27 94 43 82 72 83 72 45 13 37 39 47 64 41 9
67 10 14 77 52 80 24 44 28 85 40 44 9 5 83 57 4 44 17 76
15 65 19 27 91 59 35 89 86 47 2 100 96 57 64 12 33 69 94 38
79 52 12 70 44 16 85 66 81 83 79 69 9 36 87 64 95 80 11 68
29 9 3 80 18 26 59 41 9 35 93 54 27 34 47 57 34 4 70 79
53 99 16 12 62 100 91 75 100 63 87 52 65 90 32 39 68 18 8 47
76 87 80 68 16 73 94 9 14 43 15 96 56 26 45 12 32 7 66 28
24 54 76 27 70 6 28 89 1 53 25 73 44 83 32 98 32 62 96 18
36 73 54 16 71 77 64 48 68 95 21 28 72 73 56 46 4 95 7 6
53 82 1 28 35 43 45 35 32 4 16 12 95 30 92 58 22 3 9 19
26 60 31 67 30 39 11 64 67 5 40 9 64 69 33 4 73 71 29 89
26 88 60 29 89 13 90 91 73 76 78 62 43 4 53 37 50 91 72 68
18 14 81 25 59 23 87 58 1 27 96 74 46 42 68 46 17 91 76 23
81 38 52 44 21 37 31 48 11 51 86 71 66 40 31 20 90 7 58 49
93 92 11 44 74 95 19 65 57 25 27 13 74 5 95 64 40 82 56 67
57 7 86 6 69 92 85 63 5 39 22 58 82 26 13 7 14 74 95 3
53 89 80 69 15 41 10 3 95 71 43 100 34 73 22 69 38 56 15 20
83 97 29 85 54 20 30 33 7 33 38 72 90 83 59 46 55 99 4 16
66 24 37 90 53 42 8 2 22 69 82 90 38 82 45 94 63 37 99 27
19 64 58 74 28 35 17 87 19 46 50 6 10 61 44 52 40 88 68 99
44 56 17 100 13 13 86 15 15 63 31 31 24 93 58 34 67 87 9 72
98 5 47 24 56 53 38 10 67 43 70 71 73 87 8 31 71 64 32 96
55 43 87 12 47 80 61 94 67 68 46 41 39 28 7 74 29 92 100 23
41 61 90 97 84 51 13 42 58 33 54 67 34 50 80 88 31 74 54 59
12 2 58 82 33 11 14 73 43 23 61 28 60 8 26 92 7 17 12 17
60 30 23 44 90 75 42 5 21 69 4 36 50 4 16 55 81 99 54 73
41 71 52 81 31 24 31 95 35 68 15 8 63 89 32 28 74 89 45 97
1 14 64 68 71 50 11 94 34 71 96 38 20 70 71 37 60 88 68 84
78 44 50 85 1 63 88 40 45 56 99 93 68 14 40 83 87 28 4 71
56 36 89 66 65 71 81 20 69 84 99 50 89 42 33 79 90 75 35 78
