50 20
8 18 3 14 1 17 11 7 6 0 13 19 10 2 12 5 9 16 15 4
6 7 16 18 8 11 2 3 1 15 5 0 4 10 19 17 9 12 13 14
2 18 12 4 9 17 14 6 10 15 1 7 8 5 11 19 16 3 0 13
18 5 9 14 15 1 0 19 6 12 7 17 3 2 10 8 11 4 16 13
8 2 13 12 17 3 7 9 10 6 14 11 19 0 15 4 5 1 18 16
6 18 4 5 14 11 2 7 9 10 19 1 3 15 17 8 12 0 16 13
16 14 7 10 9 18 15 1 11 0 5 4 12 19 17 13 6 8 2 3
7 16 9 12 5 4 18 19 15 8 11 13 3 17 1 2 0 6 10 14
0 12 16 8 2 11 17 1 3 13 4 19 10 18 15 5 7 9 14 6
19 9 3 5 4 17 7 1 8 12 14 2 11 18 10 13 16 0 15 6
13 15 7 10 5 14 0 18 8 11 17 19 3 1 6 9 4 16 2 12
17 1 12 0 4 6 18 2 15 14 16 10 7 11 3 19 5 8 13 9
7 8 15 9 12 13 16 2 1 0 4 11 18 6 19 5 10 17 3 14
16 14 2 18 17 12 7 1 19 4 9 6 13 5 3 10 0 8 15 11
18 4 8 7 12 3 15 1 6 17 9 19 5 16 13 10 2 11 0 14
17 12 13 1 7 5 16 19 14 18 15 11 2 4 10 9 0 6 3 8
15 18 0 13 11 16 19 4 17 1 9 8 10 2 14 5 3 7 6 12
10 11 17 9 5 8 4 0 2 3 14 18 16 1 13 7 6 12 19 15
12 15 6 1 9 2 5 19 4 11 7 16 13 8 10 18 0 14 17 3
18 9 3 14 16 8 12 19 17 13 1 6 11 5 4 7 15 2 10 0
10 12 8 5 19 16 14 15 18 0 9 6 1 3 17 4 13 11 2 7
7 5 11 15 4 0 16 6 2 1 10 8 14 17 19 3 9 12 13 18
5 8 7 10 14 4 16 9 11 1 18 3 0 2 17 13 19 15 12 6
1 0 2 14 19 6 18 3 8 13 16 11 7 4 10 9 15 5 12 17
17 11 4 19 2 10 12 1 18 15 7 8 13 6 16 5 14 0 3 9
15 7 8 17 14 3 16 10 19 18 4 0 2 13 9 6 1 5 11 12
11 16 12 10 1 6 15 18 5 7 4 2 13 14 8 3 9 19 17 0
10 12 17 7 2 3 16 15 19 9 0 14 11 5 4 8 1 6 13 18
7 14 4 11 13 19 8 12 10 6 18 1 16 5 17 15 0 9 2 3
6 5 19 14 10 7 0 16 12 8 15 18 1 9 11 17 4 2 13 3
14 8 15 17 5 11 12 1 7 18 16 19 9 0 10 4 13 3 6 2
0 1 8 6 5 16 12 10 11 18 13 15 19 17 4 3 2 7 9 14
12 4 17 14 8 11 19 9 2 18 7 6 5 10 0 16 13 15 1 3
6 11 7 19 0 1 10 16 9 13 14 3 12 4 18 5 2 17 15 8
11 7 15 8 6 14 12 13 10 17 4 16 1 2 5 19 9 0 3 18
7 11 17 6 1 18 8 9 2 19 3 5 0 10 15 16 13 12 4 14
13 6 4 1 8 14 16 3 10 18 0 12 19 17 11 2 15 7 5 9
3 15 1 11 16 13 0 7 18 4 12 8 14 2 17 10 5 19 9 6
16 17 9 10 8 0 4 12 1 3 6 19 18 7 2 5 13 14 15 11
6 7 2 4 12 15 17 19 13 11 16 0 18 14 3 1 9 5 10 8
16 6 15 1 12 3 13 19 10 7 0 11 8 4 5 17 14 9 18 2
2 18 8 7 11 3 16 15 9 13 19 12 4 6 1 17 5 10 14 0
4 14 19 9 2 3 10 11 6 1 7 18 12 16 8 13 5 15 17 0
15 3 12 11 1 16 10 0 5 9 13 4 2 19 6 8 18 7 14 17
15 1 16 11 0 19 13 6 2 7 5 9 4 18 3 17 8 14 10 12
6 5 7 18 19 16 15 13 9 17 2 0 10 1 4 12 14 8 3 11
3 12 0 5 9 18 7 6 13 17 16 8 15 2 11 14 10 4 1 19
14 10 2 1 4 8 3 6 18 16 0 15 11 5 13 17 19 9 12 7
1 10 15 4 2 12 8 19 7 9 14 13 0 6 18 5 11 17 3 16
14 8 15 11 18 19 12 3 4 16 13 5 6 17 2 7 1 0 9 10
16 62 11 81 42 45 99 63 12 63 24 1 31 46 91 39 4 69 48 72
88 10 78 90 44 4 52 85 80 53 1 39 46 72 26 86 86 12 90 59
90 82 81 84 65 62 47 32 86 65 11 6 50 57 89 44 25 23 55 88
38 83 18 71 43 24 57 50 76 62 37 30 15 90 10 89 27 90 33 46
14 27 58 20 2 18 39 95 11 79 7 86 92 61 47 14 9 31 33 4
68 56 28 8 26 20 44 50 4 57 11 32 82 55 64 52 77 89 96 15
75 21 5 43 50 39 72 90 9 10 29 71 85 28 64 40 87 90 87 71
3 5 45 2 93 54 47 70 40 60 26 55 45 81 82 61 86 21 91 48
67 12 32 67 58 24 82 80 61 37 37 60 15 19 73 49 6 91 92 9
67 52 7 56 93 48 81 25 21 30 45 22 34 92 55 82 50 57 87 16
81 9 84 31 66 68 45 57 8 69 99 71 47 67 72 39 46 55 78 9
33 21 77 94 62 92 79 52 70 35 18 30 95 91 49 87 87 22 81 38
13 44 23 54 21 35 6 11 80 64 73 99 78 37 84 62 31 83 58 65
85 61 62 45 19 57 3 34 48 90 54 51 21 100 1 52 60 63 22 64
26 93 49 45 64 83 37 5 62 48 18 14 82 29 61 41 47 91 27 13
34 32 3 84 19 76 2 100 61 4 25 54 40 79 27 74 80 100 88 3
58 64 15 76 83 25 98 51 26 31 63 21 88 27 35 91 21 68 44 18
46 73 36 43 75 91 36 65 71 91 46 99 65 86 47 83 28 44 52 87
94 62 62 31 10 38 47 29 47 78 42 39 48 16 65 89 41 46 72 86
70 86 81 57 21 6 35 53 94 93 67 94 52 22 93 94 22 73 65 61
95 23 72 40 29 25 48 87 49 53 99 41 48 50 37 49 51 6 41 63
51 80 91 64 23 86 45 83 17 20 91 67 18 53 99 48 90 21 51 55
34 32 56 22 93 28 82 23 6 78 20 61 63 91 71 16 33 31 36 44
23 4 62 28 85 86 43 81 70 92 27 39 93 48 8 66 33 84 30 9
93 96 57 26 92 77 18 75 13 51 76 94 20 29 79 11 51 58 82 44
33 1 56 40 18 55 70 64 29 96 39 15 61 93 2 99 28 55 61 57
18 100 94 91 45 96 23 52 35 47 53 23 96 86 26 70 56 32 12 65
8 34 11 47 9 58 53 81 96 2 58 84 47 85 80 62 71 73 21 38
55 30 93 36 85 26 11 40 72 11 65 68 10 70 30 32 32 43 20 46
36 15 74 98 18 79 29 24 35 67 36 11 92 43 33 98 72 48 25 86
92 95 2 90 98 15 36 61 73 64 57 90 24 43 87 90 34 32 64 29
94 88 79 64 17 13 55 49 52 52 51 83 64 98 81 51 29 15 88 11
73 6 96 16 76 39 59 41 70 67 34 11 37 93 9 94 48 76 25 35
86 59 56 29 35 21 47 17 50 57 75 92 33 95 27 12 4 36 84 48
45 66 76 4 41 96 39 26 54 79 15 67 75 5 39 5 60 64 43 34
55 45 67 74 64 56 6 68 20 4 81 40 32 19 74 31 11 47 4 8
53 18 99 76 11 10 90 44 25 59 98 87 4 79 24 23 49 37 54 63
79 24 23 51 9 58 79 10 45 57 31 27 66 4 68 96 47 93 78 28
78 86 27 77 35 38 40 28 36 100 15 3 77 8 76 19 74 10 12 71
71 15 90 50 87 59 54 85 73 18 17 10 65 68 48 45 90 58 66 49
4 35 5 48 73 60 89 6 74 37 26 89 44 71 66 13 45 56 79 84
85 87 27 18 1 48 47 55 100 43 30 67 15 14 28 55 34 23 29 87
6 47 57 95 36 34 85 58 3 75 19 74 3 29 52 26 51 77 11 8
66 8 15 94 29 6 65 55 78 32 30 17 19 7 60 5 74 42 86 27
77 84 41 47 98 16 95 91 52 65 78 78 87 85 74 36 98 40 63 37
7 32 7 44 54 63 2 11 4 86 38 26 21 67 20 67 95 46 77 80
77 79 26 46 15 8 5 27 94 75 6 38 60 17 66 96 70 55 51 69
24 50 100 69 86 96 99 83 97 13 39 74 58 19 62 18 59 96 18 25
77 75 14 100 71 71 1 32 58 41 42 52 87 70 12 44 61 37 57 35
29 9 6 26 82 84 46 54 95 80 62 97 39 25 3 67 83 81 16 15
