50 20
18 16 6 17 19 14 11 4 2 5 8 12 7 3 13 10 0 15 1 9
9 10 4 5 6 13 1 16 11 12 14 15 0 18 7 2 17 19 8 3
17 3 2 18 6 15 7 10 5 9 14 0 1 4 13 16 11 8 19 12
12 18 0 3 16 6 17 2 8 10 11 1 4 13 9 19 7 15 5 14
12 18 15 4 6 17 2 7 16 13 1 8 5 14 9 11 0 19 10 3
7 17 4 2 10 3 13 5 8 6 11 14 18 0 12 16 1 9 15 19
16 18 6 17 11 5 14 9 2 1 4 7 0 8 13 3 12 19 15 10
17 18 0 19 11 2 3 14 4 10 7 16 9 5 6 8 1 13 15 12
4 1 11 17 3 8 19 5 2 12 6 13 7 0 15 9 18 14 16 10
5 18 13 11 17 9 4 3 12 14 7 6 19 0 8 10 15 16 1 2
0 10 17 7 1 11 19 8 5 13 12 3 15 2 6 18 4 9 16 14
10 12 15 9 14 8 7 17 18 6 11 5 3 13 19 0 1 4 2 16
4 19 11 15 18 8 2 17 10 0 5 3 7 1 9 16 13 14 12 6
2 0 15 8 13 18 12 9 17 1 16 14 11 4 19 5 3 7 6 10
10 17 19 1 13 14 16 9 3 15 4 6 7 2 18 8 5 11 0 12
17 11 7 12 8 10 0 1 16 2 19 3 18 13 4 15 6 5 14 9
14 7 5 10 1 9 2 4 0 17 6 12 16 8 3 11 15 13 19 18
14 7 12 8 2 9 18 10 16 1 15 13 17 5 19 0 4 3 6 11
7 19 0 15 11 4 9 18 12 8 5 10 13 3 16 14 17 1 2 6
16 4 18 19 7 1 6 3 10 15 9 13 0 8 12 5 11 14 17 2
0 1 6 14 2 3 8 12 17 13 16 9 11 18 4 10 19 5 15 7
4 2 19 8 9 18 10 13 14 16 3 5 7 0 15 17 1 11 12 6
4 0 3 1 10 19 2 18 8 12 6 7 15 14 9 5 11 17 16 13
17 11 8 0 7 3 19 5 14 2 4 12 9 1 16 10 13 15 18 6
9 1 11 8 18 4 6 0 19 15 7 3 17 5 14 12 13 2 16 10
13 2 15 11 14 6 1 5 3 16 12 4 0 9 7 10 17 18 8 19
5 10 19 3 13 18 15 16 4 9 6 1 11 0 2 8 14 7 17 12
3 12 0 1 9 15 16 14 10 2 19 5 13 18 6 8 4 17 7 11
2 14 0 11 15 8 18 3 9 4 10 7 1 13 16 17 6 12 19 5
0 3 15 5 19 7 14 6 18 8 4 12 9 17 1 10 2 11 13 16
5 18 1 9 16 17 12 7 13 11 4 14 10 2 6 8 19 3 15 0
16 19 13 4 18 5 15 9 8 0 7 6 3 10 1 11 12 14 2 17
16 8 18 3 7 10 12 4 0 17 5 13 2 1 11 15 14 19 6 9
5 13 18 15 16 6 3 1 8 11 0 10 17 14 9 12 2 19 4 7
10 15 16 9 1 8 14 11 18 13 7 5 4 19 6 12 17 2 0 3
1 12 11 6 15 17 0 2 16 18 9 5 3 8 14 7 4 13 10 19
2 1 7 14 6 9 5 11 10 8 3 18 15 17 13 12 0 4 16 19
9 6 2 3 10 19 12 14 16 5 7 17 8 1 18 15 13 0 4 11
17 11 4 18 14 1 3 7 8 2 19 16 12 5 15 13 10 6 9 0
4 9 16 15 3 2 5 10 1 0 7 18 13 6 19 11 12 8 17 14
8 13 19 6 17 3 11 2 14 5 12 4 16 1 7 9 18 15 0 10
9 15 6 8 7 12 0 18 16 11 5 14 3 17 2 4 10 19 1 13
6 7 11 18 8 16 19 2 14 1 13 12 3 9 15 5 10 0 4 17
16 11 18 0 15 13 19 7 3 9 10 17 1 8 5 12 2 14 6 4
3 18 15 14 16 2 17 11 1 8 13 12 5 6 7 0 4 9 10 19
19 13 16 1 5 14 18 11 12 4 9 7 2 17 15 0 8 6 3 10
0 5 17 3 12 15 4 8 18 13 1 11 6 10 9 14 19 2 7 16
12 7 8 11 4 16 13 17 3 19 10 5 14 0 2 1 9 18 15 6
0 13 8 17 1 7 3 9 19 15 11 5 6 10 14 18 16 4 2 12
8 6 14 9 4 12 15 19 1 7 17 18 5 10 16 0 11 13 3 2
17 85 61 6 66 6 20 6 64 68 88 38 69 14 2 31 26 55 18 38
20 63 55 23 72 83 81 3 10 2 61 29 77 33 12 82 19 56 68 83
74 76 35 97 98 42 88 34 66 34 64 1 52 2 36 14 18 29 38 93
79 6 84 4 73 64 15 55 47 28 86 25 46 45 3 60 71 1 36 95
40 32 40 34 29 62 21 50 61 16 60 96 41 70 45 90 52 48 90 62
82 55 69 31 50 73 42 39 46 73 48 1 13 11 91 94 47 88 50 72
19 5 82 22 43 20 85 73 95 38 58 85 70 80 26 61 37 2 36 95
37 72 93 81 12 76 93 95 68 78 80 53 62 31 28 82 60 18 78 9
30 84 24 17 94 41 69 65 22 2 87 73 28 71 67 19 72 27 17 23
68 63 1 83 97 84 9 81 41 27 35 49 37 15 96 26 85 100 14 52
50 89 69 4 68 63 34 72 30 50 10 21 31 91 96 97 51 54 24 86
27 1 97 53 16 52 68 17 20 24 17 9 29 70 4 62 74 53 72 45
45 10 3 47 49 2 37 65 43 100 61 77 94 19 1 96 30 44 43 27
62 31 94 87 51 32 51 77 11 29 15 60 82 79 14 3 62 64 84 27
57 72 10 82 86 19 45 55 65 80 99 59 100 86 71 52 16 60 55 86
54 84 57 46 51 29 30 28 94 25 49 98 53 71 88 80 85 10 37 2
58 78 26 96 98 56 58 12 12 75 23 92 88 44 75 95 88 21 4 77
63 53 65 12 57 100 82 68 1 10 34 49 25 90 86 94 75 88 76 17
84 10 13 55 55 92 8 11 93 49 56 26 17 5 89 24 53 32 93 56
21 16 68 94 28 35 33 63 77 25 51 12 58 46 12 19 54 50 64 23
6 32 50 72 11 51 56 90 33 25 88 100 90 17 1 22 6 78 92 2
58 3 29 61 22 91 19 67 81 34 30 74 57 62 48 42 77 44 2 54
91 31 93 76 79 82 67 43 57 24 56 6 3 73 40 13 80 15 73 27
52 73 94 58 15 31 90 51 42 59 23 65 41 34 2 75 46 13 24 97
52 43 49 49 47 22 55 63 14 76 82 80 95 20 91 45 21 3 10 91
33 36 20 93 98 21 100 14 63 14 42 3 61 14 30 81 68 100 9 69
61 5 87 35 82 1 88 42 57 41 66 39 89 61 37 89 93 98 5 93
25 43 82 28 87 58 44 15 82 76 5 91 48 55 65 94 54 52 46 70
20 63 63 9 18 38 30 35 4 75 37 10 7 10 41 94 50 3 25 77
6 93 52 95 53 35 59 36 8 67 63 96 7 92 13 78 27 29 82 82
41 79 18 72 80 79 32 36 87 76 84 8 78 63 78 62 6 75 17 90
17 45 73 18 61 100 67 50 12 46 16 70 70 40 22 30 56 40 40 93
44 82 90 25 5 3 9 61 42 27 73 17 87 36 76 1 35 27 7 12
16 56 92 43 52 94 19 56 80 72 44 88 15 41 9 23 12 99 62 72
91 79 88 38 24 94 32 6 67 51 64 64 70 49 61 99 26 84 38 34
78 12 40 62 97 10 91 87 86 45 28 15 30 62 91 4 24 50 75 69
51 27 58 6 24 44 1 87 46 10 37 72 46 87 5 66 71 77 46 59
9 39 17 17 1 73 75 61 66 96 34 10 94 96 81 54 6 4 31 26
54 44 95 83 83 42 56 32 70 26 42 24 68 69 87 1 44 59 65 42
32 5 10 43 8 94 76 10 64 76 97 23 82 14 39 59 6 47 47 86
39 4 73 12 49 18 100 30 89 21 48 73 93 97 66 66 41 24 56 27
90 6 34 90 45 62 93 38 84 58 1 53 20 6 81 95 89 21 53 90
58 89 73 21 74 9 82 23 59 73 72 89 8 33 2 88 95 18 1 2
17 33 21 27 62 26 82 85 18 78 90 36 50 89 56 7 69 65 8 83
32 31 26 71 49 19 69 3 95 41 88 91 98 44 49 59 55 76 84 23
60 33 22 77 47 6 70 52 95 13 68 42 53 95 91 2 3 70 84 99
90 48 70 42 55 73 83 70 20 56 70 45 48 84 13 68 56 68 69 21
60 93 40 83 4 63 65 21 48 67 32 1 70 46 36 48 19 99 68 46
1 73 90 50 26 29 12 28 44 33 31 15 90 66 43 14 52 77 18 5
96 9 15 71 11 13 87 4 27 59 17 26 38 95 77 58 64 77 60 45
