50 20
0 1 2 14 4 11 8 17 16 18 9 5 13 12 15 7 19 10 3 6
16 19 15 2 9 1 6 18 7 17 3 14 10 13 8 4 12 0 5 11
12 3 4 7 11 14 19 2 9 18 16 15 0 17 13 5 6 10 8 1
17 1 0 2 18 16 4 6 12 3 11 10 9 5 15 14 13 7 8 19
5 11 4 16 7 8 12 15 19 14 2 17 0 13 9 1 3 10 18 6
6 12 4 16 10 3 17 0 8 14 15 5 11 13 1 18 7 19 2 9
14 0 1 16 3 4 5 2 11 8 19 17 6 9 10 7 12 13 15 18
13 19 6 5 4 18 15 8 14 1 12 2 16 11 9 0 7 3 10 17
2 13 14 0 1 9 10 16 19 7 5 6 18 15 17 12 11 3 8 4
5 6 4 10 17 1 11 3 19 14 8 7 0 9 2 15 13 18 12 16
16 8 4 2 7 12 15 3 9 5 19 0 6 17 11 1 18 13 14 10
1 8 0 5 4 2 11 3 17 10 15 14 9 18 6 12 13 16 19 7
15 19 3 6 2 18 1 10 17 16 7 5 8 9 0 12 14 13 11 4
17 5 8 10 18 4 6 2 11 1 7 14 9 16 3 12 0 13 19 15
17 2 8 4 9 14 7 13 5 18 19 15 3 11 1 10 12 0 6 16
2 14 8 7 1 18 13 11 0 5 19 6 17 16 10 3 4 12 15 9
6 10 12 9 4 14 1 0 11 17 15 5 18 19 16 8 3 7 2 13
7 5 1 14 3 17 8 0 13 6 19 2 18 4 15 9 11 12 16 10
19 13 6 3 18 15 1 8 12 10 5 2 17 0 9 14 16 4 7 11
16 1 0 2 15 7 10 8 14 12 3 19 17 6 5 13 9 18 4 11
12 9 4 15 8 1 2 6 13 14 19 18 3 11 10 16 17 5 7 0
12 6 0 1 14 13 15 8 9 17 19 3 16 7 18 4 5 2 11 10
16 17 11 12 15 6 3 18 7 13 2 14 4 10 0 1 9 5 8 19
18 12 14 10 8 3 15 19 13 9 1 6 16 7 0 17 11 2 5 4
5 13 1 0 11 12 16 14 2 18 17 6 8 9 3 15 19 4 10 7
1 4 10 17 14 12 6 2 7 19 16 13 5 18 15 11 0 9 8 3
3 17 4 18 13 8 14 0 7 2 10 19 9 16 5 15 1 6 11 12
11 7 16 1 6 0 17 19 4 12 14 2 3 13 5 8 18 10 9 15
10 19 13 9 6 4 18 2 8 14 16 0 5 11 17 1 15 12 3 7
9 12 0 16 15 19 1 10 2 11 18 6 3 8 7 5 14 13 17 4
8 11 1 16 18 12 6 19 14 4 7 9 15 13 0 2 10 17 5 3
18 1 12 3 15 2 4 5 19 10 0 17 8 16 14 13 6 7 9 11
19 8 6 11 18 10 2 12 9 7 14 13 1 15 16 4 17 5 0 3
5 17 18 10 16 1 6 8 3 15 0 13 14 9 2 19 4 12 11 7
12 19 17 14 18 3 16 9 7 15 5 4 11 13 1 10 0 8 2 6
2 0 4 13 18 8 9 15 14 6 1 16 7 10 11 19 3 5 17 12
2 1 14 15 19 3 16 9 8 7 18 10 0 12 13 4 11 6 17 5
4 15 5 11 14 7 19 9 17 12 13 0 18 3 10 8 6 2 1 16
2 16 11 18 13 4 12 5 8 0 7 19 14 3 15 17 6 1 9 10
10 0 12 19 17 9 6 8 7 18 14 13 15 11 5 3 1 4 2 16
11 16 12 17 10 6 19 18 2 7 14 0 5 1 3 9 15 4 13 8
1 16 18 19 3 12 9 2 15 4 5 13 14 8 10 11 6 7 17 0
2 12 9 3 18 11 16 6 4 15 0 1 13 14 7 8 17 5 10 19
10 13 3 17 19 4 14 2 5 1 18 8 12 11 7 15 0 9 6 16
15 18 6 5 4 8 10 7 19 14 9 13 16 3 11 2 12 1 17 0
15 4 19 11 13 2 6 3 5 8 18 17 12 0 9 16 1 14 10 7
15 6 14 8 10 13 12 4 0 2 19 17 18 16 7 5 11 9 1 3
11 18 7 5 16 1 6 8 4 9 0 2 19 12 10 17 13 3 14 15
6 3 14 2 16 15 4 18 9 12 10 8 13 17 11 5 1 7 0 19
7 10 13 15 4 18 17 8 5 12 16 9 2 14 1 6 3 19 11 0
16 1 88 72 10 56 61 80 88 58 100 62 88 29 83 29 17 54 89 15
21 23 47 55 72 98 22 32 32 47 85 92 23 100 36 19 61 58 14 21
24 69 34 6 51 95 85 96 100 10 98 75 65 20 65 66 69 68 94 91
62 88 45 66 64 19 61 87 33 60 28 21 25 64 42 26 44 9 31 78
10 93 3 1 21 74 11 36 19 7 3 28 49 21 20 41 19 40 14 92
15 32 99 33 84 96 61 84 23 12 9 50 60 48 27 93 3 73 10 78
43 28 35 32 47 47 49 63 33 80 80 96 52 55 20 35 73 20 28 76
19 16 33 88 31 1 6 34 66 40 38 81 81 3 36 4 97 58 85 74
23 80 76 95 44 4 89 59 30 72 66 80 46 23 34 15 43 29 70 6
67 83 87 21 37 100 91 85 67 91 55 33 51 28 31 79 20 40 16 35
73 27 28 33 53 14 24 38 25 28 80 60 75 50 84 62 50 91 73 25
84 73 96 33 38 35 19 76 41 73 70 67 4 4 50 42 79 82 73 44
82 21 59 64 100 45 20 11 90 60 55 34 11 52 61 55 18 65 8 44
45 20 82 45 39 6 31 19 68 73 49 97 42 24 7 60 39 17 95 86
94 50 2 78 4 27 63 94 59 93 12 93 79 92 45 12 42 88 54 13
15 95 36 28 38 77 3 86 40 14 81 31 57 85 9 2 42 14 51 47
32 50 21 44 31 11 75 45 38 100 23 15 22 5 74 33 37 42 46 56
53 47 93 96 40 53 78 2 81 88 69 96 78 36 55 8 73 63 4 70
61 67 28 8 58 49 66 68 54 63 56 40 40 99 66 7 77 29 100 93
37 85 98 60 1 65 98 38 45 42 99 72 25 66 61 71 92 27 75 77
24 5 24 64 70 57 56 14 59 37 87 34 7 85 24 70 5 27 68 38
50 2 100 52 67 28 24 66 62 47 67 18 59 16 73 98 23 45 61 75
90 25 61 82 78 56 21 40 41 60 18 96 6 41 56 34 62 67 6 16
11 44 16 42 85 37 78 28 54 23 65 15 41 99 79 98 37 43 42 28
19 66 97 82 20 35 10 3 89 33 99 40 2 67 90 95 100 86 12 94
91 24 59 3 94 33 1 83 35 80 51 96 61 91 60 40 83 69 63 75
21 76 76 88 100 66 94 74 85 65 35 66 26 77 28 21 75 32 43 34
69 99 2 22 46 99 83 66 2 77 32 58 93 50 16 26 81 80 63 21
72 58 17 80 86 22 47 81 50 100 42 44 9 42 80 51 96 89 81 54
79 65 85 18 31 62 97 75 90 17 37 9 71 83 74 72 27 58 44 42
36 40 31 53 44 81 46 41 26 59 59 89 66 73 61 80 69 43 40 47
68 100 41 20 9 35 10 28 51 30 59 8 99 87 39 19 99 30 38 65
26 6 14 59 33 18 63 93 10 44 58 39 26 34 17 55 76 58 48 23
37 9 82 84 69 69 55 89 7 16 30 55 11 50 82 76 41 53 33 60
92 32 61 55 24 13 20 14 25 23 35 50 83 10 42 88 25 39 36 78
59 90 89 91 35 96 36 67 36 63 40 82 3 31 31 84 39 53 67 25
43 76 93 6 51 75 74 44 84 89 98 6 1 9 1 45 30 31 73 90
21 67 59 97 65 94 52 21 12 84 87 81 95 96 37 92 26 91 73 27
55 40 81 98 84 69 11 61 5 80 48 94 17 35 71 77 91 85 53 30
85 2 45 72 83 17 91 22 21 19 5 8 25 94 78 43 34 96 31 55
24 31 24 8 88 25 5 48 51 5 59 11 89 15 29 82 21 78 34 75
24 88 94 89 28 58 65 75 73 47 45 87 1 99 89 28 81 31 71 30
92 66 62 49 68 63 58 83 95 73 74 61 78 69 79 34 57 9 72 77
95 98 12 91 36 75 98 81 74 53 47 4 6 69 9 60 41 95 47 17
30 37 44 72 60 11 72 31 24 87 36 53 29 81 84 20 75 53 16 32
50 30 50 40 67 26 47 13 83 35 53 58 33 7 25 8 84 93 71 5
47 15 23 63 26 100 45 45 50 9 47 95 36 29 39 44 6 17 67 69
2 11 14 41 89 37 64 95 58 28 56 75 45 1 61 65 36 6 96 18
68 47 6 8 66 49 8 6 6 87 8 67 74 55 67 73 12 38 11 1
88 36 73 57 12 40 57 50 79 96 19 17 32 65 20 36 6 20 53 7
