50 20
9 19 18 11 7 16 2 0 14 1 13 15 10 5 12 8 3 17 6 4
3 7 8 5 10 2 16 12 1 17 0 4 19 9 13 15 18 11 6 14
2 14 15 12 8 6 16 13 9 4 0 1 3 5 10 17 11 19 18 7
7 13 14 2 4 19 10 16 17 12 0 18 5 8 3 9 11 6 15 1
16 13 12 4 0 2 10 11 6 17 9 14 7 19 1 18 3 5 8 15
9 12 5 7 1 2 8 18 4 14 6 10 16 17 15 11 3 13 0 19
2 9 16 5 10 12 4 14 18 1 17 15 11 3 7 6 0 13 8 19
7 6 16 13 4 10 15 12 18 5 19 2 1 17 11 3 9 8 14 0
14 12 16 4 19 2 11 3 9 0 6 10 18 13 17 1 15 8 7 5
2 14 4 7 0 3 11 18 9 15 12 13 1 5 10 6 16 8 17 19
11 5 9 16 7 2 0 17 4 3 14 6 8 18 13 19 12 10 1 15
10 13 8 12 2 9 1 15 14 3 11 7 16 0 19 18 6 5 17 4
19 13 14 11 17 1 0 18 3 2 5 9 12 7 15 16 8 10 6 4
19 17 3 15 13 4 10 18 14 8 12 9 6 7 16 2 5 11 0 1
13 10 19 17 1 12 9 0 3 2 11 4 16 8 18 5 7 6 15 14
9 13 8 17 14 2 6 3 18 15 16 10 12 11 5 4 0 19 1 7
11 3 6 10 17 1 15 4 2 9 5 12 8 16 14 18 0 13 7 19
13 4 17 12 0 16 2 11 5 18 6 3 14 8 1 9 19 10 7 15
7 10 3 13 6 19 18 15 5 16 1 9 12 14 17 2 11 0 4 8
4 16 15 0 6 17 1 10 11 13 9 5 14 19 3 8 18 2 12 7
14 1 6 3 4 17 5 2 0 10 15 18 9 8 19 16 12 7 13 11
17 4 16 19 14 0 9 1 11 10 12 6 18 5 2 13 8 7 3 15
2 6 17 16 7 18 12 1 5 19 14 13 0 8 11 9 4 15 3 10
11 5 8 6 13 14 15 17 4 10 1 16 18 12 9 3 2 19 0 7
5 8 4 12 1 9 3 17 14 15 7 11 10 13 2 0 18 19 6 16
9 1 17 2 6 0 3 15 18 16 13 12 11 19 7 8 10 5 14 4
4 9 5 6 15 2 17 14 12 18 19 1 7 10 11 3 13 16 8 0
6 3 18 5 17 4 1 2 14 13 10 11 15 0 9 16 12 19 8 7
17 1 5 16 3 14 7 6 19 10 0 18 8 13 15 11 4 9 12 2
13 18 19 10 1 9 3 12 4 0 8 11 17 5 6 2 7 16 15 14
9 16 12 5 15 10 4 11 7 14 3 13 6 0 18 1 19 8 17 2
1 13 9 12 18 5 6 15 10 11 14 19 17 4 3 8 0 2 7 16
13 6 17 12 1 11 15 5 19 4 8 2 18 14 10 0 3 16 7 9
17 1 8 3 18 6 12 9 7 19 14 4 16 5 0 11 10 13 2 15
5 17 14 0 10 11 13 18 3 16 19 6 12 7 15 2 1 8 4 9
3 8 0 16 15 18 10 11 6 9 12 17 19 1 7 14 13 5 2 4
17 3 7 13 19 16 14 15 11 4 18 10 2 8 5 0 1 6 12 9
5 7 13 17 3 10 19 6 18 2 15 12 0 9 4 8 14 16 1 11
3 16 9 11 5 13 2 6 17 7 19 14 0 15 12 4 18 8 10 1
17 7 10 14 6 8 19 0 3 15 5 1 13 16 2 18 12 9 11 4
15 8 19 5 10 9 6 0 3 7 16 14 4 13 1 12 11 2 18 17
14 3 13 17 6 16 8 7 15 0 2 1 12 18 19 10 11 4 9 5
16 14 2 3 7 8 13 18 4 0 5 19 1 15 11 10 12 9 17 6
15 14 19 7 12 1 0 2 11 17 13 6 8 9 3 18 4 10 5 16
7 11 5 8 16 13 12 0 18 9 10 2 14 15 19 3 17 6 4 1
17 9 7 12 19 11 2 3 8 1 14 0 10 5 18 6 4 16 15 13
15 8 11 7 1 6 13 2 3 12 9 18 5 14 10 16 0 17 19 4
19 8 2 18 10 15 5 3 7 16 6 14 9 11 4 13 1 17 12 0
16 2 7 14 9 0 4 5 19 8 15 13 3 12 10 11 1 17 6 18
0 11 12 4 1 14 15 17 7 9 2 16 6 10 19 13 3 5 8 18
98 87 26 33 24 90 72 11 40 4 90 36 54 77 93 84 56 42 84 96
8 69 15 92 8 40 63 26 81 55 36 3 71 41 99 17 49 37 39 50
53 66 32 79 80 43 5 87 98 87 27 45 19 4 77 80 2 17 67 1
54 26 95 55 83 39 45 84 98 61 21 96 20 37 52 35 86 25 76 95
39 2 97 16 24 32 19 99 25 13 95 87 46 87 3 58 38 99 24 80
49 15 24 10 53 11 83 41 5 27 63 99 17 98 10 42 26 71 14 29
33 14 88 50 33 52 83 27 89 68 89 4 100 87 98 83 61 83 94 66
28 24 83 14 26 57 72 62 13 99 80 48 54 72 88 82 64 20 62 90
59 40 41 21 45 1 43 93 81 40 20 86 35 70 93 75 58 71 16 91
10 29 99 35 29 87 65 62 14 15 1 39 93 40 3 16 78 86 2 38
38 75 38 31 20 67 29 36 73 12 98 10 38 80 98 93 60 60 95 79
70 13 49 40 45 72 46 22 48 6 3 43 22 76 75 19 11 57 59 52
35 10 3 51 69 99 66 5 77 68 44 65 87 71 89 32 31 15 70 38
94 74 50 44 9 49 11 6 85 77 35 23 58 50 69 79 2 1 51 50
67 82 62 74 69 28 39 80 70 75 40 82 27 8 49 91 37 1 71 93
63 11 30 2 96 80 2 6 68 40 86 14 88 100 96 54 80 47 12 52
10 33 27 25 53 48 51 68 29 67 17 84 23 36 28 90 22 27 66 89
15 24 21 49 74 31 55 37 9 33 39 60 51 22 23 17 1 90 96 48
92 80 23 53 20 30 40 67 71 11 87 5 78 34 36 99 14 41 58 58
46 22 4 86 56 20 80 1 32 25 27 66 14 95 77 12 84 87 23 93
37 67 44 28 97 91 32 15 4 23 50 54 78 61 26 87 45 49 80 43
90 28 91 32 38 19 99 87 85 37 26 16 16 58 75 72 44 78 8 47
3 79 97 69 44 7 74 92 31 3 98 86 100 89 33 81 55 64 69 59
40 43 3 6 29 70 51 74 12 39 15 4 27 18 20 99 44 79 85 82
18 45 43 87 68 1 87 78 13 83 50 79 14 96 1 30 28 70 70 2
80 4 46 51 92 47 19 21 44 78 71 70 26 96 70 75 17 44 91 69
32 28 60 23 2 1 99 36 12 28 75 53 36 26 57 59 20 86 81 40
96 95 5 35 88 26 99 41 37 19 18 73 12 70 1 58 46 37 62 92
24 13 68 4 37 52 50 84 5 30 59 42 70 97 48 83 34 58 86 62
93 59 16 6 95 19 57 99 6 53 26 98 48 55 81 55 85 95 21 100
11 85 59 72 57 78 90 87 37 70 49 66 76 37 56 86 23 52 64 8
47 17 4 34 17 29 24 26 92 91 46 12 55 24 55 59 55 23 61 98
20 17 71 57 1 38 53 90 88 50 91 19 87 36 40 20 38 43 82 9
61 80 19 74 72 35 92 43 68 65 30 27 49 93 38 84 92 5 3 7
88 3 88 40 58 19 64 51 73 52 74 49 24 27 6 90 7 11 68 7
77 76 86 18 15 79 25 20 35 35 55 43 93 8 1 7 2 12 61 53
97 70 88 3 68 75 21 10 35 33 81 67 44 64 81 30 25 93 67 20
75 19 79 51 61 15 97 80 57 35 1 95 55 58 11 57 62 7 64 43
18 57 48 22 24 7 73 57 30 28 43 61 52 33 50 33 42 76 65 10
33 64 19 21 36 95 65 49 8 40 12 21 71 98 80 1 10 21 44 32
56 48 68 57 59 78 42 59 44 69 89 46 28 71 89 29 99 84 22 39
20 61 84 88 37 3 75 37 67 2 24 76 41 92 97 25 87 24 22 19
33 7 69 49 24 4 83 23 23 29 41 63 62 46 84 3 71 23 8 63
70 15 59 35 33 89 96 77 1 73 57 14 17 63 24 46 40 100 70 82
46 100 35 39 51 63 42 98 10 12 36 55 33 63 95 100 23 12 21 92
29 39 31 89 32 33 86 20 81 71 44 41 81 42 93 74 49 17 40 67
49 14 87 45 34 42 31 60 83 96 76 35 71 27 11 71 60 64 93 41
93 83 87 19 83 82 26 3 47 75 81 92 44 55 100 79 58 33 79 95
86 72 25 12 18 22 40 50 64 82 90 30 100 53 60 79 41 64 53 46
94 15 98 67 42 91 69 64 67 10 91 1 11 28 17 90 35 42 65 73
