50 20
18 14 9 4 1 17 13 3 2 7 16 15 11 19 8 0 5 10 6 12
11 9 4 3 5 10 17 13 2 18 1 19 7 6 8 12 15 0 16 14
18 16 4 1 3 2 14 0 7 13 17 15 8 6 10 9 11 5 12 19
3 1 12 9 17 14 5 16 19 2 8 11 18 6 10 4 15 13 0 7
0 16 4 2 3 8 15 11 17 10 19 6 13 5 14 9 1 7 12 18
19 8 13 11 9 6 1 15 16 2 7 18 17 4 10 12 14 3 5 0
11 3 15 8 4 17 10 5 19 14 18 6 1 2 12 7 16 9 0 13
2 0 7 12 6 8 19 13 16 1 4 17 15 18 9 14 11 5 3 10
3 17 6 1 13 18 2 7 16 12 19 4 5 14 8 15 9 10 11 0
11 5 9 1 12 6 2 18 4 16 0 3 14 17 13 15 19 10 8 7
8 3 4 12 5 13 11 9 2 17 10 7 0 16 19 1 15 6 14 18
16 9 19 11 1 13 3 17 5 18 4 2 6 8 15 0 7 14 12 10
15 5 18 11 19 12 10 8 3 2 14 16 0 6 13 7 4 1 17 9
18 14 16 11 5 17 9 1 3 8 13 15 2 6 12 0 7 4 19 10
2 16 12 4 6 0 19 1 13 8 14 10 7 11 15 5 9 18 3 17
1 4 10 12 11 19 6 15 0 18 7 13 9 5 8 3 16 14 2 17
2 18 13 6 10 17 0 12 11 19 16 5 7 1 9 14 4 8 3 15
17 0 1 12 4 3 19 16 7 18 15 5 10 8 9 13 14 11 6 2
15 2 8 6 10 4 17 12 18 9 14 3 0 13 5 7 16 1 19 11
15 2 3 13 10 5 7 16 9 1 19 18 14 0 6 17 4 8 12 11
1 16 2 6 4 13 5 7 8 9 3 15 14 19 0 11 10 18 12 17
7 0 18 15 9 14 16 6 11 1 2 5 4 12 19 13 3 8 10 17
6 3 18 10 9 14 7 16 17 2 15 11 1 19 0 13 5 8 4 12
7 11 4 16 8 15 3 0 5 18 10 6 19 13 12 17 9 2 1 14
7 16 11 9 5 2 10 1 8 15 0 6 19 4 18 14 3 12 13 17
8 18 19 7 4 15 2 12 17 10 16 11 9 13 1 5 3 6 0 14
17 4 15 6 2 7 5 14 12 19 1 13 9 10 11 3 0 18 16 8
13 3 10 15 16 9 5 12 2 8 11 19 1 0 4 17 14 7 18 6
13 4 3 8 9 18 11 7 14 17 15 16 0 19 12 5 2 10 1 6
10 19 9 7 1 6 16 12 15 3 2 5 8 17 0 11 18 13 14 4
4 7 9 3 16 13 10 17 0 8 2 6 19 1 5 14 18 11 15 12
1 8 0 19 10 3 6 18 14 5 15 2 11 13 4 16 9 17 12 7
2 16 10 8 12 13 15 4 18 11 7 0 1 17 14 3 19 9 6 5
17 19 1 12 7 0 16 18 5 9 11 14 4 3 2 8 13 6 10 15
4 0 15 13 19 3 7 8 2 11 1 16 10 5 18 17 6 9 14 12
17 13 3 5 18 8 12 11 10 16 2 19 14 4 7 15 1 0 9 6
11 6 7 0 5 8 14 9 2 18 15 1 19 10 3 17 16 12 4 13
12 19 11 14 15 2 9 5 8 0 1 18 10 16 7 17 4 3 6 13
17 10 3 4 13 7 19 12 9 6 8 1 15 2 16 11 5 0 18 14
1 0 7 4 12 13 10 14 15 18 6 3 8 17 5 9 2 19 16 11
0 4 6 5 9 16 2 15 7 12 13 17 10 8 18 3 11 1 19 14
16 13 17 3 14 19 2 10 8 6 7 1 4 12 5 11 0 9 15 18
1 0 13 9 8 5 2 6 12 10 14 18 4 17 3 15 7 19 11 16
2 1 5 3 8 12 6 9 14 0 18 10 16 19 13 15 7 11 17 4
7 3 15 6 13 14 8 10 1 19 11 2 4 16 18 9 5 12 0 17
0 1 12 18 11 5 10 2 15 17 14 3 4 9 19 13 16 6 7 8
13 6 2 19 4 16 7 18 1 12 0 9 14 17 11 5 8 15 3 10
12 15 18 17 1 11 3 2 10 7 13 19 4 0 14 9 6 8 16 5
16 7 19 13 14 5 8 17 3 11 1 9 12 4 10 2 18 0 6 15
5 6 9 1 3 19 12 7 0 10 14 15 11 16 2 18 13 17 4 8
42 86 56 18 40 21 16 60 44 8 20 32 57 26 29 23 2 31 83 68
18 14 71 67 11 50 37 44 91 28 56 47 66 4 60 91 46 74 42 78
5 7 42 31 66 58 90 99 91 37 11 72 7 96 40 19 5 46 72 26
68 73 57 25 35 96 1 6 42 22 26 89 50 78 98 24 61 68 96 52
21 40 25 48 24 89 39 64 42 53 67 95 88 99 75 54 27 3 43 17
87 93 68 7 15 40 22 10 29 44 73 71 80 89 53 33 39 27 50 50
96 94 87 57 100 55 16 29 16 54 40 97 90 96 31 38 49 96 39 37
50 31 56 15 37 4 57 100 75 39 86 38 69 34 48 3 90 64 25 42
35 5 11 39 82 60 6 49 72 18 17 15 67 40 55 98 47 22 94 64
44 88 45 77 45 62 48 52 14 66 10 81 73 100 32 21 84 30 58 63
68 83 22 96 87 22 86 53 47 96 61 80 84 43 3 25 55 62 64 66
63 40 6 42 76 17 80 56 21 57 90 80 74 52 51 98 34 21 77 80
29 57 3 99 79 31 82 91 81 24 65 44 22 24 31 15 13 2 69 77
69 23 62 4 60 69 67 22 2 33 96 11 63 4 35 93 59 60 14 29
90 15 81 37 60 90 54 92 9 68 32 60 47 95 82 71 35 6 68 29
20 83 81 21 29 75 33 25 48 40 59 58 39 83 78 11 97 71 57 56
60 60 64 46 100 53 66 21 72 37 51 69 71 33 38 97 76 2 53 16
72 55 74 92 49 3 77 54 57 84 58 10 98 64 57 79 92 10 20 98
2 33 66 43 31 18 3 32 79 93 6 68 6 21 80 36 73 35 45 75
1 78 92 31 86 41 54 76 21 70 37 48 23 20 63 17 57 71 50 61
22 11 32 57 97 83 46 65 50 47 67 83 86 56 65 95 18 52 97 32
95 31 2 39 64 75 91 31 17 89 95 40 56 55 19 47 62 73 78 17
86 39 89 65 51 53 3 49 97 76 61 2 6 28 83 89 40 47 100 61
83 5 100 59 44 61 71 26 21 43 80 82 63 75 47 44 23 43 14 74
9 8 78 13 29 24 88 95 61 15 80 41 77 80 32 5 46 88 63 51
80 54 19 14 56 72 13 37 43 39 94 56 42 20 21 22 23 20 53 18
88 69 7 31 54 1 39 60 14 71 93 77 38 69 13 90 65 59 8 43
52 83 89 54 88 74 99 26 57 88 39 76 87 68 41 86 99 87 71 86
24 50 53 4 44 81 24 49 93 41 95 18 26 84 73 9 50 95 89 9
82 74 33 23 47 82 7 91 71 54 21 60 57 93 88 17 56 22 61 89
55 30 57 43 81 40 63 87 69 88 80 37 14 6 76 61 23 45 55 89
11 16 39 77 62 40 59 22 34 14 90 49 91 29 24 12 7 3 93 92
87 54 22 68 12 58 92 83 85 15 92 9 63 64 42 83 35 50 100 92
48 97 64 30 70 7 71 43 76 36 62 37 42 29 52 100 58 92 75 17
96 74 19 6 22 16 59 47 4 2 39 51 84 93 91 34 83 30 32 24
14 100 74 33 84 4 33 32 83 5 100 78 36 5 73 99 58 58 54 34
35 98 1 89 59 43 38 39 70 22 82 98 46 2 45 63 85 98 57 18
93 28 38 60 24 49 84 58 83 4 36 100 75 67 86 82 72 7 85 50
44 92 50 83 61 54 12 36 93 51 70 41 73 93 26 67 31 72 30 54
18 81 2 24 48 97 51 18 70 83 100 65 5 32 88 2 49 17 77 9
85 55 7 86 77 2 65 23 42 14 69 95 88 67 55 2 67 65 99 68
39 81 70 48 31 53 73 96 70 96 72 11 80 29 54 4 45 57 91 32
15 96 58 60 100 97 87 100 67 5 66 14 41 31 15 34 40 88 92 84
5 5 45 62 85 42 28 7 24 64 7 55 55 59 53 86 8 95 42 59
52 88 72 5 2 33 88 31 29 74 80 54 1 47 55 86 44 45 75 94
33 16 33 75 36 85 91 94 73 1 1 12 17 79 91 57 74 59 100 77
75 96 34 84 31 70 6 84 71 64 26 40 64 70 90 97 62 52 19 70
98 39 42 70 74 41 41 48 78 94 74 52 8 57 92 45 6 34 86 56
39 43 19 78 11 61 72 37 21 83 16 4 20 52 79 91 74 8 69 36
72 58 56 36 8 43 68 56 82 23 16 60 18 5 34 30 82 87 42 7
