50 20
3 14 18 19 1 8 0 5 10 13 17 4 16 7 12 11 9 15 2 6
9 7 11 4 5 12 14 1 19 6 8 16 15 10 3 18 17 0 2 13
5 0 3 14 4 15 18 10 17 11 13 19 16 2 7 12 1 9 6 8
7 10 5 16 3 19 2 14 1 8 13 9 6 11 18 17 0 4 12 15
4 11 19 2 15 8 17 3 6 10 9 7 0 18 13 16 14 5 12 1
14 7 10 6 9 16 1 4 13 18 2 3 0 15 17 8 5 19 12 11
11 19 15 13 5 2 0 8 18 3 4 6 9 14 12 1 16 7 17 10
18 6 5 9 1 14 8 7 17 13 19 3 10 15 12 4 16 11 0 2
17 18 4 19 14 16 12 10 11 2 0 13 6 5 3 15 7 9 8 1
18 14 2 11 6 17 3 0 13 5 9 1 16 4 12 10 7 19 15 8
9 13 2 7 12 3 18 15 19 17 4 6 0 16 1 11 8 14 10 5
12 18 17 19 16 13 14 3 2 1 9 7 8 5 4 11 10 6 0 15
11 18 9 12 8 10 19 14 0 6 13 16 4 17 5 3 7 15 2 1
4 3 7 2 15 8 18 17 14 19 12 10 13 1 11 16 0 6 5 9
1 0 15 10 19 13 11 12 16 8 4 6 14 7 2 17 9 3 5 18
10 9 17 0 16 19 6 11 13 18 1 5 4 7 15 2 3 8 14 12
14 4 8 10 2 3 17 1 15 11 16 18 0 13 9 6 19 7 5 12
0 2 10 14 1 6 18 8 15 4 19 9 3 17 13 12 5 11 7 16
17 18 4 2 1 9 19 8 6 5 13 3 11 10 0 12 7 16 15 14
2 16 17 13 5 14 10 8 4 3 7 0 6 9 18 12 11 15 19 1
3 9 14 16 19 2 8 1 4 11 12 5 15 7 13 17 0 6 18 10
11 5 19 1 7 17 15 6 2 16 4 13 8 18 0 3 12 14 9 10
17 19 0 5 2 18 4 6 12 8 1 13 15 10 16 9 3 11 14 7
8 0 16 19 9 17 5 1 3 10 11 2 18 15 14 12 7 13 4 6
19 0 12 2 4 15 16 18 17 14 7 6 8 3 5 1 10 9 11 13
16 14 12 18 15 10 19 17 9 5 0 11 1 2 6 8 7 4 3 13
3 6 4 15 11 19 1 14 17 7 5 8 9 0 18 12 16 10 13 2
15 6 16 18 19 12 7 8 3 4 10 17 13 1 5 0 14 9 2 11
16 6 13 1 10 17 12 5 7 9 2 4 19 11 8 14 15 3 18 0
3 1 4 19 12 0 9 14 6 15 17 5 13 11 16 18 7 2 8 10
7 6 2 10 8 14 15 18 9 16 13 12 17 1 0 4 3 11 5 19
6 3 12 10 11 5 2 1 7 14 16 4 8 13 17 9 0 15 18 19
11 0 3 9 14 2 5 18 10 12 7 4 15 1 6 13 8 19 16 17
3 6 10 1 18 5 15 8 16 2 11 14 19 12 4 0 17 9 13 7
17 0 6 5 4 12 1 9 14 19 3 15 11 8 2 10 18 7 16 13
11 10 17 3 8 9 13 6 5 2 14 0 18 16 1 7 15 4 12 19
9 4 19 5 18 2 16 17 6 12 13 8 3 1 10 7 11 0 14 15
17 3 10 0 6 7 4 5 9 19 16 12 13 8 14 2 18 11 1 15
10 1 8 5 16 13 2 12 9 17 6 18 3 7 19 14 11 4 15 0
14 10 8 2 13 12 1 17 5 6 16 15 7 3 11 19 18 9 4 0
4 11 6 13 7 2 9 0 8 17 1 16 19 15 5 14 10 18 12 3
17 12 14 2 10 8 11 1 18 15 7 4 3 6 9 19 0 16 13 5
16 8 13 0 5 12 7 17 1 6 10 14 3 15 11 4 18 2 9 19
14 5 13 3 17 10 12 16 18 0 1 2 9 15 8 4 11 6 19 7
12 9 18 3 1 10 7 15 17 16 2 14 6 13 0 11 8 19 4 5
5 14 2 15 12 3 16 8 10 6 1 0 4 19 11 17 18 9 7 13
5 14 8 3 19 17 18 13 7 11 1 9 4 0 12 15 6 10 2 16
1 18 10 6 7 12 15 0 16 2 13 17 19 3 9 14 11 5 8 4
15 18 4 7 0 3 5 2 8 13 17 19 10 11 12 9 6 14 16 1
18 8 12 4 19 15 7 16 5 14 9 0 13 17 1 10 6 11 2 3
48 59 14 17 70 99 68 24 7 87 10 4 16 65 37 99 28 16 14 85
40 57 41 86 69 74 55 64 69 8 64 44 72 89 64 55 70 93 24 87
88 23 82 45 37 35 49 16 46 7 39 64 81 89 82 78 1 54 16 73
71 99 55 13 99 94 25 6 20 70 10 12 47 62 95 81 22 49 52 27
15 31 82 46 63 53 41 77 75 19 84 13 62 83 34 51 17 70 44 21
57 30 40 44 39 64 28 56 50 48 22 18 80 77 2 12 62 33 65 45
91 90 76 97 98 17 7 39 52 37 16 53 63 73 52 71 11 86 98 35
24 19 95 29 82 69 14 35 5 2 38 13 54 74 7 93 79 40 97 11
36 64 61 17 49 87 73 3 12 33 12 3 84 57 71 62 92 91 22 34
9 53 86 8 73 43 73 72 79 46 46 5 29 23 85 80 88 64 1 5
25 4 88 99 89 52 64 39 12 49 30 32 13 94 94 80 80 18 36 80
69 29 44 36 8 47 93 40 83 82 26 70 85 4 72 7 47 34 14 70
17 38 13 95 82 20 36 52 47 50 95 66 69 80 39 79 56 35 7 65
90 56 71 81 47 23 82 93 37 77 53 44 39 13 98 99 5 59 41 42
47 98 8 45 46 67 5 52 80 3 68 98 26 91 22 17 89 9 12 95
61 28 33 54 38 19 27 85 58 43 73 25 63 50 8 42 51 41 67 58
12 82 19 34 28 29 95 6 29 79 54 24 9 50 81 92 39 91 18 69
33 33 70 10 72 69 49 45 47 83 51 92 89 48 69 5 86 44 96 33
57 92 31 25 63 23 20 71 2 7 64 30 56 96 37 36 98 96 69 13
72 79 12 19 51 12 100 69 30 32 54 7 79 16 64 78 56 78 26 81
62 5 66 57 91 41 25 67 7 15 9 84 49 33 56 50 29 87 72 1
96 65 11 96 99 89 9 83 41 15 21 87 61 98 34 29 35 27 59 49
3 41 38 38 55 91 64 76 12 94 70 9 92 91 99 76 11 49 25 88
96 28 53 5 69 46 84 68 82 44 84 82 14 34 42 14 74 44 99 66
3 21 8 51 52 70 26 56 23 48 58 88 59 71 9 69 50 59 52 49
70 46 48 34 78 90 79 34 3 27 71 16 54 57 62 76 34 11 76 86
35 32 49 12 46 75 59 70 6 76 46 94 16 99 93 84 27 72 23 23
15 2 28 41 59 91 12 63 81 10 21 21 95 63 95 47 96 89 37 89
49 5 75 21 61 77 6 53 58 65 24 86 77 67 42 26 76 89 92 48
41 72 60 95 22 11 64 27 34 72 94 65 44 48 23 36 75 42 69 86
72 34 68 14 72 5 63 60 29 14 80 21 73 40 85 20 13 31 69 14
42 23 86 21 73 90 79 95 97 10 75 45 82 48 13 74 77 13 9 55
7 87 8 42 13 29 13 16 10 100 69 47 90 46 16 48 18 31 8 52
54 5 86 77 13 70 61 52 95 35 88 22 20 94 93 19 65 76 51 48
35 76 66 72 7 16 89 18 26 22 30 56 30 85 39 80 95 41 43 85
84 88 52 2 39 39 5 54 2 98 77 13 41 67 90 19 70 89 14 83
21 54 16 29 29 79 46 16 28 28 84 87 93 38 47 77 73 12 56 23
55 31 94 21 77 14 3 55 61 52 43 36 86 51 62 99 47 48 32 98
88 34 88 4 2 97 60 95 81 99 7 4 42 56 42 5 59 11 100 77
3 43 100 99 24 94 70 83 85 12 55 82 56 7 84 18 32 45 88 29
51 13 7 70 39 82 19 39 53 79 44 38 27 15 2 42 44 86 80 65
81 26 5 14 27 81 69 33 94 35 77 26 39 27 40 17 24 37 90 36
15 39 8 70 51 17 78 92 87 67 76 29 96 85 2 60 56 62 17 68
83 20 24 91 22 61 55 56 19 34 13 24 72 8 57 69 8 84 28 57
49 56 38 6 82 59 30 25 85 52 24 12 74 96 77 96 73 94 89 39
63 94 64 17 37 13 40 1 25 24 31 47 3 85 43 9 64 59 83 7
96 43 12 81 62 55 79 24 4 3 35 51 9 19 22 34 6 100 71 90
80 71 94 26 59 49 11 19 81 32 93 43 99 97 88 33 56 26 48 60
95 31 46 28 53 23 26 68 74 44 15 56 73 95 98 27 95 51 81 43
71 62 83 37 68 31 3 56 44 18 26 14 63 36 2 90 84 18 84 74
