50 20
3 0 16 19 8 6 1 4 9 10 14 11 15 13 7 12 17 5 18 2
1 2 12 14 9 7 18 0 4 3 8 11 15 16 6 19 10 5 13 17
7 16 6 5 10 0 9 18 3 4 8 12 15 17 2 13 1 19 14 11
19 11 5 3 9 7 1 0 2 14 17 8 15 4 10 12 6 13 16 18
3 11 10 9 0 13 17 4 1 14 7 19 16 15 8 6 5 2 12 18
7 11 4 1 9 6 12 18 15 13 3 16 17 0 5 19 2 14 10 8
19 7 5 12 1 9 0 2 11 14 10 18 13 3 15 4 8 6 16 17
18 16 4 14 13 11 9 1 10 0 7 5 19 6 3 8 17 2 12 15
13 0 5 3 11 17 2 19 14 7 12 15 1 4 9 10 18 16 6 8
0 10 11 2 15 12 7 9 4 14 5 16 19 6 3 17 13 1 8 18
12 5 19 1 11 4 0 18 8 9 7 10 14 16 17 3 6 13 15 2
4 1 18 13 10 19 5 8 15 9 6 7 14 11 16 12 3 17 2 0
3 2 17 19 15 7 13 6 0 11 10 4 9 8 1 12 18 14 5 16
18 7 1 10 9 0 13 3 15 17 16 6 14 5 11 2 4 8 19 12
14 18 8 9 3 0 2 5 11 7 1 16 4 6 15 19 10 13 17 12
2 18 10 19 13 9 5 6 15 4 8 14 3 12 16 17 11 7 0 1
18 16 7 11 15 2 6 12 3 14 13 1 0 10 17 8 5 9 4 19
19 10 4 6 12 17 18 8 15 3 0 16 7 1 11 5 9 14 13 2
4 16 2 19 13 9 12 6 8 14 15 17 11 3 7 1 18 10 0 5
19 4 0 15 13 2 3 9 14 10 1 17 11 12 8 6 7 16 18 5
17 6 3 19 15 5 13 1 7 12 0 2 18 14 11 10 8 16 9 4
4 7 17 13 0 15 12 14 18 6 19 2 9 1 8 5 11 3 16 10
4 12 10 7 5 9 3 17 18 14 1 2 15 13 0 6 11 19 16 8
11 14 4 9 10 16 7 2 17 18 8 19 15 5 13 1 3 6 0 12
5 0 1 2 14 11 3 17 10 19 16 13 9 4 18 7 12 6 8 15
6 4 0 5 17 14 3 16 2 9 12 1 8 19 11 15 18 13 10 7
4 12 17 13 0 6 15 8 11 9 7 5 1 10 19 3 18 14 16 2
4 3 14 17 8 9 1 11 7 6 0 18 5 2 10 15 12 16 13 19
0 4 19 14 1 9 13 5 18 7 6 3 10 17 16 12 11 2 8 15
2 0 9 16 17 4 1 8 7 15 5 18 19 3 10 6 13 11 14 12
11 0 8 18 2 5 16 17 13 3 12 10 14 6 19 7 9 1 15 4
9 19 14 13 2 8 6 1 15 0 4 10 11 16 17 12 5 3 7 18
12 8 6 16 0 15 2 11 14 7 18 5 13 9 17 4 19 10 3 1
2 16 4 18 9 10 17 5 6 15 13 7 14 0 19 1 12 3 11 8
7 10 2 15 12 18 4 13 3 6 11 1 0 14 8 9 5 19 17 16
9 15 1 19 5 17 3 14 4 16 8 12 7 0 2 11 18 13 10 6
17 18 12 2 5 15 1 6 4 19 8 7 14 16 3 10 13 9 0 11
16 17 3 19 1 6 10 11 7 18 2 8 5 14 15 0 13 4 12 9
5 1 3 16 2 19 4 12 13 6 18 15 14 9 8 0 10 11 7 17
14 5 8 18 9 13 1 17 19 16 4 7 0 12 15 11 10 2 6 3
16 12 10 4 9 0 11 14 17 2 3 1 5 8 18 19 6 7 13 15
18 19 2 1 8 6 17 15 12 10 7 4 0 5 16 9 13 3 14 11
17 0 11 2 18 7 6 8 10 13 1 9 5 16 15 3 12 19 14 4
3 5 16 4 7 10 6 0 15 19 9 2 8 12 13 1 18 14 11 17
16 1 12 6 19 2 15 11 5 0 17 7 14 4 10 18 9 8 13 3
8 14 12 18 10 5 13 17 1 6 9 19 4 2 15 11 7 16 0 3
15 13 6 2 0 12 11 7 9 17 1 18 19 5 16 8 4 14 10 3
16 14 2 19 11 12 18 15 3 1 4 5 9 13 6 17 0 8 7 10
4 1 19 16 6 11 5 13 14 17 10 15 0 2 7 3 8 18 9 12
15 6 10 17 1 19 3 9 2 18 5 14 0 8 12 4 7 11 13 16
28 50 97 12 99 12 88 58 90 70 83 39 50 72 45 49 94 84 99 89
9 70 56 54 82 93 37 68 46 99 20 78 73 57 87 44 58 73 26 86
70 21 3 89 77 54 2 82 65 39 27 48 48 14 53 84 84 98 30 32
59 53 41 60 81 43 62 68 55 27 30 81 34 77 94 24 84 90 7 89
72 57 28 100 20 92 41 2 20 65 82 77 14 69 44 65 36 15 65 42
55 15 94 4 51 90 28 90 48 11 69 58 42 99 48 88 66 43 55 13
76 63 82 3 8 78 48 28 42 11 19 77 81 28 100 19 20 14 59 18
28 78 87 46 75 71 76 31 68 55 67 41 84 40 61 11 99 94 11 48
85 93 46 79 58 93 60 15 67 72 84 86 5 70 70 15 34 32 78 72
33 98 35 56 38 71 23 33 14 49 42 61 68 20 24 90 16 41 58 97
86 6 20 86 22 32 54 59 27 72 81 6 86 83 9 70 46 92 43 62
54 15 9 36 94 60 57 61 76 70 14 15 94 8 60 93 37 6 5 9
6 50 7 84 35 87 16 55 75 39 55 21 9 15 26 5 88 58 2 5
33 91 12 5 92 19 61 12 37 76 81 8 49 10 45 51 97 44 49 85
72 82 75 30 65 55 5 48 100 86 86 38 47 82 41 80 40 34 26 43
94 56 22 74 53 81 100 43 71 29 66 66 61 35 41 18 6 64 14 34
82 55 90 70 77 29 70 20 17 88 24 70 57 24 46 95 11 61 57 18
17 5 14 74 50 63 22 36 82 74 53 88 42 9 92 2 87 75 11 93
34 3 6 70 29 97 37 40 79 53 93 43 17 77 56 45 44 97 44 39
23 55 48 94 42 20 48 3 16 29 67 84 12 60 70 80 48 60 26 14
77 9 40 70 98 81 56 37 44 54 2 47 8 50 77 69 88 29 66 85
41 8 27 73 20 22 70 37 58 1 59 47 11 6 75 95 62 20 52 43
15 60 26 42 65 54 27 77 50 71 5 69 53 62 43 36 11 100 14 97
80 6 66 35 21 55 85 69 6 71 2 89 3 53 90 91 28 69 43 4
51 52 5 54 64 86 78 92 58 84 69 1 3 31 63 89 75 62 57 76
40 20 22 92 6 56 89 99 72 80 31 41 20 14 73 69 4 22 90 13
39 20 43 42 92 64 85 97 18 96 98 13 69 72 69 89 75 37 60 15
28 39 32 78 11 81 70 96 34 55 69 38 15 36 92 30 43 74 6 18
26 76 56 94 85 95 90 12 59 72 1 89 98 62 85 61 25 67 83 46
17 54 65 39 61 15 15 82 35 58 72 35 58 95 65 28 13 40 97 10
6 87 19 99 58 40 68 37 48 39 65 19 75 85 71 35 21 74 22 54
52 42 5 10 23 52 20 11 80 43 48 52 99 52 81 54 35 17 65 70
1 52 5 6 53 83 36 8 89 87 84 39 92 16 72 72 72 84 43 97
69 6 79 47 29 16 57 19 25 56 76 71 50 36 80 44 84 75 74 89
26 63 78 100 82 46 57 91 99 28 19 9 33 80 8 48 8 17 57 7
33 16 19 93 96 11 40 9 64 71 24 97 84 32 63 94 84 89 10 48
6 73 89 36 76 58 34 24 19 98 96 12 20 81 2 7 64 65 60 52
94 98 55 43 42 75 15 29 87 63 4 39 96 49 75 8 29 81 41 73
26 7 92 48 57 15 27 61 52 46 63 79 51 64 28 21 86 5 63 54
78 93 17 48 70 91 65 60 19 98 87 14 96 1 91 100 54 60 49 11
18 21 38 81 13 6 32 58 11 7 40 87 11 94 43 26 91 18 90 96
23 32 98 21 11 68 87 8 63 100 70 97 34 63 48 50 83 69 21 58
26 78 79 79 28 43 4 65 1 27 28 9 99 57 95 96 66 37 36 88
50 12 66 7 4 61 96 33 45 27 21 51 39 82 18 92 79 33 74 39
41 17 3 69 24 34 8 17 17 55 90 54 86 82 19 66 23 92 44 48
88 27 60 64 66 36 3 31 30 89 26 71 83 18 50 8 78 33 32 21
83 24 3 61 12 69 26 71 48 63 72 63 21 49 7 49 50 1 5 34
13 60 55 43 84 82 27 63 100 31 82 5 84 2 36 78 23 90 1 50
65 34 5 82 74 75 22 73 65 25 85 20 92 61 40 31 50 4 14 62
65 4 73 13 22 13 74 75 13 70 6 74 20 85 53 83 38 68 48 37
