50 20
15 19 11 4 10 6 12 0 5 14 1 2 7 18 9 3 8 17 16 13
3 2 1 11 14 13 17 8 9 15 10 6 0 12 16 4 18 19 7 5
4 3 12 13 18 14 11 7 17 9 8 16 2 1 19 0 10 5 6 15
17 11 0 3 18 16 4 14 2 15 10 8 1 7 9 19 12 13 6 5
7 10 15 1 2 17 11 14 13 16 6 4 19 8 0 3 9 18 12 5
2 16 15 11 12 9 6 4 10 5 7 17 19 13 1 18 0 3 8 14
1 5 19 7 8 17 16 10 3 15 9 12 4 13 2 0 14 18 6 11
4 19 11 0 5 13 6 18 16 3 10 8 2 9 7 14 12 1 15 17
18 0 6 2 1 7 11 15 10 9 8 14 13 3 4 5 17 19 16 12
5 3 1 12 9 13 0 10 6 4 17 2 8 19 15 7 16 18 14 11
10 3 8 6 5 2 17 13 7 0 1 4 12 19 16 18 15 9 14 11
12 16 9 15 1 4 10 11 2 17 5 13 0 3 8 19 14 6 7 18
7 6 11 5 2 3 10 13 4 8 16 14 1 9 18 12 0 19 15 17
10 7 0 6 14 4 17 3 9 18 13 5 12 16 1 15 8 19 11 2
12 15 19 10 7 9 16 6 11 18 8 14 4 0 2 13 3 1 17 5
13 14 17 19 16 10 1 18 0 3 2 8 11 4 5 6 12 15 9 7
3 19 9 16 2 15 18 8 10 11 1 4 7 0 17 6 12 5 13 14
15 19 7 1 4 13 12 2 8 11 3 17 18 10 6 14 5 16 0 9
13 3 11 6 14 19 18 9 1 12 4 17 0 2 5 7 10 16 8 15
6 12 5 1 16 17 3 2 0 9 7 19 15 14 8 13 10 11 4 18
8 4 16 12 18 11 10 0 17 2 3 9 1 15 13 14 6 5 7 19
1 13 9 8 5 19 7 6 14 0 15 17 4 10 18 11 2 12 3 16
18 3 7 17 11 1 5 19 9 14 6 4 16 0 12 10 13 15 2 8
1 11 4 18 3 13 9 19 2 5 7 16 6 15 10 17 0 8 12 14
12 15 1 4 0 17 9 10 11 19 16 2 7 5 14 13 3 18 8 6
11 17 7 14 0 5 4 3 13 15 6 10 9 19 18 12 8 1 16 2
7 2 15 4 14 16 19 1 9 8 13 12 11 3 5 10 0 6 17 18
3 17 14 18 8 16 9 13 19 0 4 5 10 11 6 1 15 7 2 12
13 16 0 7 18 12 4 15 3 17 2 6 10 11 9 8 1 14 19 5
5 3 6 0 8 13 12 18 2 9 16 1 11 7 14 17 19 4 15 10
7 17 5 10 2 18 15 16 1 14 6 9 3 8 0 11 4 12 19 13
1 3 12 16 9 13 4 7 2 14 18 19 17 11 5 15 8 10 6 0
12 1 2 14 10 0 3 6 4 19 13 8 15 9 5 16 11 7 17 18
7 8 3 18 4 6 16 13 12 15 0 5 10 17 2 1 14 11 9 19
6 16 7 10 4 5 19 3 8 18 0 12 2 15 1 13 11 14 17 9
13 3 17 5 2 14 16 11 15 4 9 6 8 18 10 7 1 0 19 12
6 11 5 12 15 8 16 0 7 2 10 13 18 19 4 1 17 3 14 9
11 3 8 12 1 14 13 6 19 15 17 4 18 16 0 7 9 5 10 2
12 15 17 0 2 11 5 18 19 10 14 6 3 1 8 4 7 9 16 13
17 9 18 15 6 0 13 14 11 1 4 19 3 2 7 10 5 16 12 8
18 8 3 4 0 9 10 17 15 7 12 19 1 16 5 11 2 13 14 6
7 13 18 16 9 15 17 14 2 8 4 5 19 0 10 12 11 3 6 1
18 9 0 10 19 16 1 2 5 13 7 8 11 3 4 12 15 6 17 14
8 3 10 0 5 18 2 17 12 4 14 1 7 15 11 6 19 16 9 13
4 19 1 5 11 13 7 0 14 17 9 3 18 8 16 12 10 2 6 15
15 11 8 4 17 13 6 18 0 10 19 3 2 5 9 14 7 16 12 1
14 1 18 11 0 8 3 10 9 15 2 4 13 12 19 6 7 5 17 16
11 0 10 3 9 2 14 18 1 17 13 19 7 5 15 6 16 4 8 12
9 17 16 15 18 19 1 8 5 10 7 0 14 11 4 3 13 2 12 6
3 8 14 2 0 6 16 5 15 11 17 13 4 1 19 18 9 10 7 12
94 53 62 96 87 100 22 92 16 87 20 60 9 56 47 53 5 35 22 89
18 78 78 40 42 91 10 12 92 64 63 20 38 41 18 97 47 29 72 71
82 70 99 14 4 89 68 14 53 52 71 25 86 81 29 47 60 54 71 40
83 40 52 1 25 92 25 89 72 17 41 85 60 77 9 27 56 96 93 44
89 37 42 74 91 25 43 1 44 18 27 80 87 55 40 56 60 60 28 57
55 77 14 73 39 11 33 5 8 55 5 78 3 30 29 8 63 12 22 45
59 2 17 66 22 64 27 25 96 55 84 3 84 70 16 44 78 99 52 84
71 21 5 90 49 66 88 30 81 28 49 43 69 4 52 39 94 53 24 52
74 78 93 19 40 33 19 69 88 16 73 56 63 28 27 72 44 46 80 24
83 52 52 3 85 53 32 17 81 97 64 22 38 58 82 40 32 53 85 37
61 8 35 50 98 1 51 70 6 88 43 44 45 34 20 92 49 17 30 89
31 60 98 64 35 90 24 48 99 42 62 25 25 45 50 23 88 92 26 29
89 4 33 62 29 55 53 98 18 62 19 31 66 41 67 30 57 32 36 11
1 60 71 40 27 78 67 11 34 70 58 73 97 60 75 89 18 38 61 48
57 81 25 7 89 54 58 37 55 65 88 14 36 29 76 61 81 61 21 89
87 30 97 54 75 21 12 98 79 92 83 91 38 84 75 75 50 95 47 97
85 93 72 93 48 3 71 51 84 24 72 84 39 97 50 88 69 72 96 46
37 24 31 69 71 7 29 26 5 50 25 47 13 27 44 54 57 10 29 65
23 12 25 53 68 13 22 57 76 32 4 46 92 10 67 29 26 52 45 77
100 41 50 76 75 19 100 70 67 15 76 42 46 7 23 30 47 18 66 71
42 13 95 74 87 54 59 84 60 51 91 10 61 45 98 2 60 29 28 18
46 27 2 21 38 10 76 79 63 21 29 5 64 43 72 2 49 6 53 15
9 84 60 11 14 3 82 91 15 83 54 74 76 55 94 14 42 22 9 90
92 79 15 73 21 23 8 25 56 100 71 26 52 30 27 4 53 44 2 65
69 52 26 79 53 66 37 47 6 63 48 89 2 67 73 40 28 11 95 67
3 55 26 43 59 22 13 40 46 29 18 79 66 29 94 84 3 14 54 24
97 65 35 84 86 64 91 82 16 96 1 26 14 59 14 53 8 93 78 71
76 5 23 62 98 55 28 72 94 58 64 69 36 54 12 77 59 36 49 50
59 12 4 27 31 48 30 11 11 51 65 9 3 18 95 62 67 17 60 44
94 61 15 87 17 4 45 88 38 43 70 6 41 42 94 60 62 93 76 81
71 60 94 91 70 7 55 12 55 48 38 20 59 62 70 76 65 14 18 86
30 84 39 61 17 94 48 72 30 45 40 51 57 5 68 86 89 56 91 44
98 90 98 40 14 68 99 67 88 14 71 10 3 71 61 40 88 70 21 94
76 48 49 42 44 41 89 19 32 75 42 24 70 50 95 72 39 94 42 32
35 81 1 75 93 59 55 89 40 40 4 14 65 60 24 66 93 5 24 26
72 59 57 95 85 76 46 30 42 90 77 53 81 85 63 87 58 88 88 10
61 82 94 87 73 70 23 88 71 11 92 81 83 39 57 39 23 32 75 3
20 12 46 60 87 88 87 81 12 83 88 91 56 37 53 56 38 65 49 63
96 91 56 16 37 14 29 43 83 80 48 32 50 33 17 5 3 5 6 54
8 87 35 8 39 89 5 80 44 99 80 61 72 96 70 95 9 35 48 29
87 88 46 4 60 16 24 72 93 30 50 81 47 58 84 100 66 86 40 9
76 32 66 50 62 2 8 48 57 3 38 63 80 76 39 76 60 56 73 77
30 32 98 61 37 47 9 66 24 29 88 54 97 5 83 47 88 49 6 59
6 43 11 25 6 43 55 43 68 21 33 55 100 97 95 100 97 57 5 99
99 56 71 24 12 58 81 55 34 58 49 95 98 16 29 88 42 12 10 34
68 57 20 77 77 77 31 39 84 52 2 36 3 55 71 70 88 99 96 59
21 37 68 23 32 11 73 78 52 56 54 69 2 44 21 60 83 54 36 80
10 92 43 74 92 7 69 36 85 97 37 69 35 40 93 47 95 79 21 30
62 81 84 22 69 45 31 22 4 35 43 1 24 42 53 17 57 19 82 92
49 36 25 19 48 64 95 64 15 60 69 50 39 19 6 2 29 15 20 9
