50 20
7 17 8 16 9 4 14 10 0 12 1 6 13 19 5 2 3 11 18 15
8 4 1 5 13 10 7 16 6 11 14 15 18 0 12 9 17 2 3 19
12 3 9 19 18 5 7 11 10 4 13 2 6 8 15 17 14 0 1 16
15 12 7 18 19 14 3 5 11 2 17 16 6 10 13 1 8 0 4 9
12 19 9 8 11 1 14 10 15 2 18 16 0 7 3 17 13 4 6 5
12 17 9 13 1 7 0 2 19 11 14 15 16 4 3 8 10 5 6 18
7 12 17 18 13 4 6 3 19 15 1 5 2 10 8 16 11 0 9 14
17 7 3 1 10 4 6 5 16 18 14 13 19 0 9 8 11 12 15 2
2 1 18 13 9 16 3 12 6 10 4 0 19 7 5 8 11 15 14 17
12 2 8 9 18 0 5 3 16 7 17 11 4 19 13 14 10 15 6 1
2 11 18 12 10 19 7 1 5 15 13 17 6 16 8 4 3 0 9 14
2 17 11 10 4 7 6 1 0 13 16 3 12 18 14 5 19 9 8 15
5 16 6 14 11 8 18 4 17 15 3 2 7 12 0 13 10 9 19 1
8 7 2 1 9 15 16 3 14 5 0 10 4 6 19 11 18 13 17 12
12 7 9 4 6 0 1 3 5 11 10 16 8 15 17 18 13 19 14 2
0 11 9 1 18 16 2 13 19 15 5 3 10 4 8 17 12 14 6 7
10 7 18 4 3 12 13 14 11 19 2 1 5 8 6 9 17 0 16 15
8 1 15 4 16 6 18 2 19 7 5 11 10 9 13 12 0 17 14 3
15 16 6 19 11 1 12 4 5 2 13 8 17 3 7 9 0 14 18 10
7 16 8 6 5 9 4 19 13 12 11 18 17 10 14 1 15 3 2 0
7 6 19 4 10 15 0 1 9 17 5 11 16 3 14 12 8 13 18 2
6 0 2 4 3 15 10 18 7 1 9 16 14 13 17 5 11 19 12 8
18 19 14 5 12 11 15 17 9 2 0 1 6 16 13 10 3 7 8 4
3 0 8 12 17 6 11 16 18 9 7 5 2 14 13 19 15 10 4 1
11 0 14 9 16 6 19 13 15 10 4 3 1 18 5 8 17 7 12 2
2 3 15 10 4 19 9 7 17 12 13 18 0 6 16 8 11 1 14 5
13 0 1 18 8 3 15 5 17 4 7 2 10 6 9 19 16 14 11 12
0 11 17 2 7 15 5 12 8 16 1 4 10 18 3 19 6 9 13 14
3 6 17 9 7 8 13 18 19 1 10 2 0 16 15 5 14 11 4 12
17 5 16 3 15 12 10 13 11 19 7 6 4 0 14 2 18 1 9 8
8 16 6 9 11 10 4 0 7 18 2 5 1 17 13 19 12 15 3 14
8 10 7 18 0 17 9 5 1 15 19 3 14 12 11 6 2 16 4 13
7 13 14 5 9 10 16 6 3 15 1 4 0 19 17 8 18 11 2 12
8 12 2 5 4 1 6 14 19 16 3 9 13 18 10 0 7 11 15 17
18 10 4 3 15 8 7 13 6 2 12 16 5 19 0 9 17 11 14 1
14 19 8 5 13 4 17 12 9 7 1 2 18 0 15 16 3 11 10 6
2 0 3 7 15 1 5 16 4 11 6 12 10 8 18 17 9 19 13 14
17 5 2 4 10 3 19 13 9 0 12 18 7 16 8 1 6 14 11 15
9 18 16 14 10 4 6 3 7 19 5 17 2 13 0 8 1 12 11 15
11 3 1 19 0 7 16 10 18 14 9 17 13 8 4 5 6 12 15 2
3 7 11 8 17 19 2 12 13 18 5 1 15 16 9 0 6 4 10 14
7 5 13 9 15 6 12 14 0 3 1 2 11 4 10 8 18 19 16 17
1 19 12 0 17 7 6 13 15 4 10 18 16 8 2 14 9 3 11 5
2 17 13 19 18 12 16 7 4 15 1 10 11 5 3 14 8 0 6 9
3 19 12 13 2 1 8 6 5 15 11 18 7 17 4 14 0 16 9 10
0 16 12 4 1 7 5 18 9 17 8 14 3 19 11 13 6 2 10 15
4 11 6 1 13 7 12 8 19 16 2 5 17 15 3 14 9 18 10 0
19 8 12 6 0 18 16 15 14 10 7 17 5 11 4 2 1 9 13 3
9 18 16 6 1 5 4 19 15 7 17 10 0 8 3 2 12 14 11 13
2 5 11 10 8 6 9 16 14 7 15 3 1 13 19 17 18 0 4 12
99 84 27 97 29 84 62 21 76 38 77 38 44 28 99 61 9 9 8 22
89 89 71 19 83 69 85 11 93 33 91 45 79 11 66 1 40 71 4 54
21 92 85 10 88 41 28 62 7 69 45 75 35 90 23 55 44 75 68 52
83 83 76 77 11 39 13 69 5 37 16 20 91 57 70 10 63 63 82 55
9 62 53 8 99 56 31 79 1 82 44 45 16 5 14 77 26 68 42 27
84 85 12 20 31 36 78 86 49 84 31 36 17 90 28 74 34 84 41 37
9 5 84 17 13 74 61 3 76 38 95 93 23 95 74 12 17 77 29 56
29 89 61 19 10 100 83 92 33 28 9 65 17 23 2 28 44 50 84 27
1 1 83 46 18 65 92 83 28 37 44 94 5 48 76 49 76 69 64 18
64 74 55 35 36 97 35 48 78 91 83 80 48 45 35 5 4 8 47 22
39 26 48 28 60 83 91 13 47 29 77 14 58 69 2 82 97 69 10 23
57 87 16 4 14 8 66 9 57 14 92 4 8 8 97 10 20 29 99 28
95 85 38 16 90 28 19 13 59 39 92 23 60 37 87 14 100 75 37 47
64 49 89 41 98 66 64 40 83 60 33 32 26 2 4 24 58 40 98 36
85 63 16 19 7 100 62 15 19 39 98 7 63 52 10 46 83 61 82 91
54 57 1 19 14 46 15 32 30 77 4 27 74 60 63 20 97 70 73 83
61 18 35 64 7 46 31 35 96 67 95 70 62 90 69 16 80 69 3 98
66 41 79 47 46 74 12 66 40 76 50 71 42 94 20 2 61 37 92 25
57 90 85 92 88 30 93 56 83 5 43 80 15 28 18 19 57 23 43 17
49 17 45 6 37 1 89 99 72 88 85 2 85 71 5 21 13 3 4 14
85 59 16 39 4 43 49 84 88 43 42 51 22 86 19 61 67 21 69 13
99 65 9 92 2 60 12 6 50 53 16 54 7 73 15 99 93 32 91 47
45 45 33 77 91 65 4 51 96 20 90 87 30 54 9 87 77 70 53 34
52 72 72 96 8 16 51 96 93 59 43 82 55 79 2 4 30 67 60 23
65 23 65 87 19 88 49 24 22 66 21 60 8 17 33 62 81 18 80 4
17 2 46 96 35 93 69 81 98 26 62 67 58 24 43 19 7 38 20 42
16 35 32 77 46 34 5 88 88 51 39 4 61 85 18 88 51 82 29 81
21 73 84 39 33 98 7 93 49 60 82 33 59 58 98 47 14 95 31 69
93 56 41 75 62 51 28 85 47 2 24 44 100 88 48 8 82 23 60 31
59 14 100 44 31 16 12 8 3 84 13 27 35 47 39 47 69 61 23 45
11 13 37 26 95 91 73 80 76 61 52 7 54 95 71 33 92 92 85 94
38 57 95 8 15 40 30 72 89 100 97 68 78 53 12 20 58 67 100 73
76 59 30 65 24 11 93 100 24 18 10 72 22 78 84 79 90 64 68 90
20 69 82 33 92 84 41 60 42 83 98 95 97 7 14 20 54 62 1 49
84 73 13 12 50 30 90 90 75 41 47 96 48 44 12 24 45 50 2 72
68 11 31 79 2 48 20 9 32 40 23 78 89 72 97 26 71 5 8 85
30 23 37 57 52 58 84 91 40 33 66 7 47 15 91 40 62 17 40 4
48 74 66 30 43 15 89 50 55 48 12 6 53 81 52 92 78 70 53 100
63 38 67 40 2 18 12 88 51 29 47 33 5 98 72 96 25 88 54 12
46 23 97 59 86 57 91 99 29 92 67 61 48 3 19 13 67 36 78 88
99 71 77 79 52 15 82 86 58 42 100 84 87 32 61 59 3 6 65 78
69 40 99 55 49 50 30 7 98 33 15 22 72 68 44 55 68 15 92 11
56 69 96 94 19 97 19 7 4 87 48 3 49 100 87 39 29 49 98 2
10 68 12 61 85 54 70 75 46 4 84 15 70 1 7 48 51 40 68 72
19 27 52 48 9 92 19 79 96 96 66 28 42 33 5 5 53 16 66 59
64 39 37 61 70 100 10 76 85 53 32 80 90 51 10 88 64 71 91 11
75 10 61 25 27 48 76 84 41 56 56 71 24 4 89 10 98 89 89 72
73 94 15 90 55 76 7 76 89 82 77 45 1 85 97 97 76 77 49 2
39 88 6 50 22 24 76 22 15 46 64 12 76 68 94 35 30 92 63 83
90 68 35 29 79 94 93 27 52 59 31 12 68 27 75 83 57 34 3 86
