50 20
15 19 1 12 11 2 16 14 4 18 7 10 0 13 6 9 8 3 5 17
9 10 16 5 6 1 18 7 15 3 4 14 12 19 0 17 13 11 2 8
16 14 8 7 11 5 18 13 2 10 19 15 0 3 12 6 17 4 1 9
2 7 14 19 12 1 6 15 13 3 11 5 16 0 8 9 18 10 17 4
11 16 10 19 12 9 13 0 7 5 6 8 15 18 4 17 2 14 1 3
2 19 6 16 10 17 5 18 1 8 4 12 13 11 15 0 7 9 3 14
5 12 19 8 13 18 1 14 4 6 2 3 9 0 10 7 16 11 15 17
1 4 10 3 15 9 0 17 5 19 16 2 7 11 8 6 18 13 12 14
12 14 7 2 1 3 4 0 18 15 8 9 10 19 16 17 6 11 5 13
3 4 0 19 17 7 10 8 12 14 18 5 1 15 9 11 16 2 6 13
2 6 16 8 10 3 11 4 14 0 13 9 19 5 15 7 1 17 18 12
4 13 14 15 2 12 3 10 16 7 1 19 18 8 5 9 17 0 11 6
14 0 19 10 13 11 7 1 16 9 12 2 4 8 17 15 18 6 3 5
19 16 18 7 1 9 2 14 12 3 8 5 4 0 15 13 11 6 10 17
13 17 15 14 11 12 5 0 1 18 3 4 8 10 7 19 9 6 2 16
11 10 8 17 19 1 12 3 9 13 15 7 5 6 2 0 4 14 16 18
13 3 9 4 0 7 17 6 12 18 16 2 19 11 10 8 1 15 5 14
7 4 19 5 15 16 11 13 12 8 2 6 0 17 1 10 14 9 3 18
18 10 17 2 6 9 1 7 5 11 16 4 14 19 3 15 8 0 13 12
18 1 3 9 12 5 13 8 4 19 2 0 10 14 17 11 7 15 6 16
10 9 19 2 3 17 8 4 18 5 15 6 7 16 12 11 1 0 14 13
7 15 8 0 11 1 9 5 16 18 2 10 3 17 19 6 14 13 12 4
8 18 14 2 1 7 9 4 16 0 11 19 13 5 12 17 3 15 10 6
4 14 13 16 18 15 6 1 3 9 5 2 12 8 11 17 0 19 10 7
17 18 7 8 15 9 14 16 2 13 0 1 4 5 6 12 11 19 10 3
10 16 18 3 5 14 19 8 6 15 1 13 0 7 2 11 9 4 17 12
5 13 16 9 0 1 4 19 10 6 7 17 12 3 11 14 15 2 8 18
11 17 6 8 16 12 15 3 18 10 2 19 4 13 7 1 5 9 0 14
16 14 0 7 6 12 8 17 19 2 11 1 5 3 13 9 18 10 4 15
14 8 0 19 6 17 9 16 4 15 7 5 18 1 10 3 11 12 2 13
15 5 8 7 11 1 17 18 9 4 6 10 14 3 12 16 0 2 13 19
18 7 0 1 17 14 2 3 13 6 4 9 12 19 8 10 11 5 16 15
9 8 7 10 18 2 5 16 11 1 3 17 14 19 6 12 4 13 15 0
0 5 4 8 17 9 16 18 12 3 15 19 10 7 2 13 1 14 6 11
8 19 15 17 7 16 11 2 1 4 0 3 13 9 18 12 5 14 10 6
1 11 12 7 10 9 0 17 2 3 8 16 19 4 5 14 18 13 15 6
6 1 15 12 0 16 9 8 5 19 3 7 11 4 17 13 18 10 14 2
11 3 16 10 12 5 1 8 4 7 0 14 2 19 13 15 6 9 17 18
5 17 8 9 7 0 18 12 6 3 15 16 4 13 19 14 1 2 10 11
3 16 14 18 7 5 2 9 15 6 19 12 17 8 10 0 1 13 11 4
3 0 18 11 8 14 2 1 12 9 17 4 16 13 15 6 5 19 10 7
14 12 1 5 7 4 19 13 8 0 3 6 10 15 9 2 11 18 17 16
6 19 11 5 4 15 18 9 12 0 10 13 3 2 1 14 16 17 7 8
10 17 9 3 7 4 2 1 14 15 5 6 12 16 8 0 18 13 11 19
9 12 6 5 18 1 2 3 16 14 8 0 4 10 7 15 13 19 11 17
4 5 2 7 9 11 1 18 6 0 3 17 19 15 13 14 8 16 10 12
2 18 6 16 1 7 17 4 19 8 3 13 0 12 9 5 10 11 14 15
13 12 5 7 15 1 6 10 2 18 17 8 0 4 11 3 9 19 16 14
19 2 0 13 5 6 12 15 9 3 17 10 4 16 7 14 18 1 8 11
8 11 2 14 3 7 0 15 19 1 6 9 5 18 12 13 16 17 4 10
96 56 46 59 45 28 86 93 6 53 60 83 21 34 17 12 86 39 61 89
88 100 96 61 74 27 61 3 92 27 72 94 65 14 83 93 87 93 78 77
65 85 55 28 43 47 84 54 19 66 87 77 17 80 93 41 81 55 18 60
64 58 28 88 3 57 51 93 49 13 1 18 80 20 45 32 52 11 7 14
43 4 73 72 11 95 12 70 32 67 31 38 66 62 63 98 43 61 97 11
95 49 75 78 43 18 37 48 68 30 17 83 38 90 86 61 75 28 50 98
65 71 25 100 94 93 40 3 83 49 82 90 64 6 53 11 63 14 81 78
34 60 63 63 54 9 44 71 33 7 78 22 13 92 30 85 30 59 3 58
33 99 5 29 72 23 68 47 5 11 41 70 13 11 73 51 76 28 49 40
33 17 38 58 23 15 73 87 100 55 75 100 52 27 39 56 6 75 20 10
82 53 42 48 16 46 59 85 93 20 6 74 96 25 5 65 19 72 7 77
75 89 93 91 48 24 69 21 66 9 41 59 3 62 31 12 36 58 22 19
55 82 7 48 41 34 65 21 41 33 60 70 76 87 39 76 38 94 23 34
64 38 66 35 67 57 40 86 17 30 81 27 68 26 76 33 44 46 27 98
23 94 3 84 79 38 86 36 70 43 71 26 42 87 71 72 82 58 89 40
80 37 57 35 86 18 95 10 88 42 31 65 40 86 46 1 7 31 46 25
15 41 55 89 96 45 58 81 10 60 9 5 79 8 40 51 71 76 91 85
38 66 12 9 55 16 79 90 65 57 8 100 3 30 76 34 87 51 23 12
86 58 58 95 4 58 44 61 90 13 39 40 16 78 15 55 44 50 16 83
36 49 77 37 100 68 17 81 42 44 77 86 6 18 78 77 64 54 98 26
17 61 37 22 75 79 60 61 11 92 64 61 20 23 94 72 62 19 65 37
66 94 78 8 95 83 99 36 58 76 96 99 50 12 17 72 20 87 90 14
57 68 70 51 26 45 60 24 30 17 2 97 98 2 26 23 8 86 31 91
12 76 78 10 69 11 73 100 30 83 89 49 40 88 73 15 58 75 9 29
73 42 30 76 33 89 16 29 94 80 88 95 99 41 52 42 71 91 9 36
4 7 79 15 63 13 83 32 66 12 17 8 19 34 27 49 93 78 34 85
56 50 86 88 88 23 100 73 8 12 37 96 33 97 6 50 4 5 36 27
10 8 27 24 40 52 61 4 7 76 51 9 2 49 1 38 35 54 49 99
46 30 80 13 68 100 60 91 87 10 73 11 54 71 70 83 53 9 2 56
83 1 87 86 15 90 48 88 25 34 69 62 81 100 91 17 52 24 15 92
9 59 82 3 97 56 37 96 1 19 73 89 95 3 2 71 64 44 62 94
6 55 65 90 30 86 29 51 43 38 44 81 17 5 79 71 70 75 56 13
20 7 44 82 58 48 85 27 22 47 83 11 17 43 1 12 15 54 69 96
80 78 62 26 44 2 90 20 4 71 34 58 51 36 22 81 52 73 17 69
51 65 1 11 56 42 69 24 25 43 59 33 69 82 50 78 92 29 4 67
7 5 76 79 21 47 26 38 19 56 27 82 27 18 54 98 29 33 100 64
51 23 83 83 29 48 22 37 74 93 68 31 20 65 44 25 27 35 1 11
19 36 27 79 22 95 70 64 51 37 20 4 10 48 77 46 21 18 49 54
86 95 12 64 15 10 60 30 56 95 91 82 85 46 30 20 71 65 58 90
22 92 92 43 7 22 40 88 1 31 46 8 8 62 19 63 23 36 67 26
3 38 17 87 55 49 15 38 6 17 5 44 59 79 94 67 67 68 66 65
9 39 96 84 58 98 88 29 12 91 93 19 97 8 70 16 87 20 96 17
94 2 69 45 40 31 36 73 37 45 31 39 95 28 40 13 73 9 28 40
21 16 50 56 16 6 31 53 16 70 96 25 13 37 69 41 55 30 63 78
44 63 38 62 36 17 77 45 63 45 27 63 96 46 51 29 65 99 76 40
21 32 82 61 40 32 15 48 26 63 19 81 76 7 28 59 36 31 95 75
33 47 90 77 81 67 42 75 2 26 66 62 93 61 28 14 69 69 81 7
84 74 45 13 10 4 29 31 96 53 51 69 88 99 88 32 41 69 61 92
54 75 69 11 11 45 67 10 10 46 97 36 20 18 21 29 26 20 55 57
63 92 57 60 15 85 86 84 65 26 2 90 10 79 21 25 32 19 43 34
