50 20
15 8 1 4 7 9 18 14 16 2 19 0 17 5 13 3 6 12 10 11
14 17 1 0 5 7 19 15 10 18 9 16 12 13 8 3 4 2 11 6
19 3 8 12 17 11 6 10 4 14 15 1 16 2 7 0 13 9 5 18
4 6 12 15 8 3 11 7 1 0 16 10 17 13 2 9 14 5 18 19
10 7 16 2 0 15 12 11 6 14 19 18 13 3 5 1 9 4 8 17
11 7 0 13 15 12 6 3 9 4 10 2 1 17 8 5 19 14 18 16
19 4 6 13 15 10 11 14 17 1 3 9 7 16 2 18 12 5 8 0
5 17 0 2 9 19 18 13 12 6 11 3 1 16 4 15 10 7 14 8
14 2 8 17 12 6 15 1 10 13 9 0 19 3 5 4 16 7 11 18
2 0 4 9 6 10 18 3 7 19 5 11 15 16 17 14 1 8 13 12
19 6 9 12 0 18 16 4 10 5 17 1 7 2 8 3 11 14 13 15
17 19 14 0 8 2 11 12 5 16 7 6 9 1 15 18 13 4 3 10
18 19 6 12 4 7 10 11 9 0 2 13 17 1 8 14 15 16 5 3
19 5 16 2 3 18 0 10 14 8 12 4 17 6 15 9 1 13 7 11
13 18 5 6 9 11 2 4 16 1 15 12 8 3 19 0 14 17 7 10
16 3 8 14 13 5 9 18 17 4 10 15 11 6 7 0 19 2 12 1
10 16 0 11 2 8 18 6 9 7 4 12 15 1 14 19 13 17 3 5
3 10 1 5 11 2 19 7 6 4 9 18 17 13 15 14 16 12 0 8
0 6 4 2 5 7 13 17 1 16 3 8 15 9 18 14 10 11 12 19
16 8 1 6 7 12 13 0 2 10 14 4 11 15 19 9 17 3 18 5
8 1 0 14 18 19 12 16 7 10 5 11 6 13 9 15 4 17 2 3
9 15 0 16 2 8 18 19 10 14 6 7 1 4 12 13 17 3 5 11
18 12 0 17 7 19 11 14 6 16 3 15 4 2 8 10 9 13 1 5
6 11 1 14 13 3 0 12 8 10 4 5 15 18 19 9 16 17 2 7
0 15 1 18 16 8 2 17 14 19 4 9 10 12 11 7 6 3 13 5
6 18 13 8 3 9 16 1 15 5 10 14 4 0 7 17 12 11 2 19
0 9 10 3 19 16 4 13 15 18 14 5 11 1 2 17 7 12 8 6
7 8 14 5 15 17 13 2 1 11 19 9 6 12 4 10 3 0 18 16
8 14 18 0 4 2 3 7 11 15 6 5 10 13 12 19 17 9 16 1
11 13 19 10 12 17 1 5 3 18 6 8 0 16 7 14 2 4 9 15
6 15 16 3 8 7 9 10 4 13 19 11 2 5 12 18 17 0 1 14
8 16 6 3 4 15 7 2 12 9 10 14 0 17 18 19 13 5 11 1
3 7 16 1 11 4 12 18 0 6 13 9 15 17 19 2 14 5 8 10
5 0 2 7 8 1 15 17 12 14 3 18 16 19 10 9 4 13 11 6
13 18 10 5 14 8 15 4 6 1 11 2 9 17 0 16 3 12 19 7
8 1 14 11 9 0 13 19 12 3 18 16 10 4 2 17 7 6 5 15
3 0 15 14 17 16 4 12 18 11 5 13 10 8 2 19 9 7 1 6
1 11 3 10 18 8 15 0 9 4 13 17 16 2 5 12 7 6 14 19
3 2 17 9 11 18 7 4 8 12 10 6 1 14 13 19 16 15 0 5
6 11 0 2 15 4 18 9 3 17 5 10 16 19 1 7 14 13 8 12
13 7 3 5 6 8 18 14 9 2 19 0 11 1 15 10 12 16 17 4
10 1 18 4 6 3 9 2 0 14 15 12 5 16 8 17 13 7 19 11
0 9 7 11 10 4 17 16 3 14 19 12 5 13 8 1 2 6 15 18
6 2 19 3 17 7 14 9 15 4 10 16 8 1 5 0 18 12 11 13
17 15 4 1 6 19 2 13 8 9 7 11 3 10 14 5 12 16 18 0
17 11 15 5 14 1 10 7 19 8 4 18 0 6 3 2 13 12 9 16
10 0 12 1 16 11 4 6 2 17 13 14 7 5 19 8 15 18 3 9
14 0 16 9 15 17 5 1 2 10 12 6 8 13 18 11 3 7 19 4
12 2 6 13 8 11 9 14 10 15 7 3 19 4 5 17 1 18 0 16
8 3 11 13 14 18 19 17 16 7 12 1 4 0 2 15 9 5 6 10
65 2 74 62 70 62 57 41 32 89 45 68 66 42 4 22 8 16 57 65
84 76 83 55 53 12 95 77 76 26 90 60 100 41 29 6 73 40 17 30
66 35 90 28 18 23 1 16 27 44 38 99 87 12 72 93 41 38 11 30
55 55 87 12 38 97 72 63 98 70 1 82 3 83 11 88 19 78 31 56
10 18 63 54 14 23 63 90 31 22 11 43 81 64 37 87 88 53 18 26
55 39 83 19 82 51 58 67 37 14 49 32 99 2 53 30 29 45 50 8
87 76 85 67 3 100 27 32 84 72 39 55 64 92 61 72 44 74 66 88
54 89 55 21 9 9 47 33 21 22 27 98 63 39 33 38 47 93 95 51
5 19 3 45 38 5 23 89 45 73 35 17 36 92 57 92 77 13 5 72
5 65 36 58 80 24 59 15 68 77 87 34 81 99 45 52 4 15 73 27
14 49 84 30 70 50 91 34 94 88 6 60 28 67 96 17 88 54 86 97
83 71 21 45 46 41 17 44 35 42 26 60 51 28 65 6 46 39 16 82
25 38 20 85 23 93 18 71 31 54 42 55 88 50 13 66 28 16 69 61
39 88 24 28 32 27 23 13 32 76 100 88 54 89 30 91 25 55 82 89
26 37 14 66 17 53 70 23 74 75 4 1 58 49 39 59 71 86 54 95
50 92 30 17 48 91 18 43 97 94 43 87 58 87 25 59 54 84 33 67
4 5 48 83 54 3 73 25 66 9 57 90 93 66 22 75 8 100 37 31
64 84 30 28 51 76 59 82 100 48 22 8 62 58 27 83 25 74 21 42
7 16 65 68 7 63 52 52 54 10 79 87 62 18 19 41 44 77 78 26
41 99 100 89 96 60 12 77 56 99 47 18 46 6 82 92 23 47 21 45
81 10 66 17 19 45 60 2 6 99 88 39 53 94 48 86 84 73 22 19
46 75 68 57 77 79 72 14 72 39 64 56 5 52 80 22 27 34 12 22
7 23 96 94 20 89 41 64 58 4 98 50 97 89 57 70 4 70 2 20
90 58 45 14 75 41 31 51 93 55 72 89 7 7 54 57 3 4 94 30
95 1 29 83 18 31 67 30 22 27 76 92 41 82 89 4 64 30 85 38
3 37 37 78 7 9 89 43 48 33 53 21 65 88 90 36 27 83 54 87
38 60 99 65 62 32 74 1 46 44 85 60 81 41 37 98 24 24 35 21
38 43 61 10 23 92 72 15 67 47 58 31 4 1 67 98 88 93 93 13
97 46 69 16 35 14 55 66 94 26 75 87 23 61 17 69 59 95 70 34
63 25 89 34 93 38 62 90 59 12 9 3 46 34 80 39 4 70 40 96
87 70 94 42 40 72 29 47 87 13 18 81 24 23 29 6 11 42 62 95
16 11 26 66 67 98 53 67 80 8 2 33 52 19 26 62 45 87 85 24
11 87 48 24 46 93 30 68 98 89 35 24 42 47 69 67 2 67 82 91
8 63 96 51 57 3 15 37 21 16 38 98 81 48 31 26 69 65 41 7
77 1 38 81 46 72 76 68 68 47 65 1 56 13 3 35 36 17 17 73
11 8 17 93 28 39 37 24 32 70 52 47 2 55 78 38 46 55 30 86
82 6 22 46 83 78 82 69 86 67 64 57 57 67 40 67 93 73 82 41
73 46 84 14 76 72 37 78 27 57 9 59 42 47 94 45 47 64 10 61
70 84 90 52 26 42 78 37 13 91 70 34 19 65 64 73 88 99 24 64
94 3 1 29 6 35 53 68 92 40 73 23 13 59 75 31 39 33 98 37
76 96 11 88 36 50 52 16 36 86 82 89 10 97 64 25 7 28 8 17
2 30 61 71 78 13 51 82 7 32 71 31 86 27 57 64 61 70 72 43
36 76 35 89 86 5 37 75 59 99 19 26 88 10 36 55 72 17 93 65
90 91 32 71 20 90 19 99 34 47 69 35 76 19 17 65 9 81 78 55
75 4 16 16 63 22 13 36 72 50 13 6 29 91 20 64 24 28 57 41
39 64 50 75 33 18 93 87 34 60 79 2 24 10 56 25 27 16 75 36
4 95 87 90 73 34 96 4 53 92 7 52 46 52 50 16 26 24 50 48
82 45 70 43 61 41 3 33 32 65 5 78 12 91 34 65 28 15 2 13
94 18 35 48 91 8 94 53 56 68 93 28 14 40 44 23 90 22 75 41
17 48 20 9 68 77 5 74 13 25 21 8 45 74 57 18 4 90 20 98
