50 20
2 10 7 14 19 3 9 16 17 5 4 18 15 12 8 0 1 11 13 6
7 6 5 15 4 10 18 13 11 9 0 19 3 12 16 14 1 2 8 17
14 3 8 10 9 18 11 4 15 17 19 2 12 5 6 13 7 1 0 16
12 0 2 19 7 10 11 14 17 3 6 4 8 13 15 18 9 5 1 16
17 5 3 16 13 10 14 11 19 1 15 4 7 9 12 2 18 6 8 0
18 5 0 2 7 1 9 3 8 10 13 6 19 11 17 14 12 15 16 4
6 4 16 0 15 9 2 11 10 17 7 14 12 1 8 19 13 5 18 3
5 7 14 15 2 11 9 12 13 18 19 17 3 1 0 6 10 16 4 8
8 2 15 11 7 16 4 0 10 1 5 6 14 12 18 13 9 17 3 19
10 8 15 17 18 11 7 16 9 13 6 0 2 12 14 3 19 1 5 4
7 4 5 3 18 13 14 8 9 15 0 10 2 6 16 12 19 11 1 17
15 1 18 17 3 2 4 6 11 19 12 16 7 0 13 10 5 8 9 14
6 15 16 13 10 7 4 12 1 3 9 2 0 18 5 8 14 19 11 17
12 16 0 13 15 19 11 14 3 18 4 5 2 8 1 10 7 6 17 9
11 14 6 4 8 0 16 7 13 10 3 12 5 19 2 17 15 1 9 18
9 6 15 7 0 10 18 11 16 13 3 5 12 8 17 19 4 2 14 1
19 17 10 8 15 5 0 13 2 4 9 12 1 18 7 16 6 11 14 3
17 14 4 11 13 19 0 7 15 6 8 1 10 18 9 5 12 2 3 16
12 9 17 19 4 18 11 16 10 7 5 0 14 13 8 6 1 15 2 3
4 15 2 13 18 8 3 5 1 11 9 0 12 10 7 19 14 6 17 16
11 14 5 3 19 6 18 10 1 15 4 9 0 17 12 13 8 7 16 2
13 7 1 5 2 9 16 19 10 18 12 14 3 0 11 17 6 8 4 15
7 1 14 0 17 13 4 3 12 11 6 8 2 19 18 5 9 16 15 10
10 18 6 3 13 11 12 7 5 19 2 14 17 1 4 15 8 16 0 9
2 3 0 7 15 17 11 4 12 6 16 13 10 19 18 14 8 1 5 9
18 6 4 14 12 13 19 16 9 3 10 8 2 7 0 11 5 15 1 17
8 7 5 12 14 9 4 16 0 1 2 18 17 11 6 19 3 13 10 15
2 9 12 0 15 7 6 5 13 14 18 4 8 1 10 3 19 16 17 11
5 19 12 4 6 1 8 13 14 15 18 11 17 16 0 3 2 7 9 10
8 5 13 4 17 19 10 6 2 18 9 0 3 11 12 1 16 15 7 14
4 8 19 6 18 9 14 2 10 11 7 3 1 5 15 13 0 17 16 12
8 12 13 10 0 16 2 9 6 18 7 4 19 15 1 11 5 17 3 14
8 1 18 14 5 11 13 16 3 2 12 19 4 15 6 0 7 17 10 9
15 16 12 10 3 17 11 14 7 9 19 1 8 6 13 2 4 0 18 5
10 17 9 8 4 0 18 7 13 12 16 5 1 15 11 14 6 19 2 3
16 17 0 1 10 18 19 11 4 12 2 5 15 6 13 9 8 7 14 3
9 19 14 10 7 4 15 17 1 12 2 0 3 13 18 11 8 5 6 16
4 11 1 18 6 0 13 19 17 2 9 12 5 10 16 3 8 7 15 14
19 17 8 0 3 14 12 1 13 18 4 2 7 9 5 6 16 11 15 10
14 7 3 19 0 18 17 6 15 2 1 13 11 9 10 16 8 12 4 5
17 19 16 13 3 10 1 5 12 2 14 8 18 0 6 7 11 15 9 4
5 7 11 12 16 0 8 4 18 2 1 6 17 14 19 3 13 15 9 10
11 7 19 15 3 8 18 14 10 9 4 0 5 13 6 1 17 12 16 2
1 10 5 14 4 2 0 13 3 8 6 15 17 16 19 9 7 18 11 12
4 12 10 7 6 16 14 3 0 2 15 8 9 17 19 13 1 18 11 5
16 9 17 5 2 14 3 12 7 18 0 8 15 19 13 10 11 1 6 4
10 16 19 13 7 12 8 2 18 0 4 9 3 1 14 6 15 11 17 5
6 2 18 17 12 11 13 4 8 14 9 10 5 16 15 19 0 7 1 3
18 17 19 7 14 13 5 9 4 10 6 0 16 12 15 1 8 3 11 2
12 15 16 1 13 19 10 8 18 11 7 5 9 2 4 17 0 3 14 6
40 24 33 98 53 69 25 23 14 31 73 70 17 9 100 96 18 14 9 70
89 1 20 64 2 76 95 66 61 3 96 93 7 72 57 95 56 13 6 93
38 11 65 70 65 75 84 90 14 74 27 99 62 11 3 71 57 3 59 38
20 57 27 67 84 56 1 17 25 22 61 23 10 49 97 39 91 21 25 5
56 20 83 40 16 77 17 33 22 85 16 21 29 20 53 1 62 50 52 72
64 61 21 28 24 27 58 29 57 28 29 81 90 87 66 10 47 73 50 19
75 36 65 45 27 32 42 10 51 62 70 55 43 89 95 81 27 85 1 43
38 67 22 89 23 86 68 3 85 82 56 31 69 69 76 93 29 62 70 54
36 58 7 88 45 72 52 96 70 24 24 48 92 41 27 89 73 17 96 89
14 1 8 30 4 18 59 42 11 87 22 40 46 74 44 21 25 65 85 11
28 34 67 11 62 30 60 9 75 4 43 8 81 23 7 24 36 27 5 49
99 66 97 22 91 38 91 77 77 53 60 33 70 82 40 67 46 53 96 53
68 35 64 97 10 11 75 27 56 45 84 24 74 46 75 67 55 14 100 16
92 99 68 18 75 53 88 58 83 85 30 28 15 19 74 23 75 89 76 31
31 37 30 54 39 60 99 48 31 73 91 40 99 67 79 97 51 5 71 10
18 38 32 100 7 28 93 91 87 62 94 67 16 78 20 67 45 90 51 13
9 68 37 91 54 49 30 68 33 77 12 81 97 55 23 28 48 23 8 78
22 44 15 58 54 75 95 74 44 22 52 89 54 15 30 15 30 38 86 73
22 49 52 77 60 12 15 12 91 62 46 78 85 86 83 98 26 24 22 37
28 17 35 10 2 9 80 82 79 11 76 17 78 14 25 33 16 64 46 50
64 36 95 83 6 76 90 71 70 49 49 3 69 89 55 32 29 99 40 11
74 46 40 37 47 90 28 52 3 66 69 35 69 6 68 39 53 95 93 82
1 2 13 1 29 75 9 28 87 16 42 79 22 35 87 100 48 41 57 92
83 68 37 98 53 42 74 31 4 88 33 28 44 60 32 77 65 7 66 13
50 98 83 73 97 89 85 38 45 87 81 30 90 20 68 25 31 62 3 85
1 77 38 6 51 51 94 81 58 5 78 90 55 66 73 42 85 65 74 45
72 36 100 44 25 64 50 87 23 10 28 20 74 57 79 1 17 54 16 69
78 14 46 9 81 50 2 73 23 71 50 82 63 93 27 59 18 37 48 36
25 26 60 95 79 6 72 18 55 54 21 25 42 72 74 65 10 41 12 5
62 97 12 43 30 64 77 3 9 19 28 24 7 34 90 50 92 10 19 7
40 42 4 35 22 81 84 52 52 87 1 92 4 22 70 7 77 54 32 33
89 30 31 59 93 81 13 48 47 22 87 28 79 50 23 90 71 14 19 68
62 39 62 89 77 92 33 6 32 64 10 75 80 44 92 15 55 4 9 39
72 90 79 88 73 21 41 50 62 6 68 49 7 98 96 92 9 99 45 66
81 7 15 15 47 98 98 51 62 90 19 51 61 83 40 19 53 54 5 81
70 78 95 2 53 77 85 44 41 98 62 49 10 14 96 9 43 9 10 39
66 35 29 41 94 70 84 62 59 15 19 76 83 78 66 19 67 57 30 36
19 95 9 25 68 79 97 34 69 95 43 56 12 15 41 38 96 90 94 47
80 78 98 93 29 79 36 70 67 9 29 78 49 52 53 21 26 9 55 70
77 36 4 92 45 29 13 94 40 1 75 71 72 60 18 59 1 57 66 98
100 40 73 9 83 10 61 15 71 85 76 82 34 40 55 40 42 67 4 26
52 82 81 20 45 100 50 96 34 14 43 62 91 8 11 15 78 69 49 22
21 5 84 23 24 81 33 27 91 15 22 92 27 71 73 29 100 60 21 6
8 47 59 70 9 10 79 47 94 38 73 59 76 11 92 19 90 17 98 100
100 79 91 27 69 75 86 16 50 85 74 91 48 23 81 62 55 46 33 68
13 39 88 71 8 65 21 9 95 42 56 96 77 40 49 56 68 77 48 61
24 19 55 55 29 69 31 100 39 23 35 58 45 75 88 47 6 35 79 13
44 59 54 1 51 42 69 27 28 42 56 40 50 35 79 62 47 88 56 28
53 98 18 26 42 27 81 93 78 96 16 25 50 73 13 21 19 26 97 98
93 94 32 69 67 96 93 39 23 50 13 18 100 55 18 85 16 55 61 51
