50 20
6 5 12 2 14 3 9 15 17 8 10 16 4 7 0 13 19 1 18 11
10 18 3 0 9 12 15 7 5 11 19 2 14 1 8 13 17 6 4 16
7 8 19 9 10 18 2 17 4 11 0 6 5 16 12 15 13 14 1 3
8 5 2 1 13 4 3 0 16 11 10 6 17 18 19 12 9 14 15 7
9 3 2 4 13 11 18 14 8 1 15 17 5 0 12 6 7 16 19 10
9 5 13 10 4 11 19 17 8 1 18 12 7 15 2 14 3 0 16 6
11 3 8 13 0 15 18 16 17 6 1 7 12 2 5 9 10 19 14 4
15 5 2 6 12 11 9 10 0 14 1 4 7 17 8 3 18 13 19 16
18 4 6 15 3 19 14 12 17 9 11 2 1 16 5 10 0 7 13 8
4 12 2 8 16 14 6 10 17 5 1 3 9 13 0 15 7 11 18 19
9 0 12 3 7 14 8 13 1 5 4 19 2 18 15 6 11 10 16 17
16 5 15 3 17 7 8 13 9 1 18 0 10 2 11 4 6 14 19 12
17 5 4 14 0 7 2 12 18 3 11 19 9 6 16 15 8 13 1 10
5 14 8 2 7 16 19 9 4 11 1 15 3 18 12 10 6 17 0 13
2 12 6 9 8 4 1 16 5 11 15 10 13 19 18 3 7 0 17 14
1 15 6 11 17 16 10 7 2 4 18 12 9 14 5 13 0 3 8 19
8 10 19 16 18 4 11 12 0 17 3 1 7 2 13 15 5 9 6 14
11 6 2 18 1 12 9 14 0 5 15 17 8 4 13 3 19 16 7 10
6 5 13 10 18 0 14 15 11 19 9 7 8 3 16 17 1 4 2 12
16 1 7 5 15 6 13 11 14 3 9 0 2 17 18 12 19 4 10 8
4 8 16 1 18 3 10 9 15 11 12 19 14 7 13 6 2 17 0 5
11 15 10 14 1 6 7 2 4 12 17 3 5 18 0 16 13 9 8 19
14 6 9 0 15 17 19 11 10 16 4 13 12 3 18 8 2 5 1 7
19 4 5 6 15 7 10 2 17 1 16 18 11 8 12 14 9 0 3 13
4 14 0 3 19 6 1 11 16 5 18 8 13 17 15 9 7 10 2 12
12 11 19 8 15 2 7 9 6 16 0 18 14 4 13 3 1 5 10 17
13 6 19 14 2 1 7 11 9 17 8 15 10 0 4 3 16 5 12 18
11 12 17 7 6 5 13 16 3 15 1 2 8 0 4 9 18 10 19 14
12 1 5 17 14 9 13 15 18 10 8 0 6 3 7 4 11 19 2 16
16 2 15 14 1 11 17 18 19 6 3 12 8 13 7 10 4 9 5 0
15 7 19 3 14 0 17 2 5 13 11 10 12 16 8 18 9 6 4 1
15 2 16 13 1 4 12 10 19 6 11 8 14 3 17 7 0 9 18 5
7 9 0 10 4 5 14 3 8 19 15 6 2 1 17 11 16 12 13 18
9 11 7 14 19 0 3 12 8 13 2 15 18 10 16 4 6 17 5 1
0 8 16 15 17 12 9 4 14 2 13 19 18 5 6 10 1 7 3 11
6 7 8 4 16 18 17 2 10 0 19 12 5 1 15 11 13 9 14 3
0 18 12 11 6 15 10 16 8 3 9 7 5 1 4 2 14 19 13 17
5 2 3 10 6 0 9 18 4 13 19 1 17 8 16 7 14 15 11 12
17 1 7 5 14 11 19 13 3 4 10 16 9 6 12 0 2 18 8 15
7 11 6 2 0 1 4 16 14 10 17 9 15 13 12 19 3 5 18 8
4 8 17 3 2 9 13 7 0 1 18 15 11 14 12 6 10 16 5 19
19 10 14 3 18 8 5 12 13 7 17 1 15 16 6 11 9 2 4 0
19 13 0 6 14 10 2 17 3 4 11 15 18 12 5 1 8 7 16 9
14 8 6 0 4 19 9 5 11 17 7 10 12 13 1 3 18 16 2 15
6 3 9 14 0 15 19 7 18 5 12 4 17 2 8 10 11 13 1 16
8 3 11 7 12 19 6 16 13 10 4 5 2 18 0 17 1 15 9 14
1 3 15 10 9 4 16 7 11 14 12 17 6 2 13 0 19 18 5 8
16 12 4 7 14 0 9 5 17 10 2 1 15 3 13 18 11 6 19 8
11 12 9 18 6 8 1 2 0 16 13 7 5 19 15 14 3 4 10 17
12 6 18 0 15 5 17 2 1 14 10 19 3 9 7 16 4 11 8 13
97 50 99 39 43 6 83 96 90 63 25 70 22 52 23 73 65 25 35 80
58 92 63 68 99 48 85 85 72 2 70 8 69 30 42 39 28 89 33 6
41 86 91 16 55 85 28 87 54 13 70 12 99 79 15 56 54 29 92 59
20 74 33 64 96 70 46 78 24 71 17 40 61 65 45 81 16 43 23 86
43 79 6 51 13 38 8 20 2 82 76 31 86 98 57 43 63 85 5 91
38 24 89 92 59 54 85 8 90 17 41 82 53 46 10 4 52 94 27 27
89 19 41 3 22 32 62 70 26 60 75 72 6 39 23 82 40 49 27 93
4 72 85 59 33 22 36 52 20 49 73 28 4 64 39 53 73 48 67 27
26 95 76 88 70 55 52 30 99 77 43 93 5 77 41 90 49 47 51 68
77 79 32 88 82 77 28 54 94 48 76 98 12 63 1 53 35 33 95 97
71 88 3 28 18 10 61 42 81 84 4 67 17 40 21 66 61 26 81 39
82 58 6 77 2 20 40 39 45 100 60 79 69 14 31 86 36 17 13 89
96 16 88 64 52 33 10 59 58 63 65 25 34 35 52 17 18 25 70 36
16 27 10 98 91 18 12 73 18 85 26 17 30 81 57 31 59 23 7 9
2 69 63 39 12 21 72 49 17 39 78 33 6 72 33 43 56 17 19 47
34 58 56 24 68 87 70 64 8 70 24 4 26 2 78 100 10 73 45 35
69 49 94 39 12 50 35 70 93 77 83 2 13 8 56 86 24 55 61 57
10 45 68 52 68 50 75 91 6 12 98 20 66 3 87 19 2 41 46 9
55 3 16 11 19 92 88 76 88 39 69 60 30 58 6 4 33 59 58 66
44 45 38 81 18 47 42 90 97 32 78 36 69 65 23 40 2 85 67 30
71 49 18 98 7 13 79 80 91 23 12 100 24 3 47 28 46 11 94 20
6 90 45 13 53 6 95 67 24 40 88 98 79 81 73 83 35 61 10 70
77 87 61 30 54 53 41 17 29 71 20 20 17 16 10 31 97 9 94 23
66 41 66 11 82 25 43 70 81 9 55 56 75 98 2 49 77 82 31 70
40 28 99 41 56 26 48 43 89 72 61 45 39 14 14 61 54 87 37 71
68 8 41 92 59 78 14 33 85 46 42 5 22 70 9 18 58 72 93 48
64 29 80 40 61 27 46 44 7 54 11 27 98 84 89 37 91 25 64 77
47 45 41 66 57 73 92 69 34 10 90 34 53 88 4 76 99 44 8 5
8 77 65 82 28 69 46 72 23 41 64 16 84 48 15 69 82 86 96 74
55 32 9 28 91 75 4 4 46 32 38 27 18 67 17 35 50 32 54 19
43 61 4 94 15 61 36 16 56 18 20 91 12 96 6 51 6 76 37 95
50 12 82 12 52 20 90 54 93 79 39 38 91 19 86 53 84 62 50 97
100 99 56 72 98 30 49 35 99 34 60 41 5 3 77 57 12 18 10 28
20 88 68 48 98 4 97 36 57 68 51 25 50 77 15 90 64 1 12 50
46 66 95 67 43 50 28 51 49 48 91 46 2 7 87 6 18 74 66 6
25 9 97 9 86 78 99 52 43 60 47 42 79 56 41 31 33 69 23 86
6 88 85 8 78 55 63 92 53 5 58 30 39 3 61 72 96 80 60 35
95 69 80 16 47 92 54 92 64 66 57 75 44 8 46 44 43 32 58 76
6 48 26 76 85 39 76 34 75 89 6 89 77 7 16 89 52 97 47 16
60 84 38 9 10 92 6 65 85 69 70 33 6 72 98 18 57 65 24 14
26 27 25 44 64 22 91 14 26 54 69 51 78 98 21 32 20 19 8 72
6 35 93 98 30 46 4 13 55 68 38 90 68 55 39 88 19 16 86 89
97 99 90 73 58 37 90 41 94 68 55 87 69 5 34 97 13 30 81 10
35 79 76 69 4 24 10 48 50 76 65 48 62 55 89 3 26 11 78 44
60 56 66 64 7 80 19 66 79 46 9 52 46 47 94 8 52 14 74 91
11 39 54 27 66 25 24 1 72 100 9 54 57 72 60 90 54 35 94 14
89 49 27 71 15 2 12 69 42 16 5 43 32 85 77 80 85 96 47 92
96 89 74 47 77 90 17 7 40 67 73 44 14 38 76 95 74 65 4 1
41 87 66 64 46 42 22 16 58 85 90 30 92 95 26 14 8 25 12 37
7 34 11 86 7 35 27 23 70 55 78 78 75 42 38 67 37 21 79 13
