50 20
9 0 13 16 15 14 10 11 8 17 4 1 18 2 3 7 5 6 19 12
10 9 15 4 14 12 2 18 11 3 16 7 1 19 5 6 13 0 17 8
5 8 13 11 2 1 9 6 17 7 14 18 0 15 3 19 16 4 10 12
19 13 6 14 18 16 12 5 9 0 4 17 1 10 2 11 3 8 7 15
0 19 11 8 3 2 5 15 13 4 18 14 1 16 17 9 12 7 6 10
2 14 15 1 4 7 0 18 16 13 3 12 19 17 10 8 5 6 9 11
2 10 8 7 16 11 14 13 5 4 18 12 17 15 1 19 3 0 6 9
9 4 13 11 6 17 10 12 16 1 0 14 7 3 8 2 19 18 15 5
11 0 18 14 9 12 17 16 8 1 5 10 19 4 2 15 3 6 7 13
7 8 14 0 13 18 11 9 16 2 4 3 6 15 12 17 1 10 5 19
13 3 11 18 15 2 16 10 6 7 1 14 17 8 12 19 0 4 5 9
15 3 12 18 5 14 11 8 0 19 17 9 2 4 10 7 6 1 13 16
4 0 18 13 19 12 8 10 6 1 14 7 9 17 3 5 16 11 2 15
13 5 4 17 14 12 19 9 6 11 0 15 1 3 18 16 10 8 7 2
14 2 16 8 17 13 15 3 12 10 5 18 6 19 9 4 7 11 0 1
7 5 9 15 14 6 2 16 0 13 3 18 4 1 19 11 10 8 17 12
5 0 15 19 12 2 17 18 3 6 4 1 8 11 9 7 16 10 13 14
15 18 8 10 19 7 16 1 6 14 4 11 12 2 17 5 9 13 0 3
3 0 11 5 18 17 1 10 14 2 12 8 4 7 13 9 16 6 15 19
9 15 10 8 6 7 5 16 12 11 4 18 1 19 17 0 2 3 14 13
0 3 5 18 13 11 19 2 16 15 9 8 17 14 12 6 7 10 1 4
12 18 8 5 4 14 13 7 16 11 0 2 15 19 6 10 1 9 17 3
19 12 7 5 3 6 1 11 18 0 14 15 2 17 10 16 4 13 8 9
6 18 2 14 10 5 8 9 12 7 13 16 3 0 15 1 19 4 17 11
8 3 19 1 6 16 14 10 0 13 5 9 4 2 17 15 11 12 18 7
18 14 16 10 2 1 12 9 6 15 11 4 3 13 19 17 0 5 7 8
7 16 3 19 0 13 2 9 10 5 15 11 12 1 8 6 14 4 18 17
17 12 11 1 7 14 3 8 2 4 18 6 19 15 9 13 5 0 16 10
10 7 9 8 13 17 4 14 1 2 19 18 16 5 6 12 0 15 11 3
6 16 2 1 7 9 10 19 4 3 11 12 17 13 18 15 8 14 5 0
9 1 15 7 4 12 19 16 18 13 5 11 6 0 14 3 10 2 17 8
16 11 3 15 5 18 9 0 14 6 19 4 8 2 13 1 17 7 10 12
5 19 2 12 16 15 9 17 1 6 4 13 0 3 14 10 7 8 18 11
16 15 5 4 13 7 9 3 17 2 0 12 11 8 19 18 14 10 6 1
18 9 7 11 8 13 12 3 0 19 4 2 5 1 17 10 14 16 6 15
10 1 14 5 6 16 4 11 15 9 0 12 17 13 3 7 19 8 18 2
9 3 8 1 19 11 15 5 2 6 14 0 17 10 12 13 18 4 16 7
9 5 1 8 12 0 6 11 17 2 14 13 10 19 7 4 15 3 18 16
5 13 2 15 12 10 17 14 11 8 18 19 9 1 7 3 16 0 4 6
5 17 10 18 4 7 19 15 1 3 2 0 11 13 16 8 14 12 6 9
1 4 0 15 12 9 16 8 14 6 19 3 11 2 7 5 18 13 10 17
13 16 8 0 11 9 4 1 15 19 5 3 10 14 17 12 18 2 7 6
9 10 6 17 12 15 3 13 18 7 4 14 19 11 8 1 16 2 0 5
19 14 12 16 13 4 6 0 2 17 9 11 7 1 8 18 3 10 15 5
17 19 9 5 3 16 15 13 8 6 2 18 12 14 0 10 4 7 11 1
16 10 5 3 0 14 17 11 12 6 9 13 19 15 18 1 7 2 4 8
12 13 14 10 6 11 4 7 19 5 16 1 17 9 2 0 3 15 8 18
8 7 19 5 14 4 0 15 11 6 12 17 3 13 9 16 10 2 1 18
13 0 6 18 11 10 4 7 15 14 16 17 9 8 3 5 12 1 19 2
9 15 1 10 6 0 7 2 11 3 5 12 19 4 16 14 8 13 17 18
48 50 88 28 20 60 85 23 73 44 11 92 68 87 100 12 61 41 52 6
77 23 65 85 23 5 15 3 22 61 88 54 11 55 81 12 19 40 80 1
95 92 77 100 96 20 78 53 16 13 16 19 38 23 23 53 19 27 72 41
54 48 69 12 24 5 48 93 52 99 57 30 40 84 29 84 93 40 14 89
38 53 85 79 21 37 49 87 87 78 80 86 92 57 25 49 44 26 45 1
87 96 22 66 57 27 34 96 95 54 60 72 68 81 80 99 81 98 78 99
59 43 17 17 58 89 90 50 54 72 92 23 47 33 27 36 60 74 90 49
75 41 53 34 22 18 76 7 51 5 7 44 66 30 72 97 38 21 57 8
96 87 15 93 17 18 20 70 12 5 98 66 83 49 22 46 92 30 79 78
88 13 31 73 57 94 78 11 21 22 100 57 48 33 41 76 6 75 51 3
5 49 35 79 30 71 20 89 87 3 98 37 95 52 54 66 92 100 30 23
8 33 24 75 98 56 20 1 83 5 65 51 58 10 22 76 30 44 56 17
23 88 33 22 84 67 87 65 70 10 31 31 68 30 88 91 54 51 68 72
86 33 2 74 68 38 26 93 47 15 21 45 50 19 90 40 68 34 26 58
28 29 44 80 33 98 10 83 1 56 15 85 56 11 89 94 48 64 55 72
80 80 32 28 57 86 57 67 3 78 96 34 10 100 50 16 95 3 37 64
90 3 7 73 11 82 17 53 25 55 85 85 76 75 3 3 16 42 28 27
10 35 68 39 33 94 21 97 36 94 16 5 96 78 9 33 61 51 17 38
79 46 78 67 10 30 72 56 19 74 1 44 93 94 52 75 11 2 55 12
12 79 15 42 4 28 39 52 43 65 6 57 84 33 62 70 79 45 28 45
3 3 78 76 45 20 17 56 6 9 69 41 87 72 38 47 23 71 43 89
34 14 27 100 46 18 9 34 88 13 1 48 50 41 76 31 76 16 78 86
56 96 50 12 45 4 63 30 62 84 9 64 39 31 100 65 5 17 59 9
78 29 20 82 56 24 17 71 59 37 78 3 99 93 5 39 8 81 5 88
87 34 23 66 33 62 11 50 91 53 93 34 78 39 62 1 72 23 99 4
20 71 60 60 36 95 62 81 41 94 81 23 42 73 19 89 79 7 65 52
50 21 32 92 53 30 44 11 24 8 93 8 12 81 61 49 28 94 34 57
60 24 59 88 67 63 77 77 39 69 58 79 60 100 13 62 5 87 59 25
18 29 99 99 33 3 45 91 8 6 99 26 5 25 29 78 27 28 67 97
28 52 37 99 48 44 24 91 87 61 43 84 39 83 62 83 64 2 61 4
41 96 34 50 22 78 30 86 40 69 11 12 86 62 10 11 88 26 15 45
64 95 23 22 91 75 86 3 85 8 20 5 40 46 61 19 8 18 37 84
41 63 50 47 18 79 100 30 28 55 66 59 36 54 26 58 30 97 37 67
3 32 12 16 10 9 11 3 93 35 48 100 48 23 57 50 77 7 55 24
79 60 15 35 71 54 96 28 16 5 21 62 16 97 24 26 17 22 81 55
17 72 99 96 60 69 45 97 62 97 32 66 78 14 18 9 83 9 22 78
47 17 20 81 100 62 45 73 60 22 44 48 87 32 27 86 36 36 29 79
47 2 99 49 97 17 80 69 35 72 12 18 50 98 66 74 78 24 69 48
32 45 42 14 89 87 4 83 16 21 96 32 91 37 73 27 30 73 62 6
27 73 55 39 14 11 9 43 63 19 30 65 10 9 52 32 66 38 61 26
28 63 67 87 69 3 57 87 55 69 8 87 28 12 57 76 81 53 62 3
72 52 96 18 2 41 69 42 25 35 47 16 32 61 38 59 48 80 51 87
43 5 25 86 35 74 62 73 75 76 94 51 5 26 77 12 64 68 20 28
33 93 18 82 19 3 33 36 45 61 26 49 57 73 40 13 67 64 82 93
30 99 93 9 45 74 91 22 79 19 98 14 5 70 46 52 5 42 89 38
96 18 47 88 14 42 66 34 56 10 28 76 98 63 89 24 45 83 91 70
23 26 64 78 44 40 58 16 1 76 7 44 51 33 31 39 39 93 12 17
56 58 34 91 48 25 69 29 100 54 32 95 75 36 86 30 14 44 7 1
58 40 50 59 99 34 45 63 78 78 67 29 94 63 90 82 71 18 48 28
87 75 25 99 58 16 52 23 51 13 60 77 59 30 7 4 72 64 75 70
