50 20
7 15 19 0 2 3 13 9 10 17 1 8 6 16 11 12 5 18 14 4
15 8 14 1 6 18 7 10 17 11 19 2 9 13 16 4 12 0 5 3
10 19 5 2 18 0 1 4 15 16 6 12 11 14 17 7 8 13 9 3
8 13 7 14 12 5 4 2 10 1 16 19 17 9 11 18 6 15 3 0
18 16 2 0 10 12 19 6 4 9 3 8 7 11 5 14 15 13 17 1
1 11 3 14 4 6 8 15 16 18 10 12 5 17 13 19 0 9 7 2
3 11 5 0 7 16 12 10 19 15 1 18 13 9 6 4 14 2 8 17
0 13 16 12 2 3 8 10 14 7 1 6 9 11 15 5 17 19 4 18
10 6 4 17 5 13 14 1 12 7 15 9 19 2 11 3 0 8 18 16
17 12 11 13 4 5 9 14 15 3 0 7 1 16 19 8 18 6 10 2
12 14 3 13 4 9 18 17 2 11 15 1 6 10 19 5 16 7 8 0
19 13 15 1 0 14 8 3 17 9 6 7 16 2 18 4 5 10 11 12
10 7 17 15 14 2 12 8 1 4 19 0 13 6 3 18 11 5 9 16
18 17 7 13 0 11 8 15 3 16 9 19 14 5 6 1 12 4 10 2
1 12 0 5 9 14 19 11 8 10 16 6 2 15 13 17 4 7 18 3
14 18 9 8 7 12 2 0 10 3 13 1 4 6 19 16 11 17 15 5
15 7 17 19 6 16 4 10 11 3 9 13 0 5 12 14 2 18 1 8
6 1 2 14 11 3 0 19 12 15 10 8 4 17 13 16 9 18 7 5
13 1 11 12 18 6 19 9 7 10 8 0 15 17 16 14 2 3 4 5
5 4 7 6 3 17 13 19 12 1 11 8 16 15 9 0 10 2 18 14
17 12 16 5 19 11 18 13 0 6 3 4 10 9 7 14 1 2 15 8
14 8 16 4 2 7 1 10 11 17 13 0 15 5 19 12 3 6 9 18
11 7 6 12 3 4 13 19 8 18 0 9 15 2 10 1 14 5 17 16
14 4 5 10 7 9 17 0 18 12 13 16 1 3 6 11 19 2 15 8
11 17 8 14 10 5 4 19 3 7 18 1 15 16 13 9 2 6 12 0
17 2 9 18 10 14 0 13 7 6 5 16 3 1 19 4 11 12 15 8
18 7 8 14 10 4 12 11 16 19 17 5 1 2 15 13 9 6 0 3
5 19 6 13 3 15 7 17 14 9 12 16 11 2 10 0 8 1 18 4
11 18 7 8 15 9 6 2 0 13 16 1 17 10 12 5 14 19 3 4
16 9 18 12 6 13 11 2 4 15 1 14 10 3 5 19 17 7 8 0
18 5 2 4 1 11 8 16 10 13 19 12 14 15 0 7 3 6 17 9
9 4 1 19 11 6 17 10 15 16 8 14 0 3 5 18 2 12 13 7
3 1 12 4 10 19 17 14 7 2 13 6 18 11 5 8 9 16 0 15
10 17 13 7 3 5 12 18 6 1 15 16 14 0 9 19 2 11 8 4
1 17 16 13 11 9 18 12 4 6 3 5 10 14 15 0 7 19 8 2
6 12 17 8 9 13 14 2 19 16 10 5 0 1 4 11 18 15 3 7
10 13 11 1 12 18 19 9 5 3 0 14 6 4 15 7 17 2 8 16
19 16 18 14 3 6 7 0 5 13 4 2 12 11 17 1 8 10 15 9
10 15 18 6 1 7 2 12 14 4 19 13 3 5 0 11 17 9 8 16
4 5 8 18 10 19 7 2 13 16 12 11 3 15 14 1 0 17 6 9
5 10 6 17 9 7 11 15 18 2 16 14 1 0 4 12 13 3 8 19
3 2 9 13 12 10 16 0 11 8 15 6 1 17 5 19 4 18 14 7
11 3 10 9 2 12 17 18 19 0 5 14 13 6 15 8 7 4 1 16
7 16 17 8 1 2 10 12 19 0 14 9 4 5 18 11 6 15 13 3
5 18 12 1 11 2 13 6 14 8 4 9 16 10 0 19 7 15 17 3
1 3 18 13 7 8 2 14 12 4 5 0 11 16 9 15 19 17 6 10
19 13 11 4 14 15 0 18 7 9 17 2 8 5 12 16 1 6 3 10
16 1 7 9 11 13 12 14 10 15 4 2 0 3 17 8 5 19 18 6
5 8 10 18 0 19 13 7 3 1 11 14 16 17 6 4 9 12 15 2
14 6 18 15 7 0 13 12 5 9 10 19 11 2 8 16 4 17 3 1
43 30 40 99 27 23 19 25 45 48 81 53 27 52 60 72 36 49 21 84
78 32 92 80 100 65 92 38 89 76 44 68 88 44 70 47 62 52 98 8
97 36 91 90 16 92 7 77 29 40 68 80 28 84 96 94 73 46 43 59
21 7 61 97 7 26 32 21 13 5 18 28 83 12 16 33 9 89 94 52
52 34 91 13 25 30 7 50 35 1 35 39 5 4 72 38 30 52 2 84
21 90 1 88 95 2 91 41 65 51 23 49 49 94 58 26 28 21 77 74
56 91 45 12 9 6 57 54 3 73 20 62 14 89 12 38 81 87 13 72
30 5 2 29 65 15 71 12 17 61 81 7 95 62 45 66 62 27 64 7
14 40 40 90 57 80 25 42 12 21 44 77 99 83 80 20 25 92 55 11
45 1 11 64 8 55 49 20 25 56 24 27 35 33 28 38 52 51 34 43
60 44 6 34 64 77 7 10 46 6 84 34 100 75 59 74 80 93 37 69
32 11 3 79 36 62 29 43 53 89 6 77 35 61 45 89 44 92 90 10
95 99 81 71 88 6 64 88 81 40 24 12 12 98 63 79 84 81 27 68
58 92 77 37 26 58 63 82 92 68 17 61 19 27 83 37 50 2 4 52
5 66 96 8 3 66 55 50 49 29 3 15 10 29 86 49 35 40 67 95
53 33 57 18 90 64 80 98 77 46 38 2 10 51 16 67 52 27 85 21
41 34 14 21 86 40 57 65 82 30 30 31 44 19 51 61 60 19 52 46
62 37 67 53 93 95 4 91 68 52 94 19 43 77 36 45 48 55 16 75
13 43 64 83 57 59 97 75 38 71 94 73 6 73 100 94 19 9 4 96
79 44 3 59 97 24 94 7 91 98 54 8 95 83 84 95 70 81 71 44
89 50 1 24 54 21 86 73 28 40 29 10 19 81 66 8 71 43 13 76
9 71 83 60 49 15 1 5 43 86 94 92 68 35 72 99 97 83 67 94
47 29 92 95 28 58 14 15 59 81 5 63 21 55 60 57 90 55 63 76
34 98 46 76 47 11 11 5 41 85 23 62 2 73 63 36 13 85 87 57
56 24 88 88 38 97 89 31 76 5 35 50 41 3 24 38 45 38 89 74
31 14 80 91 88 51 67 62 96 78 71 37 87 94 64 17 84 49 51 68
22 41 54 59 16 58 63 52 54 22 25 61 9 45 27 96 54 63 64 83
41 29 35 75 39 34 19 96 77 75 92 91 68 12 31 91 14 49 77 94
72 96 53 68 98 46 12 69 35 31 72 51 59 65 81 73 64 14 2 22
14 27 10 99 25 89 28 39 22 32 58 22 5 80 12 13 28 61 53 8
26 100 40 19 12 13 68 42 99 57 52 97 95 92 42 98 72 30 67 79
24 9 95 65 35 36 87 26 7 38 99 84 27 15 84 59 2 85 79 52
86 39 49 83 66 59 2 24 57 47 60 39 19 57 73 15 19 99 49 38
33 83 15 14 41 75 62 99 65 37 12 73 79 14 34 36 96 89 70 39
39 90 74 72 62 96 76 37 19 99 94 55 63 90 42 33 40 6 98 99
8 8 35 50 78 6 29 89 73 7 99 98 50 87 47 22 74 16 32 7
7 64 81 55 58 47 98 46 43 87 80 96 23 89 60 74 93 88 25 83
65 15 95 20 65 86 80 73 6 22 70 91 27 56 70 57 22 58 21 10
53 29 6 38 2 22 60 69 77 91 82 72 68 80 98 7 14 41 56 23
22 72 24 81 18 35 25 48 86 2 10 63 89 97 95 82 46 44 40 52
82 87 40 60 49 9 14 77 35 80 7 23 54 93 54 2 84 32 24 48
39 91 9 14 18 57 81 5 61 93 77 88 17 39 29 9 96 38 73 94
34 89 25 84 83 81 14 28 85 32 55 98 70 45 95 50 16 66 59 52
68 27 51 25 6 26 96 37 65 69 9 17 23 66 13 38 93 48 47 26
87 61 81 86 73 46 32 16 56 86 51 91 51 47 57 5 68 51 14 89
46 32 83 76 19 15 30 56 71 78 48 3 93 56 33 58 53 19 96 92
12 6 1 46 41 99 13 67 47 51 90 87 74 24 65 16 76 7 13 16
81 49 39 36 44 99 23 96 36 77 76 13 37 38 75 48 52 89 93 38
22 37 60 9 39 45 59 8 98 99 83 88 9 20 46 38 25 53 50 41
7 91 62 88 84 24 65 14 73 18 80 62 16 13 87 3 11 6 36 46
