20 80
71 58 10 38 61 57 0 69 32 56 76 28 3 39 29 46 53 9 64 52 35 42 68 60 43 73 31 26 6 54 62 50 67 27 12 66 48 70 14 37 75 36 55 22 45 7 19 34 49 30 21 47 74 41 20 25 4 59 8 51 33 15 1 5 77 72 16 2 44 17 24 65 18 11 63 23 13 78 40 79
64 45 41 27 7 43 74 15 71 63 34 40 16 5 48 4 11 13 73 8 2 17 60 53 10 1 19 57 23 47 78 44 58 51 69 33 18 24 22 52 42 12 68 62 37 56 38 79 3 14 31 25 29 77 49 30 54 59 67 72 32 55 70 65 20 9 0 76 66 28 6 61 46 75 50 35 21 26 36 39
62 65 40 67 34 7 73 5 50 25 39 45 54 76 32 79 44 63 69 60 27 26 16 1 23 4 57 0 38 24 51 12 46 47 48 21 18 6 10 55 13 35 66 78 15 3 31 72 64 42 11 37 43 58 22 19 71 77 70 17 36 29 74 49 28 20 14 41 61 68 9 75 33 2 30 56 52 8 53 59
46 0 30 67 38 37 3 42 54 55 73 36 56 1 6 13 70 76 33 12 79 15 40 71 48 31 4 28 24 41 75 72 50 21 49 34 65 58 66 35 17 20 52 62 32 61 18 57 47 2 14 45 60 64 39 8 5 53 63 44 74 19 43 27 29 22 26 16 23 10 7 77 9 59 25 68 69 78 51 11
59 29 23 60 67 3 71 57 58 9 1 43 51 32 47 25 66 48 46 30 26 11 55 0 16 76 37 78 62 63 39 13 14 17 77 38 49 45 24 53 34 20 10 61 6 4 74 27 44 12 15 70 52 41 42 50 2 35 79 18 22 28 73 36 8 68 40 31 54 21 56 7 65 19 72 5 33 75 69 64
29 2 15 39 27 54 51 9 46 33 45 1 38 17 78 0 66 5 28 49 79 55 71 77 65 3 57 37 74 13 41 24 32 22 42 75 23 48 34 14 21 69 6 59 36 19 8 25 72 20 73 18 76 40 47 50 62 58 31 16 70 44 4 43 35 68 53 30 67 63 61 12 60 56 7 26 52 64 10 11
42 38 72 32 29 66 3 76 40 27 25 13 41 4 67 65 45 61 20 19 49 47 2 60 36 8 75 43 39 69 16 37 34 78 26 53 59 62 10 30 0 77 64 22 70 79 23 35 14 57 5 44 54 31 68 74 12 52 11 50 21 71 7 6 58 33 46 24 1 48 56 55 28 17 63 18 9 15 73 51
2 9 3 45 10 53 28 15 50 4 30 16 17 26 66 65 24 23 51 11 39 67 72 22 1 0 71 63 40 70 29 43 73 33 6 35 44 62 46 20 37 78 18 57 19 12 48 56 76 41 69 8 77 54 68 7 74 32 64 13 14 75 47 27 31 42 25 5 61 52 34 21 60 36 58 38 59 49 55 79
72 54 52 1 30 65 36 49 40 20 61 2 56 22 47 39 31 24 17 75 25 14 18 62 29 67 59 21 55 45 66 8 9 33 10 42 16 3 7 53 64 11 44 34 28 37 63 58 70 32 26 4 5 74 79 46 23 48 38 68 69 27 78 41 12 19 0 6 51 15 13 71 50 73 57 35 77 60 43 76
44 63 72 35 15 74 75 78 8 45 56 61 48 49 22 31 77 60 38 64 73 57 6 59 10 43 58 21 69 16 46 40 11 33 37 18 66 24 62 76 79 36 47 14 54 52 53 9 30 39 32 13 68 12 41 29 0 55 20 65 42 26 70 4 67 23 2 51 5 27 17 19 34 25 7 71 50 1 3 28
64 52 43 30 67 63 4 31 79 57 5 49 13 41 10 48 72 69 1 0 27 14 7 78 44 75 53 46 17 9 65 12 74 8 59 36 3 32 18 76 19 55 16 21 51 42 26 33 23 61 25 68 73 6 77 20 45 38 56 2 34 35 11 28 24 70 40 54 15 60 22 62 47 71 58 29 37 39 66 50
3 52 2 19 5 64 61 33 32 77 0 35 76 9 28 39 14 73 45 34 55 44 71 66 72 29 16 41 75 79 69 13 56 18 53 63 57 68 78 24 46 26 11 70 59 4 21 67 47 36 30 7 37 22 74 50 51 38 17 20 58 27 10 65 6 54 15 62 12 31 43 49 23 40 1 8 60 48 25 42
24 20 15 44 10 52 50 35 3 75 6 46 68 28 27 8 18 36 55 74 70 13 57 58 56 72 60 69 48 42 9 2 38 16 40 54 32 22 33 34 31 12 65 61 21 11 66 73 78 25 76 19 29 1 41 26 62 63 47 45 59 79 23 7 53 14 51 49 43 0 37 5 4 64 30 71 17 67 77 39
66 33 8 24 75 70 36 53 10 18 40 79 58 54 42 38 23 9 31 43 77 4 11 50 0 65 60 2 16 17 22 39 76 20 7 5 56 63 1 12 35 6 41 29 32 14 25 67 28 55 49 72 34 68 37 61 27 52 57 78 73 74 44 47 21 19 51 3 13 26 15 30 71 59 64 69 48 62 45 46
39 65 35 36 27 77 54 41 64 37 43 49 70 12 17 60 5 55 34 9 0 8 76 10 79 13 68 24 28 4 69 26 18 15 73 61 56 44 6 16 51 14 45 23 46 7 22 1 21 53 32 67 71 75 20 63 2 25 11 40 62 48 78 29 38 33 58 59 74 72 19 3 47 52 42 66 50 57 31 30
69 19 42 2 67 56 71 6 20 58 9 32 16 72 45 41 75 79 63 77 34 3 26 68 74 57 18 64 50 0 65 55 76 36 40 14 59 35 39 29 66 73 78 49 28 30 17 4 46 37 7 54 60 22 43 47 48 33 61 62 5 13 15 53 24 21 52 10 8 44 1 25 23 51 70 31 11 27 12 38
26 0 33 30 50 32 61 72 17 74 23 79 31 58 5 11 78 62 10 13 14 64 4 56 16 48 6 27 18 57 40 37 47 67 21 70 41 65 49 54 55 36 44 68 20 28 34 2 3 66 22 29 71 60 39 19 73 24 7 12 42 69 77 35 9 8 1 51 15 53 43 75 76 63 38 45 52 46 59 25
14 18 61 65 27 11 16 23 62 22 24 70 74 17 50 19 54 63 37 68 71 33 6 75 10 3 52 59 15 53 7 39 26 72 45 2 35 36 31 43 49 8 4 32 76 30 29 58 64 20 42 69 66 1 5 60 46 47 57 51 25 48 41 56 13 78 44 55 34 40 67 21 28 12 0 9 38 79 73 77
32 36 45 76 11 17 59 73 78 44 69 50 77 58 79 13 61 55 3 64 30 49 15 67 23 12 63 9 19 54 25 57 10 27 56 22 48 20 8 26 37 4 70 14 53 18 51 1 46 5 65 74 38 62 71 28 68 60 66 35 0 72 41 7 21 31 6 34 75 47 2 52 40 16 33 39 42 43 29 24
67 37 68 41 29 58 78 4 11 21 54 55 70 2 32 76 9 38 77 33 72 26 25 65 14 19 66 1 10 0 47 44 74 31 62 69 73 64 45 75 39 5 42 18 43 40 59 13 30 46 52 36 35 63 23 50 22 7 34 28 57 79 6 53 27 51 48 71 12 16 61 24 17 60 8 3 56 15 20 49
8 39 63 77 32 27 4 29 15 48 95 8 16 19 77 9 6 63 48 40 63 34 9 34 70 23 38 28 78 55 68 23 4 75 99 5 52 9 18 37 50 60 74 84 51 35 20 82 45 9 28 80 52 95 1 81 50 57 45 23 8 71 9 71 11 41 42 1 86 53 16 91 10 36 67 81 32 20 17 52
95 51 59 13 52 30 10 4 89 48 62 49 40 95 92 41 26 11 15 15 61 44 77 64 52 38 50 76 28 78 92 13 73 40 71 24 69 50 92 2 66 93 84 48 84 2 84 44 61 15 30 85 43 33 35 30 56 17 91 67 17 5 81 64 47 2 47 58 90 28 90 32 81 30 70 81 68 25 71 85
8 100 24 88 65 98 58 97 49 60 41 81 63 18 18 62 2 66 9 30 8 38 18 54 57 73 66 93 88 25 92 36 61 41 92 8 60 9 99 15 52 21 52 21 12 62 36 32 81 52 41 30 71 9 52 89 53 3 44 25 9 18 76 30 50 13 40 91 53 20 75 96 90 92 2 19 8 66 43 14
53 11 68 89 68 17 87 61 16 22 61 79 35 80 25 6 46 78 55 8 77 25 89 80 19 41 24 45 26 98 25 85 24 16 72 7 93 17 13 53 29 34 49 3 81 89 85 92 52 3 16 35 57 22 24 6 1 8 64 24 79 58 75 6 86 97 70 79 10 79 89 46 79 21 40 74 87 57 59 9
51 39 98 90 75 41 9 45 36 74 39 29 77 25 11 58 73 14 55 77 6 95 64 54 22 47 93 65 8 25 8 49 1 75 92 72 7 70 58 90 20 42 47 84 45 14 82 72 96 58 39 94 83 67 12 94 15 46 37 45 12 66 48 65 95 35 6 63 7 82 1 15 93 10 12 50 34 37 53 23
16 9 31 55 82 95 31 62 14 16 43 83 94 33 95 51 100 56 68 78 48 83 32 25 42 27 41 84 36 67 53 89 22 21 19 100 50 1 44 26 96 26 20 33 4 69 71 19 79 9 74 19 7 54 22 85 33 48 61 33 74 88 76 84 84 25 41 61 6 43 16 59 39 97 58 70 17 91 61 94
71 89 13 48 87 73 21 13 36 93 71 73 39 4 18 52 70 7 39 87 34 1 91 48 10 98 65 16 29 15 37 48 86 76 45 84 19 89 55 33 42 18 3 2 2 50 72 55 20 44 49 22 84 11 42 82 47 25 20 52 32 44 13 86 66 86 56 76 64 14 13 50 10 1 56 62 14 45 66 67
1 62 83 25 41 49 23 53 64 77 72 92 38 47 2 71 45 43 54 100 22 51 56 74 81 25 45 46 63 22 43 98 61 25 45 13 68 72 60 30 67 13 23 29 23 84 77 30 20 20 77 48 37 55 10 2 7 79 18 4 50 14 64 4 14 8 6 64 16 10 41 37 1 77 14 58 52 30 67 34
72 25 75 43 88 65 8 11 29 20 19 51 81 98 24 7 68 20 16 8 56 48 27 76 10 72 18 99 79 25 68 85 23 50 48 98 21 60 5 93 24 43 62 57 65 67 71 17 51 50 98 47 49 59 6 78 33 79 66 4 12 18 80 5 33 26 83 8 95 62 95 38 19 27 78 39 35 81 6 77
42 51 71 8 98 36 47 61 84 74 2 87 14 25 58 75 1 34 80 7 1 62 78 72 88 66 58 40 30 67 94 52 2 66 76 43 96 25 38 35 49 3 12 94 46 72 25 41 82 57 64 80 56 64 28 56 55 100 71 11 66 33 36 11 5 74 14 64 100 57 99 17 87 38 85 98 13 63 11 12
96 17 46 30 15 99 42 82 64 71 52 75 73 38 72 53 52 62 40 97 93 46 28 76 35 72 89 100 35 59 46 21 45 79 5 46 19 23 61 98 41 45 55 75 72 36 44 66 48 48 19 52 34 63 54 36 50 72 9 66 48 18 12 5 51 79 46 12 74 44 98 49 70 22 56 19 73 71 23 14
80 75 86 75 10 80 98 59 54 94 70 25 93 9 35 12 69 11 48 24 96 55 90 24 34 54 47 51 90 28 40 64 94 27 19 47 24 91 29 73 51 31 56 32 74 1 31 74 89 12 7 34 72 68 35 32 6 37 43 46 86 50 17 92 44 94 63 28 12 7 75 15 56 31 22 9 31 54 51 9
46 89 37 14 13 22 61 41 29 16 16 12 94 99 96 78 96 38 83 75 87 41 80 19 7 41 41 69 28 42 61 58 96 52 20 57 73 68 26 75 65 26 82 67 92 10 13 3 47 32 49 88 40 55 59 13 82 96 30 33 90 41 17 20 100 13 100 59 21 49 77 26 74 12 15 13 70 75 57 85
93 88 68 35 69 9 75 47 56 74 71 56 59 55 81 2 61 82 27 98 92 22 15 23 18 15 7 20 54 2 2 51 19 1 28 24 59 27 33 16 19 41 22 72 16 32 40 19 100 40 63 81 72 32 37 27 18 62 68 12 16 70 14 71 93 35 72 54 35 20 96 31 20 5 33 59 46 96 83 51
4 32 3 44 79 90 15 18 89 12 9 12 12 46 93 83 21 76 50 72 16 78 27 80 37 32 70 58 11 83 29 16 58 2 34 80 53 81 28 10 12 77 7 30 4 54 52 94 12 97 43 100 84 2 12 61 14 26 12 75 93 20 85 68 100 28 55 40 6 24 100 88 24 34 19 79 6 64 86 41
50 42 48 83 5 20 7 33 20 44 89 26 83 81 66 26 28 71 36 79 3 90 61 38 96 11 37 13 6 88 22 100 8 37 66 64 87 71 4 49 24 4 83 62 14 47 78 52 67 9 44 94 49 93 43 64 9 2 52 6 20 16 3 32 99 58 9 43 9 98 62 44 39 95 70 70 57 45 96 37
95 39 25 14 32 59 21 84 68 72 48 81 51 27 41 49 91 96 20 33 4 67 56 84 59 10 9 22 63 70 76 69 53 81 54 95 82 53 4 25 41 40 57 76 14 36 13 18 84 63 15 35 22 25 4 76 97 5 53 27 20 36 79 36 89 47 92 84 38 75 87 67 79 5 51 48 81 48 93 26
79 94 38 3 77 16 55 100 87 8 52 13 38 40 92 56 35 30 44 47 48 69 24 40 79 15 47 25 49 90 70 98 76 84 32 42 61 35 29 53 49 22 55 7 1 93 32 39 45 62 4 25 27 10 23 59 94 77 4 82 43 78 26 9 31 63 88 46 47 50 95 100 42 22 14 62 67 4 10 85
65 17 13 58 26 70 97 93 23 33 16 5 46 52 45 66 99 20 32 80 72 68 1 56 82 39 73 81 82 87 58 55 88 43 64 57 92 83 83 37 95 78 23 42 10 67 15 78 92 14 91 2 69 57 47 46 2 24 31 98 67 39 46 90 81 41 16 6 41 54 46 44 82 11 50 35 83 84 95 72
21 31 6 64 58 3 7 65 100 62 81 37 85 93 83 1 22 62 29 28 38 69 51 54 16 24 97 31 91 54 90 56 14 3 74 59 24 44 74 22 29 71 99 87 77 27 52 85 55 85 2 1 68 94 65 44 79 16 95 36 17 63 16 95 90 60 99 83 4 95 32 84 91 54 51 62 51 61 4 65
