20 80
52 35 29 64 39 67 50 20 69 63 3 7 5 59 33 23 76 15 4 25 49 19 21 6 75 38 72 22 17 47 65 48 26 13 74 0 2 34 45 70 27 24 58 60 14 18 31 8 55 56 73 78 46 68 40 53 71 43 11 30 61 41 54 44 28 66 10 77 12 16 79 37 42 32 1 57 9 62 36 51
74 41 79 37 64 12 5 0 60 33 16 65 63 50 13 28 47 15 6 20 21 3 53 40 56 73 68 36 4 39 31 48 23 77 42 62 1 26 66 52 46 61 35 17 38 71 32 43 34 78 27 70 51 54 10 75 67 69 8 25 57 49 44 18 55 59 72 11 7 76 9 24 22 29 30 2 19 58 45 14
72 46 7 21 28 67 8 37 17 44 27 75 52 6 14 60 33 51 63 3 23 16 36 2 47 40 38 0 69 64 24 18 26 29 77 11 22 35 73 13 53 41 61 62 65 79 39 43 32 49 58 10 31 66 54 70 50 48 45 78 42 68 59 19 12 25 74 15 20 71 56 30 9 5 57 4 76 1 55 34
10 64 52 5 75 7 49 68 1 72 19 74 37 56 73 65 15 62 12 45 60 2 4 26 41 3 36 47 43 17 0 8 61 50 48 46 51 78 9 22 23 6 40 55 59 38 16 57 67 27 71 13 35 20 63 77 11 28 30 53 33 44 54 66 18 32 39 29 24 76 34 31 79 42 25 21 58 14 70 69
74 64 63 13 18 68 14 29 57 9 67 76 0 37 20 7 61 43 79 56 46 6 24 69 40 48 47 1 65 36 34 8 11 16 42 28 17 23 77 5 62 50 70 45 25 51 49 39 31 2 26 32 3 75 52 35 58 73 22 27 54 44 10 53 15 4 66 33 41 38 12 21 55 78 19 72 71 30 59 60
72 12 39 8 27 55 76 24 34 43 25 41 38 64 46 3 78 75 60 50 68 35 70 16 74 63 45 69 22 29 23 30 1 2 77 9 36 66 5 40 19 67 65 28 33 59 31 61 47 42 26 73 17 15 53 10 49 4 57 48 44 11 52 54 13 32 20 79 58 7 51 6 62 0 37 71 56 18 21 14
24 17 63 4 26 49 79 54 25 69 12 64 6 77 15 78 38 58 10 44 35 70 57 5 11 13 59 65 9 21 51 62 20 45 50 71 14 61 3 43 41 39 32 29 34 28 37 40 7 55 1 52 31 66 8 60 16 18 73 30 2 19 42 33 76 36 46 68 0 72 27 22 48 47 75 67 74 56 23 53
65 47 71 28 17 55 35 33 34 15 74 77 7 70 2 62 12 9 40 37 79 45 64 63 20 14 16 60 39 18 24 10 50 73 42 58 3 54 59 51 41 29 6 31 32 48 27 49 21 26 5 69 61 46 57 11 8 23 0 75 67 68 78 38 43 30 25 66 13 52 22 19 72 4 36 53 1 44 76 56
33 1 42 18 16 55 40 20 52 58 6 7 38 10 65 48 37 67 64 72 30 39 47 50 35 0 46 76 34 54 11 41 62 61 45 60 51 43 57 74 78 32 15 29 44 4 19 28 56 5 66 17 13 69 26 9 79 24 63 2 25 68 77 31 53 8 14 59 23 3 21 12 71 70 73 49 27 36 75 22
1 3 8 10 6 19 35 62 64 22 31 56 16 28 41 36 79 32 54 21 38 68 49 34 46 78 30 23 5 44 63 26 40 33 72 25 37 66 65 76 59 24 69 11 14 2 48 20 51 39 4 45 12 50 61 13 74 53 29 60 47 18 9 73 43 0 7 42 17 77 71 67 55 58 75 57 15 27 52 70
78 12 34 22 79 44 73 24 57 11 13 70 40 21 49 50 14 66 76 75 3 9 6 16 60 2 52 38 20 39 7 1 35 61 72 31 65 4 48 8 41 26 45 36 77 19 28 30 67 46 54 64 33 32 53 59 56 10 37 5 43 74 63 69 42 68 29 47 18 27 58 23 55 51 0 15 25 62 71 17
54 78 38 21 5 25 28 42 3 43 31 33 79 24 58 13 27 71 12 68 7 46 8 61 65 22 75 55 18 57 76 14 4 69 32 34 6 62 56 60 44 17 64 19 77 0 2 50 39 67 16 10 30 74 47 49 52 26 45 1 53 73 29 63 72 9 23 15 41 66 70 35 59 37 51 20 11 48 36 40
49 35 19 22 0 21 11 39 43 74 50 37 6 24 44 9 68 2 14 7 47 40 29 25 75 16 18 10 57 8 66 67 70 55 36 42 12 62 77 46 41 64 51 61 1 76 20 58 53 52 48 30 73 17 72 78 32 71 34 59 69 5 79 3 65 33 27 13 38 28 15 4 54 56 31 23 26 63 45 60
1 8 58 67 72 65 6 17 10 52 51 57 70 19 36 16 0 56 60 59 14 43 42 5 73 39 40 50 18 71 2 27 13 31 76 46 7 78 45 49 32 22 64 41 20 21 37 23 77 54 47 66 26 48 24 69 79 68 38 34 63 44 61 29 75 35 55 62 28 9 15 4 3 30 74 53 25 12 11 33
59 65 57 55 36 62 5 56 33 13 53 66 17 54 42 44 4 24 73 74 3 34 26 79 70 28 30 47 48 15 61 16 21 0 71 51 25 41 9 31 8 32 6 19 18 60 2 58 40 63 29 14 69 67 27 37 38 12 35 72 68 78 1 39 46 10 22 11 75 76 77 50 7 20 23 45 64 43 49 52
36 60 41 15 27 37 48 35 24 0 65 46 67 23 28 25 78 45 77 47 55 4 5 50 34 44 13 2 57 68 52 43 54 40 39 75 11 74 49 9 22 71 3 20 79 6 17 18 56 76 51 64 1 7 33 63 62 19 69 29 59 70 16 72 38 61 26 42 8 66 32 14 21 73 10 30 31 58 12 53
18 41 38 11 4 13 10 76 21 77 64 34 5 24 35 12 36 17 37 16 51 56 62 29 75 9 53 67 50 8 63 20 49 33 78 45 44 71 43 19 57 54 79 27 0 1 30 23 74 32 42 58 14 70 48 65 73 22 72 31 68 2 61 15 46 66 3 6 69 28 7 26 60 39 59 25 52 47 55 40
72 50 18 6 41 77 21 58 39 38 36 31 25 66 4 40 55 64 1 16 12 79 74 27 35 44 60 2 29 10 15 37 51 32 43 33 69 26 23 5 49 59 8 34 7 11 75 3 61 65 22 0 48 52 62 45 54 14 70 20 68 78 57 24 17 63 13 73 56 9 30 28 67 53 42 47 46 19 76 71
11 72 78 23 48 51 56 13 22 64 25 52 34 44 31 67 49 79 4 58 75 70 60 19 6 57 42 29 77 37 12 50 76 28 1 63 26 10 65 32 5 33 68 73 43 41 38 69 30 61 17 39 9 54 14 2 24 27 45 47 35 15 18 62 46 36 71 21 7 20 59 8 53 55 16 3 0 66 74 40
79 24 66 33 77 38 23 42 76 46 15 6 40 63 64 26 59 52 11 20 45 12 65 62 27 37 69 70 56 54 7 71 5 1 19 60 68 58 32 57 72 44 29 75 0 10 28 34 21 55 31 17 13 16 30 41 53 36 14 18 2 22 25 43 3 51 35 4 47 49 8 9 48 67 39 73 61 74 50 78
45 30 7 1 8 25 81 93 76 79 84 2 10 80 88 67 88 64 49 58 36 28 60 42 39 97 96 68 59 36 85 38 90 67 99 57 77 14 71 65 55 76 43 60 73 53 60 36 44 8 78 10 25 95 45 46 23 10 56 20 70 97 12 37 58 48 67 7 29 46 46 98 44 38 11 28 60 38 30 25
44 80 25 44 94 70 60 66 61 11 79 51 12 75 93 49 14 46 88 92 28 53 70 3 91 4 28 47 38 89 23 77 98 31 43 52 56 84 5 4 52 92 85 47 56 55 98 56 12 70 95 77 8 89 43 59 59 34 14 38 18 11 61 3 64 53 62 18 11 82 15 68 27 19 21 91 29 67 86 90
62 96 18 8 39 54 73 1 62 82 56 28 35 21 16 24 9 15 78 30 19 56 82 6 100 96 36 37 39 2 28 11 41 48 11 95 22 49 41 53 32 87 85 72 8 95 67 68 97 44 75 10 14 45 2 93 8 83 40 33 84 96 21 25 27 19 76 93 3 34 53 63 52 57 86 48 38 83 1 97
99 52 10 35 19 80 52 24 46 35 20 82 3 78 65 98 4 36 20 32 56 18 6 86 97 55 85 47 84 100 54 39 38 62 26 79 69 61 24 88 38 27 20 38 92 29 80 23 1 76 20 2 24 64 75 8 92 12 42 23 38 88 83 18 77 66 11 10 14 92 56 14 11 10 31 75 73 22 38 64
50 48 42 98 16 91 18 47 47 74 48 58 75 60 33 33 34 29 87 96 5 43 100 18 4 59 77 82 72 57 2 48 43 7 76 51 97 50 33 78 95 3 92 68 37 86 85 52 44 20 88 75 83 89 97 38 81 8 41 20 97 85 5 36 69 78 51 90 18 94 80 8 46 57 62 73 31 47 39 61
84 22 60 45 26 90 57 47 92 6 50 23 40 21 36 65 20 56 45 42 39 87 72 12 2 38 46 62 13 32 31 80 35 50 96 71 67 49 21 82 10 31 25 92 93 95 97 73 53 85 92 52 19 91 15 18 20 82 90 32 91 32 29 48 86 15 14 32 14 49 14 59 55 47 18 8 98 95 40 83
63 68 79 86 75 8 32 96 15 66 12 46 50 74 92 81 53 70 35 27 2 100 89 73 41 27 47 71 92 48 49 12 91 30 35 92 90 70 28 70 42 79 99 75 16 98 24 49 32 98 98 10 82 44 34 55 62 89 1 78 18 76 73 75 70 37 33 96 69 96 51 44 55 26 23 28 69 78 77 2
53 49 10 21 14 53 97 52 41 13 36 66 26 25 80 82 8 22 89 38 13 81 39 94 84 22 10 16 7 79 18 90 4 82 33 79 89 90 81 53 42 65 58 70 95 32 36 49 55 41 1 30 33 40 100 80 24 67 15 75 64 13 74 1 20 39 77 79 70 91 69 36 88 87 99 85 69 63 27 47
70 67 74 97 50 73 42 68 45 89 71 89 90 44 34 32 92 58 84 61 35 43 22 9 60 55 78 2 35 37 84 39 100 50 22 83 14 11 13 6 25 91 5 4 45 24 10 75 100 95 60 27 76 52 17 5 97 35 49 97 60 78 40 66 49 94 21 4 39 37 84 27 36 86 22 54 68 12 82 72
58 35 89 20 33 64 90 27 4 36 66 57 57 52 35 78 88 57 73 24 6 6 71 28 50 29 68 93 90 41 86 56 26 10 68 11 97 49 56 13 21 56 34 93 52 69 68 18 9 64 46 76 5 65 100 45 45 49 75 84 83 69 28 42 64 24 85 56 71 42 81 1 10 12 82 10 88 90 23 17
44 85 70 2 46 89 3 47 60 79 20 57 11 54 42 41 12 5 41 31 59 48 66 16 26 56 7 74 48 96 35 18 82 17 34 54 16 40 54 12 28 35 6 26 43 7 22 8 59 66 15 5 34 74 68 20 73 51 24 16 58 6 38 16 95 52 89 19 68 55 39 72 53 84 41 64 78 32 70 80
22 3 26 69 4 89 57 4 33 84 36 36 32 31 22 35 9 22 5 4 73 73 2 19 34 93 14 66 12 65 87 81 50 41 34 40 66 82 36 91 47 16 65 14 17 92 26 30 19 93 34 91 54 96 56 34 32 96 21 13 45 63 12 96 77 79 63 38 51 88 56 89 98 67 80 23 99 11 25 47
66 12 100 9 95 93 31 94 80 14 2 5 47 31 48 93 79 76 63 93 90 59 77 21 40 69 77 46 45 35 63 19 69 26 34 46 79 42 43 95 65 96 26 38 59 23 57 71 98 17 68 37 87 61 78 4 14 75 37 26 83 64 70 100 91 29 6 41 66 22 78 27 63 5 34 92 89 7 99 12
91 58 36 70 48 76 18 76 76 37 17 86 17 58 40 53 91 13 41 23 42 83 45 80 73 96 58 53 16 5 73 17 7 38 56 26 85 71 13 11 52 87 62 5 2 40 75 12 14 29 33 36 7 46 15 27 39 79 81 20 42 5 87 48 46 21 54 89 89 31 4 52 32 20 93 91 90 13 91 29
76 100 4 84 71 54 85 44 8 49 12 43 70 18 72 59 58 98 46 98 63 26 16 35 46 31 77 21 25 15 25 63 79 77 78 37 100 59 78 44 85 88 52 80 74 50 22 74 54 63 44 95 52 17 37 82 1 98 17 30 96 79 56 61 62 79 10 25 41 13 60 16 1 83 57 4 70 55 59 27
85 17 15 85 21 24 77 15 97 19 31 36 89 7 61 13 66 24 88 50 97 28 33 10 35 72 77 40 37 4 28 16 67 4 54 43 17 84 21 96 83 71 82 69 65 62 57 68 1 79 6 23 60 78 86 45 62 72 63 39 19 86 89 9 16 43 81 74 34 50 22 77 29 99 67 2 96 77 26 60
73 14 42 65 32 16 71 21 17 53 62 58 88 74 48 71 95 2 62 15 17 8 69 48 18 98 41 66 32 13 25 66 45 34 95 64 73 32 80 54 24 85 92 71 6 52 55 52 30 6 52 48 73 40 99 42 55 73 84 83 68 49 52 71 69 51 54 18 27 21 26 8 46 12 92 68 71 13 86 62
13 88 16 24 36 56 14 4 57 66 80 61 5 39 75 68 47 64 37 79 89 55 35 48 70 75 6 70 83 70 61 9 76 92 92 89 22 99 84 32 34 7 81 59 2 6 40 92 88 97 35 55 28 33 47 11 82 64 3 16 35 15 44 44 94 31 68 77 10 85 53 61 91 41 66 9 94 6 1 19
87 52 23 100 65 19 5 65 5 67 93 26 70 8 76 22 80 61 93 8 68 26 43 43 6 97 94 45 80 24 86 6 45 94 53 99 40 71 79 61 75 61 78 76 73 26 31 80 22 82 17 88 88 25 81 68 85 73 48 26 70 25 70 54 64 53 24 31 14 94 87 15 58 36 18 47 39 99 30 65
95 93 29 18 15 16 79 37 12 63 8 43 33 75 95 60 60 7 53 73 83 46 32 62 61 74 11 18 6 63 38 80 37 38 52 95 56 84 77 61 30 73 70 34 6 30 73 2 11 99 14 6 2 65 77 65 30 10 34 31 54 58 34 37 45 58 90 1 36 99 59 10 96 8 12 86 52 47 27 70
