20 80
46 36 21 74 4 61 20 45 75 22 50 65 52 14 3 48 31 17 49 11 54 12 34 16 33 66 15 41 24 58 39 30 67 62 10 63 35 78 5 9 1 72 60 40 70 73 6 79 8 38 23 76 0 13 19 57 44 32 51 64 27 77 26 47 43 71 42 53 7 2 69 59 25 55 18 37 29 28 56 68
14 22 15 71 6 55 53 61 66 79 64 23 24 16 3 44 41 59 51 58 67 63 48 54 45 42 37 26 1 50 72 12 47 7 56 62 43 18 60 49 29 32 68 30 76 35 13 34 2 78 39 20 9 40 25 73 21 36 52 69 70 19 33 28 75 10 57 5 4 65 38 74 17 46 11 77 31 8 27 0
70 62 51 38 43 75 17 30 7 50 56 29 19 24 76 59 68 1 4 67 77 28 31 48 57 53 66 8 0 58 74 23 18 10 26 25 2 45 65 27 63 34 36 15 41 54 46 60 69 73 37 55 16 61 64 5 47 11 78 32 35 71 79 40 44 49 6 72 33 21 39 20 22 14 13 12 42 9 52 3
42 17 46 64 14 72 20 6 27 21 45 11 66 41 22 53 47 39 35 61 19 58 4 5 0 23 16 63 25 76 54 18 36 34 77 74 30 51 49 48 55 9 1 7 31 68 40 38 32 3 24 78 50 8 33 65 56 57 10 70 43 62 28 26 12 59 79 13 67 37 15 2 73 60 29 71 75 52 44 69
43 26 41 9 24 1 23 34 74 58 46 22 29 42 30 3 47 15 17 18 75 2 65 11 60 25 63 72 44 4 62 56 59 16 45 38 21 71 13 57 54 53 69 77 49 73 6 12 27 8 50 37 35 33 39 32 67 48 70 14 10 76 55 20 5 68 66 78 61 28 64 79 36 51 0 40 31 7 19 52
66 6 51 21 3 37 27 28 29 62 60 73 50 26 57 79 11 53 15 9 38 44 19 8 45 24 18 74 20 35 48 17 46 13 78 64 56 1 49 63 43 2 33 12 36 72 76 10 55 61 7 47 52 30 68 4 32 14 59 25 22 77 5 0 71 42 69 16 75 70 34 58 67 54 23 31 39 41 65 40
77 51 34 58 2 47 38 52 62 14 15 50 28 49 65 32 5 63 48 19 76 27 68 25 73 20 18 37 67 0 43 59 33 56 13 64 4 10 6 7 29 79 21 11 39 72 69 36 22 9 31 55 17 42 3 53 12 23 66 16 24 78 70 57 75 35 60 44 26 8 1 46 40 71 45 30 54 41 74 61
48 46 30 60 51 31 63 71 69 62 59 57 36 26 8 54 74 64 6 55 15 40 5 70 13 44 75 56 3 28 61 12 53 34 66 76 65 37 78 77 9 29 25 1 58 38 68 0 16 7 72 21 19 11 2 67 27 23 52 10 4 22 35 41 47 49 79 24 33 73 14 17 20 43 50 32 45 39 18 42
10 17 41 42 58 26 21 9 46 11 29 1 25 6 35 57 56 55 61 44 39 16 65 33 7 43 2 79 51 5 30 18 63 54 34 73 60 68 8 49 20 45 12 0 3 78 76 59 32 75 24 22 37 28 64 77 47 69 74 14 72 13 70 27 38 71 50 67 15 36 52 40 19 4 62 31 66 53 23 48
21 33 23 35 25 14 22 44 79 50 47 70 0 63 56 77 71 20 75 8 28 42 13 67 49 52 37 72 68 40 32 34 30 46 11 16 3 2 43 61 26 57 59 76 74 78 5 6 10 18 9 29 39 19 64 45 7 38 65 73 41 15 31 36 1 60 4 58 12 51 55 27 69 24 48 62 66 54 17 53
38 68 41 20 36 62 16 71 56 46 44 74 9 7 39 32 30 27 28 61 70 78 48 19 42 24 59 11 53 8 72 10 2 54 69 64 57 49 22 37 18 51 43 0 67 25 77 33 34 60 75 21 14 66 55 4 12 52 65 58 31 35 47 6 73 13 17 45 3 1 15 26 79 63 5 29 76 40 50 23
47 67 53 41 25 76 21 73 7 4 8 13 18 62 28 15 5 22 42 2 36 37 78 75 59 14 50 44 70 20 68 72 49 56 19 16 52 12 23 33 63 45 79 61 55 39 29 71 40 32 46 77 69 30 3 60 26 6 58 10 34 43 31 24 65 38 48 66 54 57 27 35 9 1 74 11 17 64 51 0
56 68 35 58 8 31 67 13 28 32 79 40 64 7 42 30 2 61 36 45 50 63 41 26 44 3 22 37 77 57 11 19 75 52 66 17 71 54 18 73 15 69 27 78 46 39 0 60 24 20 34 53 65 55 47 12 33 9 16 29 70 23 4 14 10 74 5 49 48 62 51 6 1 43 21 72 76 38 59 25
17 76 68 71 50 37 19 16 56 10 28 36 74 8 57 39 6 58 72 33 48 42 79 24 9 25 63 52 47 78 49 2 40 43 51 75 77 66 44 70 35 59 14 30 38 29 4 0 73 12 31 23 41 27 64 34 62 21 22 32 67 15 18 20 55 60 61 69 45 53 65 5 26 13 11 3 1 54 46 7
50 79 76 70 32 66 46 41 69 28 22 4 54 60 42 5 27 75 10 65 71 24 59 56 26 62 68 73 39 40 29 2 3 64 12 61 17 49 0 18 53 20 57 74 15 45 58 48 43 35 8 37 31 55 1 6 7 78 52 47 30 19 14 21 16 72 36 33 34 13 9 51 44 63 25 77 38 23 11 67
51 79 13 45 26 17 10 37 31 2 60 19 65 70 8 67 30 44 40 0 28 69 57 54 59 18 7 15 38 39 5 12 27 58 9 53 64 63 78 20 52 74 50 6 75 48 33 42 24 35 4 23 46 61 72 56 34 76 55 21 73 3 49 47 41 43 25 11 71 62 68 77 1 22 32 14 36 29 16 66
70 72 44 54 69 4 64 73 5 66 74 14 78 7 27 79 63 75 47 39 12 2 10 53 40 61 6 23 29 16 76 57 28 1 55 41 43 52 58 11 25 42 77 35 60 17 9 0 24 38 49 45 33 51 56 50 48 65 68 8 26 31 62 21 59 37 30 71 46 15 13 22 67 20 18 32 36 19 34 3
54 72 23 25 35 24 29 12 39 4 52 65 3 14 68 70 16 42 57 61 30 18 73 64 66 47 15 53 75 36 19 33 79 77 49 0 58 20 60 40 17 2 46 34 71 37 69 1 55 8 11 9 22 5 76 6 41 7 27 48 13 26 62 56 78 28 74 44 45 63 59 67 31 50 43 10 21 51 32 38
34 69 16 22 54 24 39 8 44 10 38 67 74 45 51 23 50 56 75 76 40 13 37 3 17 77 25 48 21 63 61 71 66 12 47 32 36 60 11 78 43 26 79 6 70 20 5 58 14 9 0 18 2 72 65 59 19 15 31 33 46 68 35 73 52 64 57 41 4 1 62 55 29 27 7 30 53 28 42 49
56 38 61 30 50 26 51 49 65 72 73 18 55 5 76 29 14 41 10 11 40 78 59 46 69 42 53 28 9 23 77 15 21 7 62 2 52 43 6 33 71 0 66 60 64 48 35 3 12 47 19 34 45 39 70 74 67 75 20 63 37 1 16 31 13 68 44 8 17 54 4 25 32 57 27 58 36 24 79 22
96 93 91 45 36 21 45 39 3 75 10 47 35 40 72 17 81 97 11 66 73 8 85 95 30 63 27 51 3 17 12 95 44 72 62 59 69 94 92 42 54 91 71 42 70 70 60 75 36 26 51 25 85 74 73 15 87 75 69 85 38 71 3 90 91 27 52 15 3 66 33 86 68 65 23 5 27 66 25 10
27 10 55 12 94 57 54 23 16 89 68 36 33 40 93 69 50 59 32 84 62 3 8 52 80 40 15 18 76 55 84 8 42 20 71 84 19 22 68 1 12 79 17 87 51 100 43 27 6 40 55 68 67 72 70 44 86 48 37 34 72 16 52 67 29 34 3 71 44 95 2 5 12 31 10 21 86 22 35 95
70 86 1 62 80 62 35 23 94 53 100 92 69 29 33 52 56 52 67 17 75 4 90 85 85 37 38 36 54 44 25 36 65 87 2 95 93 79 31 43 15 80 94 54 89 6 27 33 93 97 6 37 26 49 68 6 55 59 60 43 15 38 10 94 3 45 32 37 9 41 91 25 62 96 87 63 35 32 54 28
9 34 52 24 8 19 92 22 87 82 60 48 40 25 90 82 54 25 22 76 46 43 65 29 38 59 24 67 66 94 74 71 28 91 24 35 96 25 24 99 52 6 38 70 4 15 51 14 53 71 81 74 20 27 45 77 36 11 88 34 93 33 6 45 11 23 48 33 69 27 19 13 61 85 43 59 54 9 92 39
71 80 82 14 85 45 89 34 73 100 48 68 26 41 57 77 40 50 88 31 22 41 10 52 30 52 94 33 23 39 12 99 26 1 78 82 39 27 84 74 31 22 97 100 2 26 89 16 34 73 56 77 52 46 7 2 55 37 10 50 10 89 9 65 50 9 14 12 79 20 45 81 21 57 50 92 70 62 7 49
44 58 93 24 60 46 74 10 1 7 47 69 66 20 67 66 75 75 63 99 12 22 32 22 61 87 99 7 66 23 15 38 11 14 82 12 100 6 8 76 5 16 60 58 73 34 3 66 100 88 73 62 61 95 23 21 65 21 12 89 70 60 76 14 28 47 43 32 4 20 59 35 81 24 8 98 95 8 68 28
72 98 55 56 51 7 11 52 7 56 25 65 9 84 75 37 64 1 41 31 13 60 57 46 14 12 23 29 27 33 36 53 57 57 69 51 10 30 20 40 18 41 66 92 98 31 6 32 87 44 26 63 17 36 58 89 13 95 9 67 47 16 96 13 91 12 59 37 91 31 7 98 19 43 31 6 71 12 37 59
21 19 81 86 12 77 45 45 54 79 63 40 58 93 61 55 90 77 10 29 34 39 49 41 10 9 83 68 2 60 48 92 83 94 64 27 99 57 28 79 24 40 19 100 99 15 50 56 22 91 26 6 18 96 95 43 43 72 94 26 90 74 17 55 16 88 71 75 20 41 22 90 97 21 4 97 1 32 45 65
44 100 76 96 10 96 29 9 39 7 93 62 42 87 20 2 13 68 45 42 61 1 55 29 32 31 18 8 24 2 44 47 1 92 68 100 95 88 90 51 94 54 42 14 3 14 82 7 56 32 58 83 96 70 56 1 75 87 47 63 60 32 22 3 69 22 9 77 27 11 69 77 81 82 92 63 98 21 46 65
64 3 31 18 35 22 79 55 34 84 57 87 89 92 39 19 90 4 26 87 31 38 34 63 8 80 8 60 89 5 39 17 49 16 53 1 31 78 21 59 28 28 61 24 75 72 76 55 95 31 77 63 15 27 21 34 33 57 12 43 10 1 38 81 74 30 99 39 54 71 46 8 46 80 82 37 53 32 99 93
71 38 2 27 10 52 24 58 94 4 3 70 38 65 39 38 73 92 7 87 76 12 38 5 83 20 14 26 23 17 82 14 99 38 51 8 54 95 82 25 85 90 4 14 14 83 51 94 99 29 93 17 99 37 58 78 9 72 82 17 1 70 76 65 68 23 37 7 18 21 46 55 35 77 3 55 49 26 40 86
20 88 10 52 69 48 12 74 31 38 55 7 95 57 64 80 75 40 20 58 33 10 96 62 7 10 97 93 55 74 54 98 8 2 81 97 77 39 60 68 55 43 9 92 43 30 52 86 37 11 98 52 22 95 2 95 32 52 25 33 5 84 54 39 85 81 79 10 23 64 47 76 6 7 56 74 87 16 29 96
81 96 64 21 24 37 59 71 47 3 20 45 31 93 31 51 10 90 99 42 18 7 64 21 88 18 54 36 71 44 85 55 20 48 46 30 44 41 9 15 34 82 69 10 26 34 60 91 63 82 83 36 85 25 57 84 92 26 6 35 84 49 70 84 68 75 55 37 47 100 21 74 66 59 100 58 11 41 53 13
90 47 45 1 64 78 47 36 16 1 91 41 43 24 87 21 83 92 93 57 50 33 13 4 54 50 2 47 58 92 49 34 27 2 22 57 87 47 30 43 37 11 69 39 62 42 91 4 31 49 53 30 91 88 97 81 3 29 21 55 32 17 61 95 89 96 39 40 30 18 75 26 72 26 69 63 24 39 98 1
12 21 40 83 90 98 15 4 64 2 65 37 84 57 37 61 57 29 54 5 33 74 96 46 10 45 81 56 57 10 77 46 18 63 42 79 5 95 12 55 81 19 99 3 97 56 88 44 82 24 27 56 61 11 89 32 70 68 15 41 9 99 36 87 10 22 66 6 1 12 16 39 13 12 27 95 46 54 89 50
94 28 68 58 66 15 47 3 90 6 54 55 34 9 61 14 4 73 12 98 84 77 95 53 25 40 94 97 18 71 94 51 94 36 80 74 83 3 32 19 8 95 80 36 40 43 66 1 41 87 39 54 27 37 88 69 60 28 98 49 56 40 47 15 23 63 73 79 84 90 18 58 8 68 48 14 59 42 49 2
72 59 70 84 57 40 54 62 35 60 21 70 70 81 100 100 98 94 22 6 61 72 72 51 19 19 17 42 51 96 69 60 85 91 90 26 45 45 18 47 87 89 5 35 13 19 95 72 24 56 43 59 97 57 63 36 61 2 33 72 48 10 4 88 31 8 47 28 93 89 41 79 24 56 24 50 63 50 30 12
10 72 18 29 36 46 2 94 13 92 96 32 67 38 22 50 59 96 88 86 18 13 5 94 26 95 77 25 2 60 48 75 62 34 68 85 77 27 42 81 84 22 30 26 27 46 20 41 19 25 2 59 46 62 48 66 18 2 44 27 39 17 40 70 1 91 43 47 13 44 25 3 69 53 57 100 53 80 43 72
2 77 66 26 66 45 3 64 82 100 12 62 9 93 24 93 45 74 48 93 78 46 35 65 6 2 1 5 89 83 97 95 84 100 12 19 27 20 8 70 7 1 99 41 31 23 42 11 59 79 91 78 50 43 14 55 84 40 65 46 97 96 36 44 23 56 14 38 83 7 84 62 96 30 90 6 65 69 56 62
41 87 48 46 25 68 30 75 38 52 92 78 17 53 100 26 22 53 85 2 89 94 94 6 31 34 7 53 71 31 54 51 8 54 10 77 15 42 17 26 60 60 45 33 59 31 91 54 92 1 53 97 35 62 88 20 11 63 86 2 18 61 38 95 97 67 96 6 36 21 87 25 8 84 72 72 76 64 22 65
