20 80
26 44 7 75 54 64 31 4 21 17 13 24 77 19 28 29 23 36 53 47 43 1 25 57 76 48 8 33 69 2 38 46 15 71 56 67 12 73 34 20 50 14 39 65 11 62 40 16 35 58 79 45 66 63 78 51 27 5 3 49 61 59 22 6 10 68 32 60 0 74 55 72 30 70 9 41 18 42 37 52
21 10 52 49 22 18 68 28 71 79 31 70 41 2 16 37 60 38 54 4 44 64 57 45 1 19 61 43 14 17 15 76 58 23 72 56 47 20 65 78 26 8 67 33 9 40 36 30 7 74 35 25 59 27 50 69 32 46 55 75 3 42 6 39 73 63 5 34 24 13 0 62 12 51 66 48 77 53 29 11
63 34 6 18 76 69 68 27 50 71 64 46 16 31 17 41 58 21 5 51 8 32 60 48 35 37 39 33 53 30 54 62 66 4 25 3 14 70 47 43 29 38 79 52 28 22 10 72 20 19 45 42 77 1 55 67 73 2 13 78 65 24 61 0 7 12 36 57 49 9 23 11 75 40 26 44 56 15 74 59
42 59 36 52 71 34 28 78 60 7 54 45 75 69 6 1 53 74 0 39 35 66 73 55 8 16 68 25 40 4 44 2 70 21 14 3 27 23 63 22 77 5 67 20 37 17 38 48 41 65 51 58 30 57 33 64 62 24 50 43 11 12 72 10 46 26 19 76 13 61 15 9 29 79 49 31 47 56 18 32
57 51 79 52 61 38 64 23 9 44 35 29 10 77 5 59 46 55 58 8 50 2 48 40 65 13 7 19 73 67 36 37 31 62 41 69 27 16 32 49 78 54 56 30 76 21 71 22 75 42 45 43 74 11 17 66 24 33 68 6 47 34 14 60 72 4 1 26 12 25 0 53 20 15 28 39 63 3 70 18
9 2 74 53 38 71 8 50 79 15 30 11 25 16 22 27 4 40 5 51 59 36 35 78 24 20 77 13 75 56 29 54 52 37 41 63 44 31 60 7 0 72 39 12 32 58 68 69 73 76 46 17 49 23 6 62 70 18 14 10 43 28 3 47 33 1 42 66 67 55 19 61 34 64 21 57 26 48 65 45
65 19 66 54 46 70 11 30 39 13 18 26 63 9 41 60 20 78 68 2 45 6 1 43 71 61 49 37 3 67 22 48 14 8 50 73 34 25 29 55 56 23 51 5 62 47 69 53 28 52 17 64 4 38 12 79 72 21 58 0 32 77 10 44 74 33 15 7 59 27 36 35 75 76 16 57 42 31 24 40
34 50 10 1 55 32 52 58 11 22 9 78 6 27 4 13 48 61 5 62 8 0 69 36 74 65 29 35 67 39 37 54 70 68 26 57 40 12 30 31 33 53 25 47 42 72 66 18 71 51 3 38 20 77 59 63 49 44 17 76 28 56 24 21 2 15 45 43 19 23 41 60 7 79 73 64 75 16 46 14
39 16 78 32 54 34 52 2 75 47 14 70 48 69 28 71 36 3 17 40 41 53 43 37 49 77 22 23 15 58 61 24 6 35 10 21 31 74 19 65 66 63 56 9 59 18 11 76 8 1 38 30 44 27 46 45 51 57 5 60 50 12 64 73 20 26 42 29 33 0 67 68 62 79 55 13 4 25 72 7
73 53 41 17 35 15 74 49 72 31 18 2 57 67 71 45 69 36 68 51 30 19 78 6 46 43 0 37 28 4 23 39 14 40 52 59 10 54 75 16 66 5 12 79 3 56 48 25 7 44 60 77 63 58 20 55 22 76 11 32 42 70 21 27 29 26 8 33 34 13 47 1 64 24 50 9 65 62 61 38
2 34 25 17 63 78 72 5 32 21 7 65 1 53 56 26 35 45 77 31 38 15 42 16 59 22 40 20 67 23 66 14 74 29 57 58 49 19 62 39 6 18 12 9 46 44 0 55 61 48 37 69 76 13 3 10 24 8 71 11 27 51 60 30 28 52 47 73 70 41 68 64 33 50 75 79 54 43 4 36
11 59 49 50 23 62 28 60 26 14 2 27 6 70 44 36 12 63 30 9 22 61 68 78 25 15 8 7 39 0 13 53 33 10 76 29 40 52 20 67 65 1 45 31 42 46 55 4 37 74 64 3 47 57 66 34 72 71 18 48 21 41 17 73 77 38 35 24 54 51 58 19 75 56 69 16 43 79 32 5
11 38 44 69 63 56 60 34 49 39 40 78 6 24 21 68 79 62 13 52 45 72 2 54 20 26 23 29 74 58 17 28 77 50 15 14 66 31 25 70 4 33 16 47 30 67 76 73 3 0 18 12 7 59 27 57 43 5 65 36 61 42 53 22 55 35 37 75 8 10 9 41 71 32 51 48 19 46 1 64
40 38 28 1 66 29 27 0 34 61 78 20 11 44 26 62 69 53 42 63 5 45 54 14 22 46 17 74 35 79 39 10 25 33 58 56 65 4 7 6 2 31 52 60 48 70 72 57 23 47 9 32 43 8 51 68 36 50 49 71 55 18 19 41 64 21 15 37 13 16 67 73 75 12 76 30 77 3 59 24
60 2 25 15 10 27 50 77 4 28 37 5 31 32 67 33 21 63 30 51 39 18 42 22 16 40 1 65 7 14 70 48 62 61 3 8 24 9 75 66 57 71 54 72 55 12 46 45 0 29 47 34 11 35 6 79 76 58 41 44 56 59 52 68 13 36 26 49 20 69 19 64 17 53 23 74 73 38 78 43
18 65 73 47 30 53 75 59 32 4 62 64 77 49 70 61 3 15 55 7 1 41 5 63 14 27 12 50 23 17 54 8 29 51 72 28 71 69 34 40 0 13 67 2 38 31 35 68 33 36 58 79 24 10 78 48 60 11 52 20 76 44 37 57 45 43 9 21 16 25 42 22 66 26 39 74 6 46 19 56
51 60 64 62 28 18 23 53 27 20 22 24 55 58 46 78 3 59 25 45 40 37 6 11 43 39 61 74 70 26 21 31 34 79 5 47 2 0 68 73 69 36 71 57 49 30 13 65 8 44 1 42 12 66 4 33 67 29 72 77 35 63 52 19 10 56 17 32 76 15 9 41 48 75 14 50 7 54 38 16
59 74 13 34 12 61 17 19 33 79 0 14 72 65 76 32 44 2 20 67 18 35 43 9 21 52 24 69 75 36 5 38 4 68 60 28 3 7 31 37 78 51 22 47 26 8 63 54 23 15 46 57 73 42 25 55 70 16 29 49 64 50 48 77 30 10 56 53 27 45 62 58 41 66 71 11 40 39 6 1
1 24 19 77 21 63 74 76 42 44 61 31 38 6 69 48 51 70 0 5 10 33 37 66 40 50 62 78 60 32 27 73 25 29 4 64 34 30 20 28 46 14 11 43 67 13 15 71 52 9 57 56 8 79 35 65 12 26 55 22 39 7 23 41 75 53 68 18 17 2 3 59 72 47 54 16 58 49 36 45
11 54 42 16 58 25 48 14 76 67 43 71 9 33 55 39 8 19 41 30 75 63 27 79 26 69 52 12 36 29 32 77 1 46 20 61 38 47 21 3 37 72 22 62 44 66 23 60 5 56 24 0 2 64 74 4 7 57 31 34 78 70 35 53 49 73 17 13 6 51 50 65 28 68 10 45 15 59 18 40
68 27 21 93 83 64 1 58 30 23 67 21 31 18 5 13 85 31 68 75 79 70 81 51 32 27 41 2 60 14 6 62 63 62 16 70 74 50 3 11 73 26 65 9 23 7 52 8 67 34 45 4 57 40 92 32 50 79 90 43 39 1 3 51 48 2 14 19 57 27 22 25 70 78 12 27 74 15 27 26
53 97 14 63 52 50 28 44 57 60 73 46 73 49 2 86 92 41 88 48 68 72 65 98 62 75 73 12 37 78 92 97 46 8 96 88 62 35 35 52 94 80 8 19 53 62 86 10 34 72 54 21 45 28 69 82 22 5 89 2 42 15 75 92 70 86 65 57 95 84 98 62 92 45 100 94 71 33 55 52
3 88 53 63 58 100 30 3 70 13 86 24 18 17 39 21 82 74 14 9 33 33 13 70 18 55 55 30 93 87 49 52 40 99 49 61 14 30 62 98 35 37 60 65 63 41 61 86 65 87 84 5 20 36 14 59 28 74 19 90 22 38 78 18 76 37 64 62 87 10 76 69 54 55 60 33 55 63 78 19
68 56 61 24 29 8 57 72 66 16 48 99 100 72 92 79 22 86 14 20 11 39 36 76 7 4 10 28 11 86 2 41 97 52 34 86 95 38 28 76 78 77 19 38 42 19 23 77 36 74 55 91 89 50 46 79 75 83 46 91 96 25 73 92 65 56 70 37 82 3 28 39 34 100 77 91 4 80 65 51
45 60 20 73 93 14 100 92 71 1 92 25 10 37 1 35 15 65 68 13 52 88 99 55 15 90 90 17 66 35 100 51 80 16 67 73 97 39 2 59 91 98 29 11 15 93 96 53 96 32 45 83 15 84 16 21 36 50 99 96 86 73 80 28 54 69 10 16 13 37 25 99 17 97 73 16 45 23 22 8
43 90 45 44 63 57 80 56 19 87 39 52 30 23 48 6 35 21 30 14 44 22 12 41 41 32 9 99 12 77 5 4 56 38 89 9 43 88 19 16 42 86 87 99 84 76 73 12 5 77 2 43 16 94 91 87 55 92 51 33 27 91 84 79 55 45 74 27 35 54 62 24 32 31 88 77 15 17 45 34
29 70 26 82 62 15 3 11 41 68 27 87 72 77 70 99 95 9 52 50 99 40 54 66 44 28 5 41 90 20 71 96 82 86 28 57 96 36 85 15 83 88 52 44 36 34 67 16 84 41 9 56 3 44 85 76 66 72 4 70 78 25 23 73 56 59 97 5 88 13 85 99 61 73 22 93 83 88 55 24
74 65 52 99 47 7 89 62 33 13 61 36 29 78 95 67 96 39 23 58 13 55 24 36 65 100 91 60 81 73 22 40 57 38 62 99 9 45 77 64 56 13 30 5 70 100 23 14 15 100 36 55 92 50 43 38 92 96 7 100 66 32 40 93 23 37 6 83 42 30 38 64 21 99 52 80 46 96 39 90
17 39 70 43 54 38 24 94 33 90 94 59 12 46 69 93 3 29 31 7 45 11 30 74 88 63 75 32 30 66 62 6 20 7 66 48 18 64 47 1 80 90 17 60 98 55 14 14 39 32 35 17 85 36 36 44 27 53 100 97 51 61 83 86 50 6 1 21 23 53 44 40 91 82 85 81 62 51 48 81
86 2 74 50 89 54 60 68 19 53 53 39 6 61 76 33 54 83 35 32 37 84 6 45 87 24 59 1 58 58 19 69 34 17 61 94 63 94 97 24 34 47 51 94 6 98 64 66 58 60 37 54 68 34 30 11 12 88 58 51 63 92 76 86 22 74 69 86 8 40 84 51 14 71 25 64 72 62 15 19
90 24 36 22 19 16 87 49 27 32 52 47 15 10 18 6 16 64 68 50 78 98 99 28 46 51 82 42 10 31 100 34 25 81 92 3 66 18 79 14 55 91 17 73 93 1 17 92 18 74 10 19 78 49 53 65 32 4 55 25 44 48 38 45 53 68 6 84 66 81 81 39 11 2 53 88 3 95 54 43
19 44 87 42 14 95 99 10 9 6 38 49 50 35 19 100 47 48 30 27 38 74 37 90 64 69 41 89 55 94 15 47 8 56 29 27 81 18 47 75 44 35 18 55 19 47 6 1 87 44 24 60 50 83 75 93 25 7 80 78 76 31 8 51 78 83 18 61 82 82 57 40 18 66 20 60 44 93 45 36
40 19 69 69 59 98 31 39 56 44 13 37 9 66 69 97 44 12 85 27 77 49 49 8 100 73 97 84 30 97 28 46 88 73 85 26 50 37 58 15 29 78 17 93 70 60 4 51 29 8 2 24 46 13 26 63 72 35 98 89 95 55 46 4 46 70 6 39 70 58 91 5 55 25 85 71 69 84 26 86
90 42 29 5 38 98 42 66 96 49 80 80 23 4 24 35 87 72 86 14 34 57 3 94 47 85 75 29 29 50 22 68 34 9 40 91 26 94 24 47 22 39 58 33 62 25 30 4 71 74 37 43 49 92 35 6 69 100 13 33 70 3 27 86 2 59 39 19 34 50 64 92 80 54 50 68 51 18 82 93
64 68 90 3 5 24 40 87 49 92 79 57 20 31 6 1 6 40 86 32 76 30 76 92 17 5 76 25 9 10 6 18 97 44 15 78 34 46 23 38 88 48 35 61 25 27 62 71 80 19 41 21 89 49 70 50 33 98 6 1 43 55 91 37 99 49 90 29 10 22 28 24 83 47 25 50 20 85 53 51
33 85 44 92 4 36 1 11 89 98 51 87 91 97 41 69 51 95 8 55 28 75 64 52 75 32 59 65 71 69 98 52 5 95 29 64 51 57 81 57 61 41 49 90 20 56 77 65 5 81 79 7 5 84 92 16 72 22 70 73 94 62 32 94 75 24 24 68 68 11 45 15 71 41 2 29 34 9 2 97
95 81 4 84 57 98 33 27 100 68 59 48 59 16 88 45 98 42 6 55 33 72 4 60 33 81 75 97 35 70 6 34 50 41 35 94 64 18 38 19 92 30 82 86 67 5 63 88 41 19 90 72 5 97 66 86 68 54 65 78 27 69 92 17 62 68 42 62 1 9 50 66 66 12 3 61 57 37 77 42
100 31 62 71 54 89 74 90 30 36 49 35 9 67 34 4 49 30 40 89 76 50 27 5 75 71 89 16 73 65 60 46 75 67 40 100 23 13 44 89 6 55 22 58 17 60 1 81 47 11 79 61 85 46 21 74 78 60 57 83 45 35 41 3 30 71 55 81 12 50 99 89 7 54 61 9 67 47 82 22
97 89 71 79 73 45 67 61 96 100 15 44 34 45 44 52 44 43 100 75 97 54 73 92 25 64 27 95 11 70 97 52 37 6 58 39 26 41 45 95 70 93 94 27 40 56 92 2 62 47 60 15 67 15 36 83 53 14 87 15 70 71 21 80 62 69 52 76 28 61 21 34 55 62 27 4 56 92 76 28
22 19 35 35 4 31 79 19 85 97 53 15 60 64 23 46 15 59 17 87 2 56 4 91 40 96 55 48 37 79 94 50 29 80 6 58 7 22 59 78 56 33 9 33 45 38 20 38 98 27 95 15 53 81 19 47 72 62 53 41 41 47 23 48 79 81 87 23 82 22 7 48 30 50 22 25 76 50 8 96
