20 80
43 22 4 65 34 2 75 18 44 52 8 42 51 20 24 53 71 54 46 39 31 7 59 79 9 68 10 23 1 25 50 21 5 19 17 28 72 57 33 49 76 12 70 3 55 37 27 40 69 41 32 61 15 45 58 29 6 35 38 78 56 66 77 11 48 47 74 36 14 64 73 60 26 67 63 30 16 0 13 62
44 54 77 41 72 78 40 50 60 38 17 1 43 52 15 69 20 59 73 6 51 71 34 62 70 30 48 66 23 36 53 39 16 19 4 21 24 42 14 49 46 47 7 74 3 57 8 56 22 31 9 61 63 65 32 45 10 33 28 13 55 27 64 5 25 76 29 2 75 35 58 67 11 0 68 79 37 12 18 26
8 15 60 72 17 56 47 10 21 50 9 24 35 53 33 45 66 77 11 32 2 37 51 58 16 19 74 7 4 68 73 78 6 5 59 52 76 22 1 41 63 14 25 49 64 18 3 0 69 13 48 20 46 54 40 61 28 79 57 71 36 27 23 12 30 39 65 34 44 55 29 62 38 26 42 67 70 31 75 43
64 55 71 6 22 41 61 59 79 27 0 9 14 62 35 75 48 18 39 30 24 28 11 23 19 15 74 33 76 17 36 49 72 16 2 73 65 8 54 32 21 4 51 1 66 67 53 20 34 60 58 37 10 56 50 78 43 3 63 44 52 40 12 7 46 57 13 69 47 45 25 5 68 77 38 31 70 29 26 42
37 58 53 60 30 27 63 24 71 64 65 22 78 18 5 8 52 19 47 26 45 66 41 6 57 35 72 9 44 74 40 10 56 11 49 31 0 50 68 20 46 51 7 3 4 25 2 12 1 33 62 42 67 75 55 16 13 38 70 29 48 28 32 77 17 21 43 61 59 34 76 14 54 79 15 23 39 73 36 69
33 39 5 68 65 69 56 1 26 49 28 77 18 17 57 50 61 45 10 67 66 2 53 11 74 46 27 60 8 16 20 73 32 71 36 55 19 22 3 58 41 75 21 48 37 40 0 12 54 15 9 51 76 29 6 30 35 47 25 14 52 78 59 42 79 34 43 31 13 70 62 4 72 24 7 38 64 63 44 23
73 11 66 78 21 35 60 6 23 0 18 69 17 43 64 3 34 76 50 57 41 33 31 48 63 4 47 24 51 32 7 54 72 9 38 58 44 36 55 30 26 45 77 1 74 59 79 46 75 20 19 67 10 8 49 52 16 39 68 25 27 13 15 61 29 56 65 42 2 37 71 28 70 12 22 40 53 5 62 14
15 6 23 66 77 38 44 70 59 3 28 24 19 33 61 43 32 39 45 26 5 75 4 9 65 79 49 64 1 53 27 58 13 52 17 10 30 47 55 35 50 14 67 12 41 36 20 8 54 57 31 78 25 18 7 37 29 62 71 21 11 76 68 63 72 46 22 0 69 56 34 60 40 74 2 73 16 48 51 42
47 64 43 29 10 33 32 20 74 38 11 36 5 28 77 30 46 63 68 34 7 12 79 65 49 53 1 4 27 41 39 52 22 69 25 67 40 70 72 62 57 37 48 56 24 73 19 9 60 75 18 78 66 0 45 31 54 2 61 21 71 55 6 17 51 59 23 13 35 58 8 44 3 42 26 14 76 15 50 16
12 76 67 51 68 29 47 45 26 53 32 43 41 28 37 31 69 65 63 8 59 5 15 57 54 72 73 1 14 36 62 39 35 4 3 34 23 9 74 24 27 58 44 25 18 71 0 48 2 56 7 66 64 30 13 20 78 17 40 19 49 79 61 10 6 75 52 11 70 55 22 42 33 77 50 46 16 60 38 21
3 22 16 27 26 55 62 70 46 45 75 13 72 78 74 79 28 23 71 76 60 53 11 64 0 73 49 12 61 68 56 4 41 30 47 10 5 38 29 17 25 44 6 77 58 48 50 57 2 67 36 37 35 69 15 54 39 19 65 31 18 21 33 24 8 14 20 51 59 42 63 7 9 32 52 34 66 1 40 43
31 47 0 39 44 9 30 27 35 76 72 79 40 55 34 59 24 49 3 74 32 48 36 8 77 78 61 25 62 68 38 1 21 45 53 15 5 58 37 43 41 54 73 26 42 70 69 46 19 17 52 57 33 6 18 23 50 66 75 64 65 60 28 10 13 63 67 51 12 7 29 11 56 16 71 22 2 20 4 14
10 15 73 64 25 31 6 74 66 75 23 57 1 42 32 62 45 69 77 27 41 68 78 53 43 47 55 48 37 49 79 0 28 24 19 21 44 76 2 7 54 70 63 30 36 11 5 52 18 14 12 38 58 60 4 33 35 16 61 72 65 40 34 51 67 59 22 39 8 20 46 50 26 3 56 71 29 9 13 17
65 31 22 70 30 38 69 36 53 35 66 0 45 29 49 46 59 47 57 74 5 68 7 58 55 43 52 72 1 20 50 61 6 34 19 23 17 11 2 73 33 12 37 24 13 63 78 41 76 71 8 48 14 27 42 3 54 15 67 51 25 62 44 77 21 64 9 56 79 39 75 60 40 26 18 28 4 16 10 32
16 61 44 56 49 68 47 0 11 76 15 59 45 55 24 40 7 52 6 30 35 21 65 2 48 43 1 67 18 25 69 26 74 39 8 29 14 9 10 64 19 63 53 73 32 41 3 13 58 54 34 4 28 66 22 62 17 5 46 20 71 42 72 12 70 60 36 31 78 38 75 27 23 77 50 37 33 57 51 79
4 16 62 61 34 2 35 76 13 42 45 71 33 0 48 54 74 14 21 47 44 38 55 39 28 69 29 17 46 40 24 72 56 5 25 68 49 22 32 19 60 66 15 41 26 52 11 7 57 6 3 51 43 59 58 9 78 30 23 37 65 70 73 75 31 18 67 50 10 20 1 8 63 36 64 12 79 77 53 27
32 44 1 30 36 53 15 33 17 0 6 22 4 31 77 60 49 78 40 24 41 57 28 66 54 10 37 34 69 11 65 9 19 56 29 70 14 55 12 38 74 13 45 46 61 35 27 5 76 7 72 42 25 18 26 67 43 59 47 21 64 50 75 51 73 20 52 58 3 79 63 48 71 39 2 23 62 8 16 68
56 46 31 18 64 32 20 61 71 47 1 51 24 75 49 53 12 28 22 57 26 30 78 5 66 73 27 50 11 3 14 15 19 42 25 63 7 8 62 16 17 54 59 40 69 52 23 55 39 74 44 41 38 4 58 6 21 13 67 45 76 72 33 36 9 37 0 79 48 2 34 29 43 60 35 10 68 65 77 70
14 54 13 60 33 44 22 70 66 36 37 38 1 73 50 57 29 4 68 45 16 26 39 79 47 19 42 65 27 5 58 40 56 71 7 59 78 52 10 72 18 48 35 49 2 6 43 15 75 74 17 28 9 34 23 61 32 46 30 55 62 11 31 64 69 67 53 77 20 76 24 0 41 25 21 3 51 12 8 63
57 53 54 66 69 27 0 10 6 55 35 22 24 64 4 76 74 28 43 7 73 78 48 70 67 39 30 62 37 1 60 11 40 46 47 50 49 9 13 61 33 63 51 79 72 23 8 26 14 15 2 42 71 19 44 29 38 34 56 16 21 41 31 58 77 17 32 20 59 3 68 5 65 75 12 45 25 36 18 52
40 36 48 75 33 14 64 90 64 72 47 43 52 40 75 15 54 91 84 43 68 13 77 45 82 43 2 100 97 65 14 62 85 69 8 91 83 74 6 78 45 78 58 18 50 95 90 12 1 95 36 27 57 62 42 42 11 4 85 66 11 23 38 27 49 81 63 30 4 85 41 93 63 62 86 12 65 60 14 9
69 79 95 15 99 84 42 90 84 28 4 9 14 46 15 10 89 73 40 63 24 73 76 67 99 77 12 63 85 90 42 74 71 64 100 48 62 38 12 65 51 12 93 16 29 59 86 14 99 71 55 23 90 42 83 89 44 39 69 21 58 46 58 20 48 76 79 91 43 44 79 46 48 20 56 2 72 21 36 6
62 13 54 55 71 44 24 40 91 96 16 55 18 9 32 9 83 3 43 88 43 20 98 95 45 52 87 16 26 54 94 37 5 58 62 53 26 20 8 99 36 5 93 33 31 96 66 61 12 85 44 96 7 42 85 100 40 79 53 70 53 25 85 19 15 13 92 73 33 21 76 96 29 39 9 87 17 8 36 94
3 84 69 46 4 24 55 58 21 74 39 2 60 29 69 16 35 1 19 75 12 56 29 47 1 78 38 99 11 18 93 86 41 80 66 75 52 24 17 64 15 73 6 42 30 53 48 37 86 43 27 85 99 23 60 36 67 88 93 37 70 88 48 1 23 56 32 97 78 28 75 60 24 75 56 53 35 45 68 12
7 11 68 31 92 86 55 34 92 33 95 14 20 56 97 6 31 94 22 22 74 94 7 8 28 46 37 61 62 82 64 23 69 81 42 71 58 11 63 53 92 53 81 52 97 12 2 38 44 56 86 25 17 17 41 86 13 46 89 98 23 38 16 69 47 22 61 49 57 66 78 53 48 69 1 26 72 26 3 92
55 81 76 35 77 95 52 18 41 62 57 59 17 19 74 98 28 52 69 100 90 86 59 44 53 95 68 52 98 69 50 67 97 92 69 82 17 21 82 2 89 5 88 14 19 4 40 92 75 35 91 30 12 80 91 26 27 88 66 74 90 93 64 55 28 85 57 33 89 57 96 23 44 62 91 17 30 96 33 15
6 78 86 81 10 41 95 8 13 54 48 92 7 88 72 71 42 36 38 59 25 19 75 52 10 47 1 56 58 69 80 1 49 37 27 61 86 85 44 65 1 89 63 89 3 93 9 95 57 39 14 6 89 67 74 63 58 60 43 87 55 43 30 83 86 90 76 44 1 31 41 39 72 98 69 42 40 58 96 93
48 48 25 6 47 79 99 3 84 93 14 22 67 39 1 27 46 79 93 69 67 45 84 20 70 76 83 57 9 50 3 25 59 77 92 72 32 66 61 98 37 3 82 38 38 93 8 12 36 28 3 94 78 2 89 82 64 40 8 61 30 51 87 47 52 39 35 34 35 67 25 89 30 93 25 85 94 61 89 89
85 47 97 50 93 27 9 42 75 42 35 47 91 59 11 100 48 42 88 30 97 48 89 18 64 71 3 23 94 10 19 20 47 28 64 41 2 97 81 57 89 14 75 77 92 95 67 37 7 34 13 40 95 72 90 56 65 4 56 87 63 66 33 64 47 20 60 53 73 71 9 21 75 56 22 63 51 54 46 10
61 89 62 50 92 93 82 33 33 99 89 41 16 7 96 48 54 5 65 69 11 4 78 100 2 100 63 93 65 95 12 67 42 9 13 74 35 14 95 51 15 96 90 1 88 9 65 95 37 20 56 26 100 90 21 34 39 88 16 92 13 53 14 100 7 44 82 68 7 23 92 16 47 31 95 19 88 66 94 15
87 65 37 81 73 38 56 37 49 56 13 64 68 98 100 55 21 36 72 18 82 6 32 61 85 13 40 36 38 96 61 86 99 83 44 7 62 77 34 3 88 85 15 39 44 94 55 9 62 88 93 16 16 85 99 35 17 43 99 92 13 2 12 21 76 28 83 9 16 70 41 26 59 58 20 35 4 85 38 76
88 52 27 1 18 85 73 46 17 53 45 84 39 82 55 73 88 75 72 50 26 88 57 65 51 50 6 6 66 6 39 84 85 3 58 55 40 47 63 12 9 28 80 65 52 3 86 41 32 50 81 51 9 17 23 97 96 45 34 90 14 62 7 91 3 84 31 47 16 4 3 49 92 59 33 18 60 91 28 52
28 84 29 25 27 39 6 32 37 41 79 56 6 19 37 74 6 38 75 86 47 68 5 19 49 56 75 97 11 54 98 50 30 67 39 66 67 16 93 33 67 100 31 9 9 37 23 9 95 33 49 30 57 5 90 12 38 15 25 95 67 47 78 71 34 47 39 74 51 27 91 38 72 12 63 41 76 76 80 52
18 41 60 8 55 53 26 55 81 80 41 26 56 18 33 65 25 44 42 12 2 24 13 59 51 51 62 72 47 23 84 35 7 3 100 83 36 13 90 96 59 74 27 3 11 22 66 87 43 2 38 19 9 32 96 1 98 38 68 36 66 35 15 96 59 72 29 21 68 5 98 58 10 52 54 15 20 33 50 12
51 29 6 48 37 84 53 95 72 14 66 10 35 96 17 68 48 57 18 27 83 72 85 98 62 8 82 90 66 100 71 60 13 99 93 49 8 5 64 53 40 78 78 7 95 87 75 11 87 88 23 1 72 21 6 38 46 98 23 80 94 47 94 37 40 23 96 44 69 4 77 83 90 81 25 80 20 76 46 64
30 93 66 65 86 87 38 40 57 86 17 75 59 56 81 19 78 1 94 92 3 53 77 31 10 49 41 8 23 81 45 67 89 14 2 99 43 14 14 99 60 33 58 29 24 71 10 60 31 67 74 41 65 98 14 48 10 96 97 78 88 87 62 9 87 13 87 46 61 48 53 53 97 62 48 100 83 48 63 91
19 87 35 21 72 71 49 29 36 78 99 82 26 89 30 26 80 58 53 53 26 77 92 59 76 98 29 36 57 23 59 13 89 20 78 77 15 29 73 19 57 88 67 60 35 35 48 72 42 10 23 19 95 42 17 92 28 74 85 36 71 45 98 80 16 11 26 88 4 6 3 2 86 4 83 19 12 28 57 8
57 100 41 3 16 58 96 41 34 19 84 50 23 20 41 55 86 58 83 90 45 38 97 67 25 9 41 21 54 31 27 11 22 29 36 59 33 73 79 31 82 56 97 65 88 65 12 72 41 37 8 87 4 97 50 13 42 11 21 11 100 28 10 90 17 27 40 9 6 96 21 67 62 98 8 65 52 73 25 67
6 31 32 64 98 99 99 82 49 63 12 26 87 74 96 92 3 49 68 37 97 50 76 96 31 75 33 43 82 3 50 97 18 59 63 6 68 61 22 52 23 53 14 16 71 60 53 85 79 46 13 86 76 58 1 81 87 100 50 50 30 26 19 74 96 45 88 99 37 68 62 46 21 5 36 51 63 1 44 80
39 76 4 63 80 31 14 76 95 26 54 52 46 19 58 56 53 96 82 97 44 93 81 69 70 51 35 97 73 19 20 64 98 5 93 42 15 7 26 46 13 95 53 50 58 66 22 67 65 52 19 65 21 32 54 77 73 49 33 4 72 10 55 73 76 59 73 55 23 39 68 26 23 74 19 82 89 8 22 3
