20 80
50 7 46 57 77 66 6 37 53 61 32 16 71 56 12 0 10 64 35 2 23 45 40 17 76 28 26 70 36 58 22 75 31 48 51 8 55 72 20 63 4 3 42 74 19 52 60 73 33 38 62 68 9 49 30 78 25 18 34 65 27 43 21 59 14 79 11 39 44 54 24 1 47 13 5 15 41 67 69 29
54 60 73 13 55 12 72 39 40 49 76 36 14 3 50 56 5 6 37 32 8 7 52 59 0 21 77 1 28 43 63 67 62 69 30 57 45 11 18 64 25 35 71 2 38 47 51 61 66 78 44 46 23 27 9 34 4 20 75 24 15 48 70 19 58 16 53 74 41 33 31 22 68 42 17 65 26 79 10 29
53 5 31 21 36 77 23 30 32 55 16 4 48 9 20 40 74 79 62 61 27 67 78 1 24 15 41 44 66 76 56 47 34 51 42 64 38 58 57 37 71 28 49 8 52 17 65 29 35 2 22 7 12 14 60 39 45 63 69 19 75 10 26 70 25 46 11 59 6 13 0 68 33 54 18 3 72 50 43 73
30 71 51 21 78 67 46 57 0 10 60 50 75 65 2 28 42 1 20 38 79 70 14 26 12 40 32 37 69 59 27 74 63 48 62 8 47 53 34 61 41 45 68 72 16 54 31 25 9 22 29 55 58 19 4 6 13 18 52 76 49 33 64 43 11 23 3 39 56 73 5 24 17 36 7 66 44 15 77 35
70 58 74 17 27 13 25 72 51 28 0 15 68 67 47 45 73 19 59 55 43 46 16 34 69 50 76 2 31 10 78 42 18 6 32 23 29 44 63 53 1 30 14 8 77 41 38 37 4 12 9 62 22 52 66 56 54 57 26 7 20 64 65 49 71 39 61 79 5 48 40 36 75 35 60 33 3 21 24 11
26 78 77 51 9 37 76 20 1 47 30 5 4 68 40 11 34 43 15 10 79 57 3 14 6 60 8 58 53 63 22 31 2 66 49 64 21 45 55 7 48 54 74 65 73 36 42 16 69 75 23 24 50 19 33 25 46 70 32 27 29 44 35 61 59 62 12 17 13 56 39 52 67 18 41 71 72 0 28 38
35 16 75 60 27 78 38 25 31 34 51 21 3 66 2 57 8 32 62 36 47 19 69 61 43 39 30 59 5 52 76 68 54 4 71 37 64 9 49 74 11 53 41 26 65 55 73 58 46 50 44 67 0 7 56 24 20 23 70 15 33 14 22 13 17 42 72 77 40 6 12 28 63 48 10 79 29 1 45 18
77 48 9 30 11 47 65 58 67 7 12 15 2 73 6 1 54 35 71 36 43 57 79 10 18 56 70 17 26 34 44 32 50 3 69 75 31 45 5 14 19 20 40 39 0 13 76 21 41 38 16 64 51 59 68 63 55 22 37 25 53 61 62 8 74 78 28 29 60 27 24 52 4 49 72 46 23 42 33 66
25 48 63 54 71 53 36 52 11 16 4 46 72 44 5 0 9 41 23 74 27 77 49 59 19 13 17 62 61 22 21 7 64 69 58 18 47 75 70 55 28 60 68 50 2 73 20 65 42 1 38 24 39 33 56 3 40 43 66 8 57 37 26 32 10 79 29 12 6 76 30 31 14 51 78 34 15 45 67 35
15 3 40 5 31 69 76 53 14 78 19 70 11 29 77 7 33 26 68 38 1 64 17 10 2 18 28 8 12 43 60 35 73 50 23 67 75 41 22 79 48 55 13 37 51 46 9 27 56 49 21 34 62 66 45 30 42 65 36 63 32 72 59 20 6 24 16 44 39 25 47 58 0 74 52 57 54 61 71 4
59 74 11 73 0 4 47 25 23 7 55 2 58 9 13 72 17 62 50 54 53 26 65 52 18 77 14 51 5 6 60 38 36 67 76 20 66 45 68 29 63 21 34 1 12 19 57 44 30 56 39 71 75 48 61 79 10 49 22 3 37 24 8 28 64 41 31 16 32 42 46 70 43 40 35 27 15 78 69 33
79 10 16 65 54 0 8 7 67 43 21 52 74 53 9 22 56 1 25 30 19 5 55 47 44 29 70 18 15 66 49 28 26 40 76 36 14 33 4 12 27 11 48 3 34 42 20 57 6 31 78 39 62 50 60 46 63 64 45 35 73 41 75 68 23 24 61 58 38 51 77 59 37 17 71 69 2 13 32 72
50 34 17 49 45 53 60 25 13 35 69 55 9 12 20 31 23 6 52 29 57 56 10 64 62 41 73 58 67 70 76 21 33 47 37 16 42 65 24 0 11 2 68 75 14 46 74 39 38 72 54 7 48 78 77 27 5 40 44 30 61 22 1 32 19 26 15 28 71 59 63 43 79 66 3 18 36 8 4 51
58 38 3 42 50 51 49 53 16 67 44 76 74 8 66 26 2 69 75 57 0 55 14 39 19 30 71 22 61 63 32 15 35 59 27 4 79 6 10 56 33 45 68 41 73 17 21 54 43 46 23 24 78 40 1 25 72 52 77 29 11 36 70 9 13 5 28 64 62 34 37 48 7 65 60 47 20 31 12 18
38 26 6 14 53 56 42 39 41 10 12 13 43 51 58 79 2 47 15 44 11 52 46 28 1 22 63 67 65 21 37 3 62 75 72 4 70 61 8 17 31 27 34 66 25 60 32 30 69 33 19 5 36 50 74 7 76 0 48 23 16 9 78 57 40 68 29 54 35 49 18 55 24 73 45 71 77 64 59 20
16 42 75 46 36 65 48 56 2 44 54 55 67 38 11 32 41 34 31 14 79 9 76 3 35 61 0 72 30 58 13 5 4 57 62 77 19 70 66 6 53 39 69 15 59 50 28 29 8 27 49 52 60 47 26 33 1 17 12 7 22 63 71 40 10 45 25 24 78 21 51 68 64 73 74 37 23 43 18 20
75 11 3 72 40 21 41 1 70 12 39 48 23 56 29 38 73 26 65 64 50 16 0 44 35 71 66 10 53 43 46 52 63 47 20 79 55 17 69 76 24 5 28 19 57 32 2 59 4 33 8 13 51 37 31 27 54 6 18 77 68 42 60 22 36 14 15 62 49 74 45 25 34 58 9 7 78 30 67 61
65 57 6 18 43 77 29 20 63 23 39 61 62 36 32 74 42 10 31 78 52 79 50 4 22 34 75 40 71 16 53 24 59 51 9 30 19 72 14 28 70 47 66 55 48 60 38 58 8 21 7 41 12 49 67 69 15 54 11 27 0 68 3 56 64 1 25 76 26 45 46 33 2 37 13 73 35 44 5 17
67 58 5 73 9 29 19 15 76 23 79 13 0 7 31 63 59 55 25 46 64 10 45 20 40 65 78 2 21 22 66 54 49 26 52 14 11 47 50 51 3 35 37 38 48 42 56 33 27 53 4 69 1 72 24 8 34 68 75 74 6 57 61 16 71 17 18 28 44 62 41 77 30 12 60 70 36 43 32 39
46 8 6 12 56 72 11 60 18 64 9 33 68 23 26 38 65 34 22 48 61 45 24 41 44 57 14 32 67 51 0 62 27 53 74 37 21 69 13 75 40 78 29 59 5 1 17 35 4 10 19 70 15 50 63 58 47 30 73 3 39 2 55 66 76 31 49 77 16 7 42 54 52 25 79 43 20 71 36 28
41 92 47 34 44 57 68 97 83 100 48 22 29 3 25 84 69 75 80 26 70 33 63 73 82 29 28 21 9 31 19 97 70 43 54 59 45 48 46 43 63 84 98 44 98 60 22 17 42 34 88 45 54 85 37 18 39 64 19 13 28 27 81 79 71 58 71 38 15 69 22 37 14 55 45 32 51 47 74 45
69 71 11 57 51 1 2 51 4 71 12 26 56 7 4 68 45 4 53 8 60 79 52 46 79 10 57 97 91 1 46 51 43 66 61 13 39 25 41 58 71 5 14 9 64 89 15 100 96 2 17 32 47 21 1 93 64 88 53 40 23 11 55 94 88 67 50 88 65 93 55 56 79 66 69 96 91 19 26 12
33 92 72 22 44 59 55 89 48 16 95 7 34 10 43 92 72 3 44 83 73 60 28 95 59 68 1 64 86 28 15 12 42 30 53 93 94 87 51 65 13 68 16 73 83 2 12 91 74 63 91 24 26 76 50 81 7 52 52 54 79 24 18 18 52 84 29 34 68 92 24 80 89 55 60 68 57 46 64 72
20 49 75 11 67 33 70 39 55 15 12 58 82 77 48 70 19 28 4 2 99 8 67 25 2 35 49 83 100 67 18 86 9 72 89 64 31 7 50 19 2 44 89 51 49 93 64 8 19 96 86 42 22 2 73 69 16 63 15 98 44 92 6 69 77 18 26 17 98 45 51 89 1 63 79 71 41 50 63 80
82 48 79 96 19 33 29 50 52 1 36 76 84 69 21 45 15 79 34 55 28 39 2 84 17 1 84 78 39 44 17 48 73 95 14 75 27 35 48 27 25 87 2 9 22 40 98 43 63 49 29 32 12 75 91 99 64 94 5 16 90 12 42 27 92 99 82 32 15 26 55 6 35 75 78 44 42 88 93 12
69 1 95 58 57 81 7 49 36 100 2 62 2 29 72 32 41 6 83 79 89 98 24 47 36 36 61 23 99 38 82 47 59 2 88 37 58 33 46 64 46 72 92 95 49 1 48 63 6 65 74 22 45 68 30 22 87 74 13 26 19 36 95 5 75 63 84 2 90 100 16 97 24 67 89 92 53 83 19 89
96 9 67 77 2 82 22 40 1 67 85 18 94 22 77 51 96 55 66 3 51 30 47 54 5 23 48 59 53 46 89 82 53 5 99 73 48 78 13 58 89 100 18 80 48 94 77 4 72 16 48 50 53 79 98 86 78 51 53 2 42 93 47 65 43 11 5 96 74 29 46 56 95 22 69 91 21 18 44 41
27 54 15 6 40 69 70 83 60 23 18 42 36 14 67 48 66 55 88 74 93 42 88 38 24 91 87 98 98 7 70 19 56 72 78 74 78 28 16 46 62 27 30 100 48 48 65 42 55 19 54 11 36 57 74 52 82 45 98 55 39 40 60 44 92 84 64 76 91 75 14 95 79 32 69 10 45 78 80 81
65 74 86 90 84 93 82 23 84 45 79 58 39 92 70 86 59 72 33 77 79 38 60 96 84 24 10 61 44 32 11 74 80 94 37 77 87 30 74 18 63 24 36 20 84 59 73 29 48 6 50 20 44 36 10 94 11 99 72 10 16 16 26 46 33 32 42 52 73 62 69 85 24 83 58 26 59 15 31 21
77 73 36 87 26 15 3 59 42 29 32 71 64 57 13 5 71 90 76 20 55 4 35 96 60 32 92 16 72 45 1 24 82 43 51 49 18 64 68 16 88 38 46 5 39 58 13 90 9 88 95 60 4 27 39 58 87 35 81 77 25 53 64 33 48 54 58 52 13 59 33 75 36 42 27 99 6 100 49 52
82 75 82 54 1 21 3 66 87 66 57 5 9 4 80 72 4 60 89 90 20 34 73 58 50 64 46 79 6 32 100 17 49 64 64 43 56 2 29 38 18 73 57 33 91 90 7 27 44 25 80 38 82 47 30 62 37 33 78 50 50 85 65 27 35 40 92 84 67 39 69 23 71 67 41 77 2 6 57 76
16 66 80 40 97 2 74 59 41 85 79 22 33 8 89 6 17 51 10 11 29 97 19 56 70 29 67 60 66 36 29 32 64 73 71 18 99 53 93 81 2 100 21 95 51 28 70 36 81 71 78 52 84 50 80 77 68 38 40 53 84 3 33 98 55 34 35 24 36 63 99 31 17 71 13 6 84 18 69 55
30 23 24 94 99 98 14 52 78 18 94 73 95 55 100 86 76 66 46 22 14 16 66 78 55 87 57 63 75 100 13 85 3 5 22 1 10 57 41 58 75 58 69 64 40 50 9 19 5 29 97 21 60 43 89 64 24 47 91 20 34 38 55 95 93 72 15 32 12 4 73 1 85 99 22 31 29 6 68 79
6 29 86 61 22 45 8 49 94 19 49 65 76 86 84 71 91 59 33 44 73 40 37 43 64 2 67 45 22 71 71 6 9 66 69 72 59 3 72 85 82 66 62 33 81 57 65 97 26 72 16 31 59 99 73 93 78 5 63 10 23 44 52 34 67 77 30 8 78 66 77 42 21 11 54 16 22 85 95 40
99 63 96 22 85 100 24 69 84 44 96 26 97 57 62 99 55 33 38 16 63 27 31 95 75 41 87 25 61 93 9 74 78 42 32 26 3 43 39 3 73 19 29 34 22 47 61 36 1 42 75 80 92 29 4 36 17 76 47 46 35 79 87 72 44 55 66 51 99 29 79 41 84 83 65 72 52 52 51 100
64 31 31 11 43 49 79 3 100 43 10 78 20 93 6 31 29 80 96 28 89 75 50 48 31 74 80 53 40 29 13 38 80 60 8 17 75 13 41 39 55 81 19 97 19 22 33 98 20 77 88 19 56 28 68 80 10 48 16 36 4 45 29 37 55 85 84 1 50 71 88 17 18 82 17 56 8 10 93 33
88 28 49 8 89 42 66 10 77 95 73 90 34 84 95 83 75 2 70 37 43 26 77 23 62 60 49 81 33 54 83 82 96 72 89 31 55 28 21 63 77 53 10 25 87 68 16 12 70 65 91 29 46 16 7 19 63 67 62 4 45 40 90 84 20 48 99 42 75 3 17 48 94 99 54 58 36 69 51 41
22 31 32 76 46 98 37 57 77 76 39 65 43 84 18 98 8 26 82 60 24 45 52 14 73 18 11 45 98 20 77 21 17 71 93 88 53 81 63 46 65 11 93 71 60 36 42 7 15 70 38 32 78 39 79 36 68 11 12 90 39 80 92 49 66 91 91 91 38 77 94 97 69 42 34 66 43 64 15 35
69 19 30 32 61 87 30 1 94 72 38 44 3 77 10 85 69 90 87 8 29 38 68 43 63 55 28 10 74 63 28 99 95 60 61 7 23 5 5 70 93 23 98 30 49 2 82 91 62 90 31 48 57 12 86 82 62 50 70 55 82 53 76 35 79 59 44 81 74 43 97 85 89 41 70 27 42 31 54 6
42 71 85 25 7 60 8 69 98 49 74 89 41 17 35 54 44 48 1 50 73 29 64 23 17 7 60 38 1 36 18 81 97 5 83 73 16 47 36 33 59 32 42 17 5 36 46 51 60 63 33 39 70 24 33 72 80 66 97 69 63 36 92 24 60 64 61 26 16 5 43 24 93 39 100 7 61 46 65 51
