20 80
38 30 6 50 28 33 3 37 20 79 14 31 41 43 72 46 24 34 64 12 18 52 16 1 76 4 70 71 49 47 5 19 57 59 0 44 75 53 58 13 23 63 60 40 68 61 36 8 56 78 2 26 17 7 42 25 51 32 11 22 39 10 21 55 66 27 15 65 9 35 54 74 69 77 45 29 48 62 67 73
16 29 78 71 11 18 22 65 79 9 51 40 55 26 77 3 14 23 70 1 8 39 2 69 75 4 5 13 21 31 6 20 64 38 35 47 52 42 34 7 57 32 19 73 60 49 30 63 15 46 56 25 37 62 76 41 50 66 44 0 10 61 48 36 59 67 33 24 28 53 45 68 72 58 17 12 74 27 43 54
1 57 79 70 35 24 8 62 46 34 65 58 64 26 40 75 72 31 73 63 53 44 71 54 7 23 61 56 13 50 11 52 49 42 43 67 14 5 25 9 21 45 4 12 55 36 77 68 38 41 17 16 66 2 19 37 33 76 48 60 10 27 39 51 3 18 0 6 59 30 15 78 29 47 22 20 32 74 69 28
17 22 53 68 1 74 14 40 37 66 38 6 9 50 61 24 79 52 19 70 32 47 29 33 69 59 64 75 28 45 7 34 42 76 36 2 77 44 56 3 63 21 11 67 31 71 25 23 48 20 10 46 58 15 51 16 12 4 55 60 18 0 41 35 57 78 54 73 72 13 39 49 30 26 62 5 8 27 43 65
69 65 1 48 29 64 63 46 4 59 67 68 22 51 61 79 0 73 14 25 30 32 10 17 39 50 40 20 70 6 15 38 52 16 44 47 27 26 8 9 33 11 49 54 72 42 24 12 7 71 56 28 37 23 57 74 13 19 21 3 41 18 58 31 75 36 66 45 53 76 78 34 60 5 62 2 35 43 77 55
2 9 43 33 29 63 70 66 21 41 37 50 59 8 25 18 72 30 60 52 64 22 32 3 53 31 14 78 0 13 36 1 23 26 19 34 51 71 4 46 73 40 77 61 49 5 65 7 75 68 62 6 15 67 45 35 54 17 57 12 16 11 58 76 48 44 20 38 74 55 27 79 10 56 42 28 47 39 24 69
32 33 35 27 55 61 51 45 70 22 18 1 40 20 16 60 47 37 77 44 28 26 10 56 39 41 36 57 68 74 73 79 14 43 66 64 52 30 4 23 17 15 11 2 3 59 69 31 9 48 54 75 38 34 62 7 21 25 19 12 78 76 58 5 6 0 46 24 29 42 67 8 53 50 13 72 65 71 49 63
72 0 53 56 20 35 76 36 13 67 54 43 34 42 37 55 46 12 14 6 22 41 8 51 50 48 38 7 70 11 4 2 10 44 24 45 39 66 61 31 64 15 68 63 27 52 65 49 9 78 26 23 16 62 58 17 30 75 47 57 1 73 19 77 59 5 3 40 71 79 32 33 21 29 60 69 25 74 18 28
23 68 14 11 73 34 67 2 38 35 69 48 3 22 36 75 70 12 40 26 63 20 78 16 71 76 50 43 57 0 44 58 8 51 55 10 74 47 33 31 65 59 56 72 66 53 77 1 13 37 41 25 18 6 7 17 32 61 45 19 9 46 39 21 5 15 62 4 60 28 49 27 54 24 64 42 30 52 79 29
50 42 38 1 58 59 3 35 16 13 33 26 47 68 52 77 53 67 54 55 2 21 79 36 78 34 43 30 57 76 27 23 69 61 45 72 6 70 44 31 14 29 11 18 66 75 40 15 48 65 4 62 73 71 41 20 7 39 12 19 17 25 49 37 46 8 28 63 9 56 10 22 60 51 0 32 5 74 64 24
40 41 28 72 33 21 71 24 6 74 17 35 9 15 7 20 62 64 48 75 25 63 66 5 13 38 52 30 27 44 16 50 12 76 29 26 73 61 34 23 54 65 31 42 79 4 11 10 47 3 2 70 49 55 18 37 45 51 1 78 56 68 0 53 22 14 8 46 36 60 43 58 69 39 57 67 59 32 77 19
68 53 26 16 34 10 15 35 79 29 38 50 21 28 47 3 57 8 30 36 74 73 37 9 70 7 33 31 49 18 2 67 5 77 43 19 60 59 75 69 44 24 66 61 56 12 13 78 17 27 4 42 65 76 48 62 41 46 11 64 23 14 39 25 1 40 54 51 22 58 72 6 20 52 32 45 0 63 55 71
9 14 43 75 45 54 77 26 19 57 50 37 74 35 78 23 58 59 3 55 49 7 40 18 71 2 62 5 66 17 36 38 44 46 68 25 69 16 70 29 32 76 47 72 13 27 8 22 56 61 48 42 63 64 6 15 41 30 52 31 11 1 51 39 28 34 0 65 60 73 79 12 24 20 4 10 33 67 53 21
75 0 7 55 59 76 28 19 79 15 42 26 56 40 20 51 46 61 2 27 22 8 67 10 1 3 12 66 62 16 13 48 44 58 21 57 32 6 9 60 49 73 14 71 78 18 30 25 34 64 11 5 17 68 50 4 38 24 33 41 74 35 72 43 63 70 54 37 47 31 53 52 77 29 69 39 45 23 65 36
65 34 10 43 24 41 74 18 77 12 17 47 28 51 0 64 14 29 6 23 63 15 20 32 66 57 30 5 7 45 40 72 38 19 3 48 11 42 21 62 33 79 13 49 9 8 44 71 60 73 76 50 78 36 56 16 4 46 31 39 52 25 59 54 27 26 1 67 75 22 69 61 35 68 58 70 37 2 55 53
29 20 38 10 8 46 41 74 57 68 54 11 45 60 61 30 37 42 52 63 25 66 28 48 27 7 9 47 55 33 16 77 50 70 15 0 64 21 4 14 17 43 67 26 65 75 2 76 13 36 51 58 6 39 49 62 3 34 40 79 72 71 44 5 78 1 22 19 32 59 35 31 53 73 24 18 69 12 56 23
39 33 2 45 17 9 42 77 72 59 8 48 32 37 10 55 53 22 34 6 74 79 43 68 58 27 69 40 28 76 11 7 54 15 18 75 73 63 57 4 71 41 60 50 24 0 31 26 13 51 14 52 38 20 16 46 62 5 21 78 66 67 64 49 70 35 29 65 1 61 12 3 47 19 25 30 23 56 36 44
17 16 2 32 35 14 11 73 3 22 9 51 38 1 56 13 50 29 26 67 36 45 0 39 64 69 42 25 44 58 21 68 34 53 55 79 61 30 77 74 40 43 15 60 8 59 23 19 24 54 52 20 41 46 48 57 47 10 27 12 72 5 66 37 4 78 7 62 18 6 76 70 75 31 33 65 28 49 63 71
38 40 79 35 42 21 71 30 13 12 3 66 69 29 41 36 4 65 39 11 77 61 26 20 60 57 78 6 59 58 47 17 55 24 64 7 10 67 34 9 49 32 33 74 70 45 2 19 56 18 51 75 37 50 1 16 63 43 52 5 76 0 8 27 14 22 72 46 15 25 28 62 44 54 48 53 68 31 23 73
3 49 5 8 4 19 32 71 68 47 51 41 79 53 78 12 60 14 29 42 24 0 45 15 28 72 59 44 10 27 40 33 21 17 50 6 76 61 9 75 43 7 25 20 57 67 56 62 35 34 39 48 52 11 55 38 73 31 65 58 23 74 54 22 16 46 37 36 69 63 77 70 30 18 66 13 64 2 26 1
23 45 91 49 73 20 11 42 94 94 2 90 96 75 76 29 29 11 81 57 17 92 8 9 54 69 5 3 81 31 88 6 56 49 60 28 34 26 58 34 57 2 14 2 30 11 67 4 23 22 34 32 21 60 18 48 19 81 84 88 29 64 80 19 82 55 18 93 69 67 91 75 56 25 19 54 96 31 39 77
80 73 70 18 34 3 78 20 70 97 97 72 67 4 11 85 98 56 27 59 88 27 50 91 6 88 4 27 85 37 6 10 33 49 25 8 74 91 43 7 32 69 59 99 32 85 11 54 24 48 54 45 56 87 5 21 78 22 100 6 17 64 99 86 90 49 82 36 59 86 89 2 6 57 51 59 77 38 67 93
86 59 45 82 41 51 81 40 53 24 89 40 72 80 69 62 91 21 73 68 2 36 60 57 18 61 74 5 70 53 51 75 12 56 27 45 44 64 41 86 34 94 89 10 33 92 67 81 90 45 16 26 65 21 70 98 54 67 28 27 58 29 1 12 90 1 83 33 82 38 32 89 4 42 82 91 83 83 36 83
75 61 5 54 22 21 15 51 98 13 77 36 36 30 54 1 21 1 92 70 62 27 28 73 24 8 58 26 14 62 17 95 92 100 18 83 84 77 10 54 46 17 6 23 65 93 98 60 80 86 55 2 45 10 50 81 37 2 29 66 48 99 90 22 3 82 49 76 61 87 21 16 14 99 56 91 38 79 31 82
75 41 31 68 99 53 70 76 15 81 4 11 32 79 84 60 52 91 56 50 7 14 70 49 43 82 4 67 47 40 11 33 74 18 73 26 77 24 57 23 56 21 35 61 6 69 27 28 14 95 53 54 92 38 94 41 30 13 25 70 28 73 68 31 10 93 5 91 45 93 95 20 40 60 23 13 22 43 85 17
23 25 42 31 16 75 22 87 9 55 78 71 95 7 85 69 62 87 86 78 70 25 85 46 68 46 44 74 37 76 94 42 8 21 37 39 81 80 63 55 78 38 23 51 42 93 65 72 90 7 55 30 38 41 21 34 98 78 1 48 97 29 54 69 79 69 26 13 90 65 69 21 4 51 73 46 1 73 45 22
66 93 49 6 39 10 29 9 84 63 17 23 12 17 51 93 56 6 44 43 51 18 92 37 68 37 50 19 91 3 18 33 79 48 96 4 85 82 21 97 16 28 3 69 94 25 99 55 90 74 54 80 89 57 86 41 55 62 29 17 34 22 10 94 34 62 67 72 58 87 61 1 14 77 2 20 62 34 75 17
2 18 47 12 72 24 12 51 100 77 84 73 9 87 32 36 54 87 34 92 58 59 56 20 20 50 50 68 52 75 10 94 56 100 39 76 68 24 21 3 91 43 20 74 32 21 31 59 67 6 18 18 54 21 60 61 19 92 16 67 94 90 8 54 66 22 4 73 33 11 71 33 50 45 5 90 72 32 55 86
85 19 84 35 7 27 56 11 95 22 38 78 52 34 96 55 32 18 64 29 39 38 30 40 19 22 7 100 17 92 48 84 4 43 10 11 17 83 57 68 38 22 12 63 36 27 77 38 29 79 9 72 9 68 34 36 6 76 62 4 57 47 69 66 74 94 18 49 69 55 61 62 49 97 95 30 35 5 50 71
18 89 12 70 78 55 88 77 76 21 40 38 55 27 83 44 77 8 14 80 99 72 11 66 68 37 83 17 28 61 19 64 56 3 32 93 41 96 45 49 31 74 1 93 45 94 44 74 99 72 16 29 45 69 27 10 31 2 38 27 68 75 95 98 44 67 68 33 49 38 21 78 54 76 84 11 54 34 2 92
7 1 63 24 36 98 47 6 70 55 2 86 87 45 25 88 43 59 12 68 13 76 1 9 39 89 11 72 15 26 99 85 74 92 10 59 79 67 81 97 14 13 9 26 55 83 50 99 25 81 52 87 66 17 21 62 86 73 29 92 7 32 1 54 44 95 63 39 22 18 5 36 37 94 73 74 1 34 96 74
7 66 69 17 48 49 61 95 58 95 29 37 10 19 91 5 53 47 54 43 27 85 23 60 71 56 13 73 66 6 23 54 12 2 58 29 74 96 69 86 34 42 90 51 20 68 24 39 41 13 54 61 33 1 45 92 81 82 5 95 33 62 36 80 5 92 91 98 82 57 30 86 47 71 56 75 68 19 19 10
50 26 77 25 68 59 20 18 19 79 18 9 37 21 75 70 36 91 8 75 54 21 96 96 75 88 62 43 77 21 90 58 52 15 57 44 83 21 3 83 100 45 73 30 34 21 24 52 85 64 72 67 26 86 40 52 83 51 6 48 87 58 43 4 33 87 79 45 43 30 90 85 33 37 53 26 69 7 25 34
93 93 10 29 24 76 45 74 26 64 45 56 45 37 40 56 32 46 29 75 92 50 35 89 90 70 25 99 81 40 16 81 2 69 45 79 3 59 54 21 55 56 62 63 93 100 94 54 100 9 36 19 86 42 14 50 89 46 37 5 62 53 10 28 43 53 3 82 24 24 8 13 65 99 36 97 78 79 79 67
10 4 68 45 59 73 48 63 44 4 91 96 36 63 23 61 91 25 12 16 24 86 6 76 25 64 30 63 1 21 2 34 17 78 35 69 70 40 44 45 64 24 42 87 60 8 98 89 64 80 74 78 100 36 87 48 29 96 77 44 17 52 83 36 47 54 85 57 62 49 71 14 32 83 85 91 2 5 89 43
54 26 2 71 20 23 68 36 50 52 7 70 73 64 62 25 89 51 13 98 85 82 77 28 9 32 61 94 42 47 40 79 4 36 88 7 74 8 17 89 79 22 58 53 89 39 98 65 58 82 43 55 91 76 98 77 79 65 65 60 59 10 37 10 1 60 92 49 86 60 80 73 65 37 73 52 56 80 36 18
14 94 7 17 33 53 1 55 20 3 93 83 89 37 35 57 41 60 2 70 34 90 89 31 93 33 93 17 86 29 34 56 59 74 86 72 47 22 64 15 45 72 27 4 57 17 3 34 49 11 21 82 54 72 99 12 31 3 3 95 29 81 19 80 79 54 79 10 84 33 98 13 97 43 81 29 57 32 96 31
11 9 63 77 40 18 27 88 53 79 94 6 97 85 84 30 92 64 68 73 65 10 29 55 82 21 4 89 65 18 66 44 10 87 39 53 36 43 89 91 77 50 77 49 75 17 82 95 45 47 80 94 9 24 13 88 32 3 95 57 11 13 7 98 82 45 55 9 15 48 85 73 1 54 8 35 98 12 34 9
1 86 21 5 24 24 42 7 61 68 82 14 85 24 7 38 23 2 36 84 10 80 9 32 93 14 64 90 79 24 19 57 44 23 6 41 23 10 45 75 64 82 42 66 5 41 27 34 6 73 12 4 12 13 26 26 24 38 31 28 90 26 66 42 2 22 11 48 38 22 20 58 75 41 45 67 21 48 73 25
29 72 68 94 51 73 12 12 65 79 59 22 23 3 30 35 34 16 45 35 60 51 23 50 85 23 60 39 42 10 86 54 88 91 93 45 93 70 43 17 15 85 27 79 67 53 84 85 82 24 1 71 5 34 30 59 22 21 4 49 24 11 36 72 95 78 77 84 94 55 20 49 23 41 71 80 29 4 34 90
