20 80
5 78 59 71 15 35 32 53 24 77 14 72 74 11 58 44 42 66 65 20 27 4 79 69 75 64 12 28 43 54 29 57 47 38 40 50 17 41 60 19 16 52 61 33 13 1 7 55 9 18 67 63 56 25 36 34 62 70 76 10 8 51 68 3 39 37 31 22 46 45 21 2 73 30 0 26 48 23 49 6
68 3 57 2 20 67 8 12 0 41 39 11 51 22 63 9 72 78 77 66 47 71 35 61 6 45 4 17 48 36 70 32 52 58 1 56 24 55 60 79 44 59 18 30 25 37 40 31 76 28 64 27 26 34 75 54 53 43 42 62 14 74 29 5 73 50 38 21 13 7 65 46 69 33 19 49 16 23 15 10
19 79 77 31 62 70 67 57 44 58 56 0 17 30 54 37 6 68 65 26 32 69 71 53 55 36 35 78 21 34 72 24 61 66 2 38 14 25 51 74 50 27 42 40 23 9 47 60 59 46 18 45 64 20 11 73 16 41 13 7 48 43 76 3 10 28 75 63 4 39 15 1 52 8 12 22 33 29 49 5
46 20 53 67 15 37 65 2 68 30 9 41 69 55 6 18 57 61 74 1 11 66 36 27 13 79 26 28 17 40 16 54 7 4 49 29 77 43 52 32 56 8 23 62 35 47 64 70 59 14 42 60 39 10 63 76 33 31 25 21 78 48 51 44 58 0 12 24 45 75 22 50 73 3 38 34 72 71 19 5
41 36 6 20 77 79 49 48 58 30 35 1 4 22 18 61 16 70 27 15 72 74 14 43 38 51 64 50 56 12 67 46 33 47 57 7 9 28 65 21 34 73 76 17 13 66 5 52 29 62 23 31 19 37 68 55 10 25 78 54 53 3 11 0 60 32 44 24 63 69 42 2 8 71 45 40 39 26 59 75
68 6 37 27 46 48 72 50 33 60 51 49 7 58 22 23 73 26 21 36 77 40 1 17 25 70 4 30 78 67 3 20 54 9 11 13 43 53 61 34 14 31 32 15 29 35 62 55 8 59 66 39 12 5 71 79 76 45 56 63 19 75 28 0 69 44 52 16 38 47 10 41 74 2 65 18 42 24 57 64
4 74 52 66 7 14 56 19 10 46 18 37 51 24 48 42 1 57 49 79 71 72 32 41 67 34 64 9 0 65 68 54 22 61 53 60 30 36 2 38 73 40 12 45 8 5 25 50 3 13 43 31 78 21 35 69 20 17 59 27 58 15 55 62 26 6 63 39 28 16 11 44 33 76 70 29 77 47 23 75
56 70 27 30 69 36 49 35 79 52 74 5 9 13 16 55 18 57 17 61 6 41 38 54 34 64 50 4 23 39 65 46 68 26 7 10 22 20 3 53 60 2 40 44 32 33 45 73 29 42 37 76 48 1 0 66 19 15 72 51 11 78 28 59 24 71 77 14 25 43 67 21 31 75 62 12 63 8 58 47
53 17 11 7 77 30 78 36 23 9 37 3 61 22 26 46 1 43 21 39 38 12 19 55 48 54 45 66 15 29 47 59 2 51 6 4 57 14 62 0 64 42 76 35 10 50 18 74 27 32 56 72 52 34 33 25 67 16 8 58 49 13 28 44 20 75 70 63 69 60 68 41 65 79 71 40 5 31 73 24
18 52 57 58 73 61 4 50 76 44 32 30 35 13 49 5 65 21 12 37 20 41 19 70 56 24 43 8 46 75 17 79 45 31 64 69 28 6 27 3 53 48 36 63 59 42 14 71 47 11 33 54 9 77 66 15 23 68 0 55 78 62 29 67 22 40 2 1 60 25 16 34 26 72 74 39 38 51 10 7
57 23 79 38 54 20 30 61 37 43 16 35 62 78 46 59 65 55 29 19 13 42 39 73 4 21 3 27 5 31 58 68 11 34 63 32 60 44 51 72 6 71 12 2 36 33 15 14 50 52 67 48 18 22 70 1 64 25 17 76 49 77 75 66 0 7 45 41 40 56 9 8 53 24 28 47 74 26 10 69
10 32 22 65 30 35 19 77 31 59 71 2 13 20 63 29 40 69 28 17 70 37 4 18 27 78 11 75 60 33 54 58 46 12 38 25 51 79 68 49 56 67 62 3 47 7 21 34 26 48 74 76 6 42 72 41 0 8 9 73 5 14 15 50 64 16 44 36 57 55 24 43 1 53 45 52 23 61 39 66
74 77 14 45 40 3 29 36 28 70 1 64 66 0 68 21 19 7 50 27 31 51 4 71 2 54 57 78 30 43 53 22 20 73 16 48 34 8 37 10 72 55 9 26 13 47 35 23 76 5 18 52 58 44 46 62 17 59 6 63 60 49 67 15 33 32 42 61 69 39 11 79 65 41 24 38 12 56 75 25
35 8 4 11 45 10 0 61 31 1 12 51 67 59 78 9 41 5 74 79 3 20 72 34 16 54 39 19 68 55 32 75 46 56 33 73 13 69 28 23 14 62 18 30 47 58 37 29 53 57 25 24 36 40 42 49 77 7 17 71 6 43 64 65 66 38 26 44 15 22 63 2 52 27 60 21 70 76 50 48
76 61 55 74 28 70 18 6 9 25 42 46 48 68 72 29 7 50 8 26 11 10 54 16 67 37 77 66 30 64 2 75 21 78 52 35 22 12 32 51 4 27 65 44 19 71 3 34 47 39 1 15 43 56 20 45 62 23 24 73 60 58 69 31 79 57 49 59 63 41 13 40 53 5 17 38 0 36 33 14
2 59 10 69 15 12 21 43 11 29 28 0 19 7 61 56 23 55 65 6 74 9 4 42 53 71 1 32 51 47 20 27 18 73 22 67 54 72 5 79 41 31 58 60 36 77 17 33 46 25 13 8 50 45 14 35 34 68 78 52 37 39 62 44 57 16 38 48 76 75 26 40 64 70 66 30 49 3 63 24
19 5 67 72 11 1 0 9 55 25 18 34 53 77 69 59 62 74 29 57 13 15 22 26 63 49 75 54 73 79 28 71 36 48 40 20 7 64 47 78 23 16 32 4 45 37 61 17 35 44 58 14 10 6 50 8 21 70 41 52 31 46 66 38 3 27 51 12 65 30 39 42 68 24 2 43 60 56 33 76
48 63 46 49 78 21 64 61 59 31 44 71 39 29 47 60 56 73 42 79 38 27 40 75 70 18 17 32 55 26 1 0 37 65 69 33 51 76 72 62 11 35 28 74 66 57 43 20 5 77 19 16 67 13 50 7 12 9 58 41 30 68 22 45 14 8 15 52 6 2 4 54 10 25 3 23 53 34 24 36
67 18 42 33 3 26 39 2 9 72 1 56 78 50 37 60 65 66 27 70 49 34 25 41 54 32 53 52 74 76 22 7 45 75 57 43 61 31 6 62 79 20 0 17 63 46 13 23 36 24 40 48 10 58 71 14 28 47 44 64 8 5 77 11 68 69 55 35 21 30 38 19 73 29 59 51 15 12 16 4
8 54 39 22 5 7 23 11 45 71 65 27 67 76 10 79 59 50 37 66 63 6 62 31 64 16 15 19 74 52 3 20 9 48 34 36 4 25 21 0 73 49 18 12 30 78 75 69 51 40 55 44 14 24 53 77 42 41 61 60 68 13 70 1 43 46 58 17 26 33 72 38 57 35 2 29 28 47 56 32
32 23 47 22 64 26 67 61 21 65 71 59 5 67 83 14 1 24 13 16 72 35 37 87 10 84 52 17 2 76 66 95 9 99 74 65 18 42 6 17 99 27 46 35 13 75 5 43 61 29 49 47 26 11 60 5 62 3 65 46 32 37 54 1 20 50 85 10 49 65 54 82 49 4 61 83 81 6 23 73
60 97 29 55 18 41 47 15 79 42 46 59 45 17 17 6 36 35 94 54 46 33 71 50 40 50 19 85 59 98 2 18 10 60 66 68 9 1 39 31 7 55 36 58 87 65 68 16 36 30 1 90 5 44 6 64 56 18 10 65 99 31 30 70 7 20 88 32 47 97 37 29 39 40 59 30 47 61 89 71
33 41 34 47 22 77 93 29 25 89 22 48 49 47 91 97 28 69 52 18 90 89 97 11 7 6 66 22 25 27 21 75 65 100 50 2 88 70 23 27 68 57 21 74 89 25 10 68 23 35 4 50 51 52 28 86 29 31 65 11 8 55 68 36 61 6 8 39 11 13 93 96 65 84 69 79 73 21 62 3
32 28 51 47 88 53 67 47 79 75 40 89 97 33 65 38 52 54 93 46 24 96 27 38 98 28 95 38 39 99 10 30 42 43 88 94 82 65 17 43 51 9 9 21 48 18 18 29 21 72 24 37 22 93 63 91 2 60 96 88 30 48 16 7 42 7 41 17 84 82 80 26 55 52 6 77 65 10 62 20
95 93 21 75 44 98 75 66 78 57 97 56 3 13 21 42 48 47 28 87 53 47 21 7 28 81 42 2 58 16 39 11 83 28 43 71 17 61 38 59 88 89 74 85 71 36 3 63 33 9 5 69 4 30 81 69 57 75 63 39 81 86 80 70 32 67 25 8 54 34 42 75 22 73 94 70 63 70 100 54
84 99 48 18 3 24 15 85 43 82 5 86 59 86 25 68 100 86 70 29 79 94 25 46 45 91 5 97 22 46 78 4 17 71 68 98 46 52 41 56 96 27 17 51 86 68 92 94 71 49 29 23 90 85 75 1 26 83 10 6 29 64 76 65 55 3 11 39 88 74 50 26 24 47 92 50 9 42 49 14
14 16 1 24 85 23 89 88 60 76 99 33 92 72 47 14 4 23 99 50 76 20 62 99 52 40 22 29 70 90 28 38 7 50 8 44 32 88 57 96 89 50 4 1 17 74 94 82 34 9 25 33 35 27 85 32 93 7 48 84 27 20 17 55 32 80 100 54 72 22 20 53 79 30 83 40 62 24 78 50
52 20 19 24 86 33 83 73 33 83 90 17 27 95 26 55 52 38 23 26 1 81 87 54 22 57 5 26 45 63 17 22 3 2 89 93 37 54 30 5 35 45 95 31 49 66 40 11 52 80 4 27 55 96 6 80 75 43 55 49 12 72 16 35 88 35 45 33 6 49 100 91 33 85 56 78 67 21 3 92
37 48 27 32 28 56 55 1 18 56 43 75 82 20 85 64 73 86 47 63 17 52 71 69 6 99 64 35 6 16 58 89 61 60 57 81 25 49 81 19 72 30 6 85 60 86 75 26 90 39 66 43 60 20 66 96 4 11 10 84 38 47 60 29 6 30 5 91 60 67 62 59 37 63 99 4 49 97 9 27
55 1 54 11 25 29 50 2 13 14 72 28 14 41 18 72 65 19 86 52 9 57 93 88 32 16 47 70 50 7 64 93 4 85 25 77 67 86 83 47 40 93 34 65 23 74 95 37 37 95 11 94 74 36 79 46 91 28 27 37 76 17 32 32 76 23 16 3 79 67 95 76 51 42 81 67 22 18 11 37
18 9 64 9 37 51 26 24 92 13 35 72 59 41 59 12 16 2 22 2 26 92 74 32 81 58 54 49 80 99 69 52 74 56 25 61 2 81 92 61 31 35 8 40 47 96 63 71 45 33 11 21 5 97 91 22 51 70 74 34 32 49 67 93 28 88 78 88 97 53 51 96 39 27 27 10 89 28 18 74
91 20 64 7 17 86 49 88 10 90 17 17 31 86 81 28 72 90 39 11 86 1 85 74 47 53 45 18 32 64 92 84 68 11 23 86 54 55 29 11 63 64 84 28 44 14 93 40 65 23 29 49 83 18 21 1 42 16 66 28 2 77 72 76 6 81 52 89 52 48 25 70 66 4 47 60 99 92 80 77
9 92 53 70 5 52 59 47 83 15 45 39 50 12 54 74 51 61 36 55 54 97 12 15 23 99 8 4 41 42 19 41 1 41 28 32 34 62 98 76 94 80 83 33 33 93 5 56 19 71 43 94 67 76 58 12 72 85 78 11 65 61 2 8 17 12 63 64 19 36 40 96 31 4 91 93 3 2 31 15
43 93 59 65 26 83 5 97 89 23 55 22 61 23 70 80 76 86 14 6 13 99 21 40 67 36 87 84 61 2 30 92 43 92 18 14 98 49 83 26 24 93 75 58 21 7 38 98 87 32 20 94 83 52 39 39 35 12 41 63 68 92 51 58 34 97 46 57 18 70 54 65 20 93 80 48 15 15 81 45
22 99 52 76 43 15 73 11 93 67 78 81 44 96 98 41 21 15 88 45 70 41 94 17 89 5 30 33 86 74 43 10 63 84 85 1 82 64 25 2 78 89 24 34 16 97 19 11 58 23 42 12 25 6 13 66 58 100 47 93 74 22 55 52 9 49 29 99 86 27 75 51 34 74 75 28 64 2 33 18
26 76 98 10 28 97 96 44 83 34 1 73 92 53 39 52 42 88 83 92 73 7 82 53 33 55 7 77 49 74 44 57 75 83 2 37 100 73 9 58 48 73 52 84 28 98 53 8 69 11 8 100 51 24 100 62 68 82 99 64 29 31 63 93 87 69 39 84 65 30 24 46 9 62 31 90 17 1 12 97
93 81 14 78 75 60 47 90 46 50 68 22 86 40 34 32 24 59 66 37 76 75 30 89 77 50 94 25 76 31 52 68 56 84 42 3 75 4 92 58 73 60 75 26 25 97 52 43 98 71 2 56 3 4 49 74 3 74 75 38 27 68 52 58 41 50 90 2 25 57 58 90 60 49 4 20 4 87 60 71
2 17 98 62 4 30 98 44 56 42 43 14 91 14 9 75 47 82 27 40 29 74 21 38 71 18 2 32 50 70 98 58 65 97 43 80 21 93 78 22 17 22 1 10 84 38 59 39 96 35 52 36 90 91 11 90 69 23 7 3 98 44 73 99 97 82 100 58 93 36 54 93 75 98 28 33 65 51 96 28
67 19 8 27 13 22 3 74 41 26 65 100 40 20 100 33 88 66 28 66 65 63 70 11 72 45 14 5 38 25 76 67 84 23 50 77 43 10 55 80 74 74 10 3 75 31 14 19 60 33 93 32 97 75 8 3 57 87 50 35 89 53 36 35 77 32 56 61 16 30 51 63 18 58 15 18 29 58 35 74
93 23 37 99 64 14 96 83 96 43 6 63 6 29 36 26 73 55 58 6 33 93 90 15 63 24 3 14 79 35 63 63 3 69 23 7 41 77 86 56 24 60 5 35 3 76 59 95 71 42 76 88 10 60 69 54 21 8 47 18 6 74 95 10 83 19 18 67 66 28 66 8 61 51 89 21 71 45 21 75
