20 80
50 77 3 37 22 38 47 12 19 53 15 72 76 20 61 78 57 8 2 14 58 40 74 30 43 52 41 28 68 55 6 46 54 21 49 39 18 79 73 44 16 11 35 5 23 1 66 32 63 75 13 7 71 59 29 65 27 64 25 4 0 24 34 56 42 36 26 48 51 17 70 67 9 69 33 60 31 10 45 62
8 34 58 67 11 0 35 52 64 57 4 26 37 54 21 45 69 38 7 72 56 79 19 77 12 25 9 68 24 78 70 53 31 13 28 66 59 61 39 2 27 48 14 41 33 16 50 15 3 55 76 46 29 36 30 42 17 20 71 51 73 60 22 43 32 75 10 6 49 63 40 74 18 23 44 65 5 62 1 47
29 7 56 52 63 23 12 51 31 48 6 62 71 28 0 37 61 65 47 22 74 77 1 32 50 38 4 25 58 9 36 34 64 78 44 11 70 46 18 79 54 13 17 35 69 49 10 27 76 75 8 26 15 43 2 55 60 66 24 42 40 68 16 5 39 19 67 73 41 14 45 20 53 57 21 72 59 30 33 3
63 52 25 5 37 38 41 45 32 74 4 62 64 7 76 60 39 26 43 53 29 69 6 17 34 13 55 59 9 72 36 78 51 11 50 42 71 77 19 67 58 18 57 73 56 24 30 61 27 22 49 10 70 23 65 33 31 15 47 28 1 79 35 75 46 0 48 14 68 12 20 44 40 2 54 21 8 3 16 66
46 19 64 65 26 63 7 72 78 51 22 35 40 57 43 5 6 9 58 24 16 77 41 56 4 70 27 37 38 60 1 54 3 34 49 33 20 39 73 52 10 48 14 28 8 50 44 0 75 15 12 68 62 17 23 18 74 29 2 13 53 61 45 21 67 71 42 66 55 11 32 47 31 69 36 76 30 25 79 59
65 18 3 15 50 46 8 41 63 70 2 22 74 26 62 33 69 54 60 51 38 23 36 53 47 44 71 39 32 29 10 37 31 64 1 35 78 27 68 24 67 72 43 45 30 77 16 66 34 75 17 9 14 5 20 12 0 56 42 19 25 7 11 48 4 40 6 21 73 28 57 58 55 49 13 61 79 52 59 76
56 9 39 34 61 66 54 47 13 59 30 32 75 44 14 76 49 21 65 6 68 46 5 36 37 3 4 58 43 0 24 1 79 8 23 19 60 48 64 71 74 45 55 25 31 20 15 69 40 50 70 11 52 28 7 51 38 57 27 12 26 53 72 42 17 29 73 10 41 67 35 16 18 62 78 77 33 63 22 2
10 9 54 40 12 2 36 64 52 62 73 53 1 4 66 31 76 58 8 35 57 6 74 44 15 42 67 48 30 51 39 3 22 20 61 32 43 7 11 23 14 27 68 28 37 16 70 29 17 65 60 0 71 46 59 47 33 26 5 18 19 75 55 45 41 24 69 78 21 50 77 56 13 25 38 49 79 72 34 63
31 43 32 19 72 12 52 17 16 44 33 37 28 77 35 6 63 24 48 5 78 39 8 41 10 61 15 46 65 70 30 49 55 45 22 60 69 9 7 71 36 26 3 20 25 4 38 66 27 59 64 53 67 79 2 1 40 51 68 73 50 75 54 0 62 34 14 47 76 29 58 23 57 74 21 18 56 11 13 42
42 70 46 18 7 3 4 26 13 53 59 47 9 14 8 72 24 28 75 12 51 44 33 66 54 40 71 74 55 34 61 20 2 30 17 36 78 32 25 50 76 22 10 45 21 43 0 11 69 58 23 73 31 29 19 41 1 63 57 68 6 62 38 65 79 67 15 37 60 56 49 52 27 5 64 77 48 16 39 35
64 37 76 23 4 73 16 38 65 15 52 72 55 45 30 6 33 32 71 20 5 66 8 7 2 53 63 67 41 46 75 60 34 26 50 19 42 24 48 35 69 17 57 68 18 40 21 59 22 77 1 70 9 58 49 13 44 10 43 79 12 0 47 11 54 56 36 29 31 28 14 62 39 25 51 3 61 27 74 78
38 20 44 6 76 28 65 36 52 29 5 70 75 22 74 77 8 66 15 49 46 14 23 72 58 16 71 21 67 18 63 30 42 19 39 73 68 3 69 53 79 4 57 45 50 35 56 13 9 61 26 41 10 0 25 78 43 2 62 37 48 32 11 51 47 64 1 17 34 31 59 12 27 60 40 54 24 33 55 7
45 23 44 32 5 58 52 15 48 35 69 33 60 9 1 29 10 57 61 38 74 21 68 72 7 79 75 71 25 11 47 40 67 0 50 12 63 18 19 31 77 37 3 41 22 54 76 65 78 59 73 20 39 62 28 14 42 2 64 53 8 51 36 70 43 55 13 26 66 46 24 49 4 34 16 6 30 17 27 56
57 46 20 68 18 14 50 9 15 33 52 12 28 43 47 22 19 8 34 58 61 32 24 73 29 49 4 75 64 2 45 65 23 0 62 38 77 40 13 37 1 42 63 55 53 11 5 7 48 30 66 67 27 44 35 17 60 54 79 74 78 41 16 71 51 31 69 72 6 26 25 36 39 76 10 21 59 3 70 56
50 5 65 22 26 13 54 31 75 49 77 51 7 21 15 6 8 71 52 19 53 9 1 29 41 42 17 39 47 40 37 0 4 28 59 70 79 58 20 2 18 14 76 63 48 56 3 78 69 61 23 73 16 36 12 66 60 45 34 25 72 24 62 43 11 55 44 27 57 32 46 38 33 30 68 67 64 10 35 74
78 15 25 7 50 4 55 45 26 48 60 52 49 14 67 12 24 61 72 11 56 22 41 39 65 0 68 75 70 77 42 58 9 10 51 35 36 38 40 18 57 28 34 27 19 32 23 31 33 46 69 13 54 29 6 63 71 66 59 3 2 17 8 47 53 30 62 5 20 74 16 37 21 43 1 64 73 76 44 79
29 8 62 73 76 25 31 19 69 20 66 50 35 18 28 68 63 16 23 14 12 33 7 27 41 34 58 57 51 36 24 0 46 38 70 52 40 78 64 42 5 32 48 49 61 6 3 60 10 15 11 67 75 54 39 55 56 13 17 47 4 37 30 71 1 53 77 21 44 65 79 59 2 9 26 74 45 22 43 72
75 57 35 44 73 67 9 34 0 14 30 76 51 40 12 17 43 64 41 21 71 62 5 58 39 59 38 78 11 26 70 23 69 20 63 13 55 66 1 68 53 79 25 4 54 52 56 37 16 10 18 27 7 42 72 36 74 32 2 65 61 47 19 50 22 77 60 48 33 45 15 6 31 46 49 29 8 28 3 24
38 8 68 74 73 23 79 19 18 30 11 56 26 16 41 37 43 28 78 77 21 54 65 25 57 9 71 10 60 45 29 42 69 40 47 53 4 5 59 62 66 13 33 51 20 76 15 3 72 24 39 58 63 34 2 49 36 27 75 44 1 17 0 48 52 46 35 32 70 31 14 50 67 55 22 12 61 64 7 6
17 52 75 72 65 26 54 44 33 45 28 21 60 11 14 32 6 15 55 9 13 37 10 41 36 18 59 69 78 50 68 23 2 35 79 0 40 16 63 71 43 27 64 1 7 30 20 73 51 22 49 31 12 24 62 19 29 67 25 70 39 76 57 77 3 56 74 53 58 46 4 66 47 61 38 42 48 8 34 5
35 5 86 49 8 32 88 36 46 11 62 49 54 5 24 57 71 81 3 11 61 23 13 93 96 51 63 82 59 57 38 27 3 8 77 92 38 14 27 82 30 52 36 77 27 57 61 53 54 100 75 18 35 58 58 7 72 17 61 45 23 29 7 18 92 39 83 34 13 73 43 42 34 52 31 86 29 7 31 16
60 69 94 96 80 54 99 9 1 88 30 17 16 58 73 83 76 85 28 4 11 96 55 36 16 86 20 15 56 14 96 7 3 26 91 91 35 62 29 23 79 36 33 23 88 18 2 84 47 85 96 34 67 44 98 92 58 6 28 50 34 2 18 19 99 58 6 62 17 24 28 25 70 46 82 11 58 55 73 100
83 63 2 76 41 51 76 46 1 94 52 38 100 59 5 79 38 47 83 27 36 71 14 28 70 13 7 66 81 69 96 30 71 54 25 38 74 75 15 12 100 35 54 75 59 93 46 51 18 100 79 22 41 28 69 88 15 73 37 4 11 94 34 83 93 97 54 6 23 55 77 16 6 94 89 54 52 85 90 8
43 28 6 77 46 46 96 41 78 10 13 88 31 86 74 4 93 94 94 51 62 54 1 5 38 32 97 60 98 42 15 43 72 93 25 8 3 89 95 43 19 21 66 41 13 72 14 95 88 86 8 92 69 26 87 81 11 56 47 13 65 26 5 99 56 10 36 88 38 100 53 79 82 73 58 78 7 26 34 72
73 68 50 96 8 62 6 37 90 94 74 38 70 84 84 93 32 88 23 21 25 84 42 97 91 89 48 66 63 52 29 65 30 28 22 93 94 54 14 56 63 57 51 63 81 45 50 89 52 52 32 65 20 72 67 74 65 52 25 70 39 21 87 37 80 5 1 73 53 5 26 96 38 22 24 83 17 86 11 76
35 49 27 65 96 9 7 69 78 74 62 94 54 55 79 59 11 24 9 58 43 62 55 11 23 31 17 32 51 93 21 61 61 71 69 2 21 60 17 5 94 82 5 29 74 13 99 77 27 84 71 76 38 57 66 65 79 68 52 23 21 33 74 13 83 43 73 87 8 32 79 92 53 30 52 12 19 30 73 62
3 76 56 29 10 56 10 69 50 95 75 73 9 24 42 1 26 57 27 43 61 76 97 94 66 63 35 22 29 39 6 20 79 5 84 19 84 96 17 35 96 66 55 45 25 21 89 66 48 85 17 76 89 95 82 84 30 99 35 70 35 8 73 47 70 43 51 30 64 49 88 13 20 1 3 28 29 38 94 80
70 7 18 50 98 21 13 35 30 48 98 27 25 77 56 44 46 24 34 31 22 4 25 63 35 96 59 29 19 17 37 35 92 76 9 14 65 37 24 13 5 32 66 30 20 66 3 11 26 35 21 66 36 70 1 66 88 86 77 63 31 92 34 79 64 18 87 49 72 11 77 85 5 55 63 91 35 66 93 98
14 23 77 31 28 94 59 28 1 59 35 93 67 19 98 9 99 8 12 15 7 89 80 76 81 51 25 23 91 100 96 99 23 54 69 29 31 70 37 39 6 23 77 75 72 32 18 17 57 13 50 66 69 85 61 38 12 78 27 59 57 4 71 90 48 23 39 67 98 8 83 91 16 32 15 24 28 8 39 18
67 16 41 22 85 3 39 66 14 88 3 54 12 58 98 62 34 88 98 19 91 14 95 25 26 24 27 53 77 36 100 91 32 68 18 1 40 39 81 18 27 55 21 69 15 7 16 59 79 80 69 14 42 54 88 72 83 77 5 100 36 23 11 27 91 72 100 17 94 74 36 16 6 74 76 25 46 17 24 27
80 95 72 33 40 48 8 7 28 8 83 30 16 38 97 20 28 11 91 50 38 73 8 31 9 4 19 33 8 80 27 68 2 6 71 25 18 82 42 77 100 73 47 69 38 5 21 65 36 18 96 40 63 47 46 46 40 27 76 15 46 33 49 100 26 17 81 60 80 69 30 2 43 34 35 78 86 69 86 65
37 28 74 91 31 72 84 70 39 14 53 51 55 17 52 12 65 62 24 7 44 85 70 78 58 27 95 32 92 18 29 84 50 59 55 60 13 25 30 47 38 77 22 81 11 38 41 98 72 31 62 34 70 93 63 70 70 78 98 80 57 48 60 80 82 53 7 35 36 26 68 70 85 85 73 11 68 3 32 32
65 92 42 62 86 77 87 86 96 69 79 86 40 49 20 79 5 8 84 85 1 82 86 19 50 32 68 27 35 33 87 36 9 87 75 41 67 32 73 93 52 46 12 2 2 94 38 74 9 98 75 74 37 13 51 85 92 25 4 70 17 67 43 6 88 16 29 81 14 56 56 52 41 39 29 11 91 41 77 62
20 67 6 93 62 75 36 7 85 99 12 76 44 41 93 19 42 85 15 95 50 18 100 49 37 8 22 45 70 55 54 59 12 24 57 89 79 54 54 22 45 44 85 1 21 67 15 81 20 53 72 98 63 31 7 38 100 13 64 29 43 91 38 94 23 18 89 78 95 57 77 1 29 27 100 58 89 25 77 55
16 81 78 55 68 55 52 36 41 22 78 42 9 36 27 94 63 49 93 46 62 53 96 12 75 86 21 63 92 3 64 97 8 33 65 98 56 20 74 42 69 2 44 83 85 56 89 52 6 44 92 20 74 50 18 98 9 98 100 90 7 94 30 49 77 4 57 59 26 16 78 5 89 50 87 82 11 35 32 14
33 89 12 8 12 88 7 71 88 57 3 59 99 33 31 71 45 41 36 14 33 89 85 49 32 35 38 44 12 82 74 39 96 12 100 12 97 28 67 88 43 85 66 32 99 89 2 93 79 45 9 19 72 49 79 8 2 59 47 16 5 67 6 90 54 38 9 66 54 30 9 81 59 66 87 35 92 20 61 80
100 44 83 27 75 28 66 82 5 44 26 75 92 14 10 28 45 4 68 7 12 4 96 71 67 80 58 32 62 90 38 43 47 65 10 28 81 18 1 69 94 95 75 83 47 99 89 92 28 58 61 19 89 26 88 50 18 33 68 53 7 50 86 78 81 25 76 24 96 97 4 30 25 73 81 20 92 91 25 87
88 39 44 14 36 16 37 95 61 24 64 61 39 12 78 27 86 82 4 22 1 26 93 43 1 33 47 73 43 99 27 84 41 23 97 47 87 87 51 65 45 76 74 64 51 9 42 75 11 29 95 73 1 5 83 29 12 31 59 17 76 92 83 89 56 8 35 75 28 24 90 82 45 5 35 34 4 20 88 99
37 94 17 34 10 31 25 81 78 61 53 77 98 43 13 69 78 61 87 41 14 28 57 72 83 35 86 33 13 84 42 7 97 20 6 75 83 16 38 28 30 27 73 48 40 50 59 16 94 61 58 6 23 33 12 2 15 75 26 24 29 77 79 79 34 72 53 43 98 53 9 78 79 54 53 30 33 43 60 68
76 9 77 18 4 3 54 64 99 99 88 30 59 25 24 71 82 84 98 46 93 16 66 67 61 52 50 8 40 17 96 63 25 93 53 29 13 69 37 60 37 63 21 27 71 4 57 89 24 1 48 85 50 56 51 31 2 2 10 84 55 13 68 6 13 28 47 53 84 38 24 93 71 54 100 55 2 98 38 3
