20 80
31 44 71 9 40 8 33 19 59 46 23 35 27 18 55 15 26 53 70 66 63 16 32 24 61 49 21 78 6 43 3 5 10 67 52 1 45 2 41 51 30 29 60 57 54 68 77 38 69 74 7 37 48 50 42 28 11 62 0 4 22 39 36 58 47 56 76 25 73 75 14 79 17 12 72 64 20 34 13 65
31 35 67 74 38 61 47 51 22 18 79 11 69 78 40 75 33 5 62 59 2 32 53 10 65 42 14 58 54 46 8 73 23 9 44 26 27 50 77 6 48 21 13 43 1 72 52 68 71 19 76 15 28 39 29 55 70 7 49 16 25 60 4 63 66 30 64 0 17 34 56 36 45 37 3 24 12 20 57 41
69 33 28 79 26 44 0 10 50 24 75 13 77 18 29 67 35 62 68 17 37 3 73 36 6 48 58 41 9 74 46 64 61 15 55 51 47 31 60 78 72 30 71 53 22 4 25 42 76 45 59 14 27 38 1 21 8 57 16 2 43 54 19 32 56 11 7 52 23 34 5 20 70 63 65 49 12 40 39 66
76 1 16 69 25 41 33 9 27 54 8 71 29 57 73 47 56 6 77 43 2 35 39 55 3 10 72 19 49 66 32 13 78 23 51 52 53 60 30 24 79 62 15 45 11 7 63 18 17 34 70 67 14 65 59 74 38 20 37 42 44 48 36 68 31 4 64 12 75 61 40 21 0 46 58 28 50 5 22 26
4 5 27 72 2 12 8 16 29 45 56 3 15 48 57 26 6 43 44 73 21 36 65 42 51 64 63 54 37 23 61 31 68 33 74 40 35 79 10 17 66 13 38 0 69 71 20 53 70 9 55 60 59 58 75 14 18 32 25 77 1 30 67 28 62 22 47 76 19 34 11 78 41 50 7 52 46 39 24 49
49 7 54 74 40 77 2 68 38 67 79 44 45 69 0 39 36 66 72 27 6 15 70 26 57 58 63 55 75 17 22 62 8 24 42 52 56 9 76 34 61 14 25 33 10 64 28 50 16 18 35 65 20 51 78 29 30 71 47 19 21 5 43 32 60 12 23 48 3 31 1 46 4 73 59 41 13 37 11 53
28 75 10 6 51 71 50 33 76 19 47 1 37 13 53 68 12 26 29 67 77 36 31 30 49 56 0 73 66 27 42 58 57 17 3 72 18 65 32 38 39 45 20 69 70 41 23 60 74 40 52 8 64 55 44 61 11 79 34 2 15 48 43 35 59 54 5 25 22 21 78 7 62 24 14 4 63 16 9 46
77 45 38 46 41 76 64 73 19 14 69 59 16 23 8 10 50 7 55 31 9 56 67 60 52 4 22 13 34 20 70 42 1 61 74 53 62 58 65 39 12 63 30 29 27 0 25 66 3 17 5 78 75 21 54 18 72 11 32 43 35 71 26 15 68 57 51 40 47 2 28 48 36 79 49 6 37 44 33 24
17 68 37 8 73 57 53 32 43 74 58 24 22 48 72 59 20 34 39 66 35 4 38 19 12 52 26 64 41 0 76 2 36 3 69 33 50 23 30 1 27 14 7 42 49 55 5 60 65 47 44 29 62 63 31 79 28 56 18 45 78 21 67 9 10 11 15 54 61 25 13 51 16 40 70 71 77 6 75 46
31 64 61 4 10 20 22 69 35 14 34 7 38 40 18 63 55 53 33 74 48 50 71 25 3 21 12 16 43 72 23 36 17 76 60 15 79 75 29 8 13 27 65 57 51 77 0 47 9 59 58 52 54 37 44 45 28 46 41 5 19 49 24 2 11 68 6 66 73 1 32 30 67 26 70 62 42 78 56 39
32 59 13 10 77 65 66 1 72 20 18 49 25 22 14 23 60 75 63 15 0 40 76 45 39 9 43 57 61 6 33 24 79 34 51 29 3 67 41 78 35 8 64 50 44 28 17 58 73 62 36 37 74 70 26 19 42 71 4 48 12 38 16 52 27 30 55 69 68 54 53 56 46 31 7 5 21 47 2 11
26 16 19 17 0 7 62 2 22 12 63 46 11 28 49 57 42 29 8 9 54 21 31 77 72 74 18 50 5 61 40 14 64 1 34 78 27 45 33 32 53 35 73 55 6 30 44 69 65 37 52 75 15 39 66 43 68 76 47 56 51 23 36 60 25 20 4 3 58 59 13 79 38 10 70 48 71 41 67 24
63 38 52 35 10 15 64 74 28 76 2 34 3 58 68 51 59 37 29 62 54 46 32 6 75 60 48 66 40 19 16 79 31 5 8 57 17 55 44 61 65 69 24 1 11 45 33 12 13 50 14 23 43 42 36 0 47 72 30 26 21 67 53 25 70 41 78 4 20 73 77 56 18 39 22 71 27 49 7 9
74 15 57 7 65 79 45 66 34 55 61 70 42 29 22 6 41 76 14 56 36 4 68 78 8 27 60 25 72 40 59 77 23 24 3 64 52 20 39 32 44 43 75 19 71 50 21 18 63 54 47 49 67 2 51 73 17 9 69 35 33 5 30 48 38 31 12 28 26 58 53 46 11 37 1 13 10 16 62 0
12 6 44 27 48 52 5 42 68 20 34 56 36 67 75 0 43 19 66 29 25 10 17 21 22 61 8 78 51 46 59 37 2 16 30 64 28 14 23 32 69 47 15 35 13 71 73 18 79 7 57 40 62 72 41 54 65 60 63 49 33 3 4 1 70 53 39 11 26 24 74 55 58 38 50 76 9 77 45 31
11 63 71 68 15 6 59 0 67 4 24 49 7 36 53 42 1 69 40 52 74 28 12 14 61 9 43 3 26 29 50 41 10 39 38 77 65 13 75 30 21 37 32 34 22 31 33 76 16 55 27 17 8 45 51 54 18 66 58 35 78 25 56 57 62 64 47 19 2 79 23 60 44 5 48 46 20 73 72 70
37 60 77 23 45 74 70 40 26 52 6 78 62 65 57 35 15 64 79 76 12 0 59 20 75 27 66 34 67 10 49 16 63 24 25 31 61 44 11 38 73 22 4 43 48 50 21 2 68 32 42 9 30 3 55 33 18 29 19 53 39 13 36 51 28 41 56 14 8 54 17 46 47 72 5 7 69 71 58 1
37 13 39 24 75 46 5 43 16 6 0 21 71 70 49 29 31 26 50 18 35 62 56 60 30 63 79 66 32 67 78 58 22 74 7 3 64 51 57 11 34 4 10 45 55 72 25 36 9 33 42 27 61 12 68 17 54 15 53 47 73 1 2 40 69 38 41 28 44 8 14 23 76 48 59 65 20 52 19 77
47 14 23 52 60 59 11 43 30 62 51 16 41 57 64 69 34 73 55 22 40 49 24 39 46 38 32 58 13 26 68 3 50 21 66 2 25 45 48 20 12 28 19 65 54 76 17 31 9 44 78 61 75 72 7 0 10 79 36 71 74 70 37 53 15 27 56 6 18 5 77 67 4 8 42 63 35 33 29 1
15 4 40 66 48 7 79 60 26 13 27 47 72 73 2 14 74 35 3 58 28 11 65 51 22 67 50 62 56 32 6 17 41 31 30 78 0 77 53 8 43 71 34 9 21 25 64 70 75 69 59 68 10 42 57 20 55 5 36 44 18 46 61 49 24 37 29 76 54 16 12 38 19 1 52 45 33 39 63 23
56 28 67 54 61 64 47 68 70 1 57 23 50 88 98 40 54 46 74 29 81 81 46 65 72 87 66 42 19 56 38 15 87 36 79 81 12 47 7 5 28 17 86 47 87 5 25 43 82 86 2 53 61 11 12 6 52 51 59 63 8 39 22 93 36 34 15 84 81 49 62 93 80 10 7 67 31 74 9 69
25 77 32 39 90 16 36 16 95 14 85 96 75 63 48 79 24 72 11 21 5 17 90 56 19 74 73 67 52 61 37 7 25 68 88 69 57 66 95 11 98 19 100 88 73 12 54 56 40 30 80 50 70 92 58 54 33 46 29 56 90 61 66 48 3 13 61 60 90 87 50 73 9 71 5 73 23 81 100 56
5 8 48 76 18 46 18 5 83 29 94 5 5 21 95 58 28 23 40 59 40 19 47 6 71 75 22 98 20 56 61 81 7 39 63 75 38 24 92 39 36 7 4 27 72 31 23 35 47 46 88 26 47 66 26 40 24 93 49 79 78 62 61 2 10 8 75 49 45 81 21 88 17 49 13 74 3 9 58 73
13 54 63 93 1 25 45 7 95 58 64 24 52 81 79 45 71 95 33 88 51 60 71 43 28 62 8 95 60 11 93 39 25 20 34 33 61 68 96 84 68 7 55 84 76 54 6 68 99 62 22 66 4 86 92 74 68 91 46 78 30 31 100 1 49 85 36 36 51 51 56 39 44 64 45 85 31 99 54 90
1 88 27 83 21 23 36 81 95 70 74 86 5 76 4 70 74 64 26 1 52 98 12 1 45 100 61 54 89 13 28 15 87 31 1 10 78 41 1 36 93 57 17 48 89 60 72 57 16 4 34 98 8 11 77 35 40 72 46 97 55 82 99 82 91 41 27 45 67 94 34 31 73 83 26 11 81 58 68 91
36 40 44 100 7 91 71 34 25 31 14 56 42 52 84 69 43 48 84 53 44 26 60 16 62 3 38 31 20 46 59 98 98 67 22 34 72 89 9 62 73 24 20 59 33 34 74 15 61 86 32 71 24 39 50 75 19 44 6 65 77 91 61 81 15 48 88 7 30 51 93 9 15 24 8 17 94 25 5 87
5 87 20 78 13 81 37 11 32 98 44 72 59 89 42 27 41 52 9 92 66 42 63 83 21 34 76 59 92 84 24 38 41 72 5 86 10 66 45 21 7 67 62 92 58 58 31 50 1 79 11 43 24 16 10 7 89 6 6 17 6 98 39 19 25 47 44 44 17 75 51 18 33 44 40 96 99 16 23 7
87 55 72 39 10 79 39 11 63 96 2 2 21 46 70 37 73 100 72 13 96 32 17 98 18 12 17 69 51 38 15 79 44 33 78 14 48 94 10 74 20 68 41 38 49 1 85 49 43 61 95 36 82 79 31 41 60 48 29 77 71 69 86 25 70 54 24 33 20 6 60 12 99 17 67 78 85 41 22 79
16 44 69 94 85 97 17 62 89 73 28 1 43 79 16 61 96 80 40 32 75 93 63 37 57 98 23 20 24 6 3 8 70 100 48 42 67 11 78 75 17 91 38 58 1 58 5 97 33 26 67 71 91 99 45 98 10 50 72 35 94 56 82 11 44 77 51 52 67 22 24 62 33 97 16 22 81 22 57 54
12 86 20 88 93 56 63 35 40 43 4 71 27 55 95 3 60 54 31 97 32 69 6 6 93 45 88 63 3 39 21 80 55 14 88 95 50 58 40 84 46 74 48 90 63 25 26 45 99 94 42 31 54 63 94 58 50 12 11 74 1 54 91 61 47 85 72 37 95 37 42 58 31 33 89 55 82 60 61 19
9 4 58 95 59 59 47 3 26 74 88 16 80 11 4 86 34 89 33 99 13 17 36 45 67 8 98 54 22 93 93 33 78 69 31 58 17 57 75 85 16 58 7 4 78 15 31 9 96 86 31 13 74 32 96 75 72 24 41 8 54 68 28 89 48 35 71 27 9 82 87 65 52 79 12 87 78 67 50 89
72 87 21 76 70 88 53 50 68 98 28 59 70 69 48 57 44 6 57 67 73 64 76 22 63 13 63 72 4 37 92 13 79 98 59 6 87 68 97 26 22 1 88 38 84 41 69 100 8 93 48 68 12 98 55 81 34 99 81 25 47 57 17 57 72 48 76 47 98 53 47 70 62 23 67 45 61 24 60 28
59 49 93 17 47 49 53 55 63 66 61 59 77 8 25 82 68 15 75 68 42 46 99 68 80 35 69 54 31 70 59 15 93 73 65 10 73 53 32 1 13 1 50 88 85 50 61 93 75 48 73 35 14 25 41 44 69 17 38 5 33 60 33 27 77 46 3 62 99 75 59 48 76 14 94 33 44 80 27 86
5 69 74 29 60 23 97 80 9 40 30 74 4 56 35 62 33 75 31 88 97 57 35 89 76 2 26 87 88 5 57 91 96 49 18 76 99 48 25 94 93 24 57 67 70 96 10 59 81 27 100 76 78 36 97 76 96 86 66 36 75 93 4 70 56 77 17 36 19 97 56 89 49 6 50 25 16 24 35 21
23 45 95 26 66 22 31 10 22 37 31 59 92 50 77 84 100 89 49 35 30 31 41 5 80 57 89 62 67 85 79 39 51 60 84 17 76 15 34 86 70 12 42 3 54 33 72 91 92 12 12 70 41 30 2 61 21 47 8 26 48 19 78 26 7 98 24 17 21 65 90 42 60 55 92 39 40 30 27 12
28 47 31 56 95 20 76 86 19 73 7 1 53 21 50 67 23 78 20 83 66 29 5 57 59 56 48 41 50 16 86 79 42 54 66 71 22 4 96 42 29 54 42 3 89 53 70 22 71 56 37 1 57 42 83 76 91 7 69 89 50 60 27 42 1 33 28 94 22 38 13 95 50 94 22 26 76 80 53 20
36 13 34 53 50 59 11 18 42 31 40 5 14 18 21 18 31 71 52 21 39 62 11 34 93 30 18 47 7 70 88 57 30 39 26 97 9 46 6 26 87 29 53 79 29 30 5 26 11 25 5 3 15 4 91 8 28 46 28 83 58 34 49 43 74 24 54 87 29 36 63 2 64 56 46 12 4 35 81 14
63 19 59 52 94 24 55 21 69 24 22 98 15 27 51 12 54 79 14 52 31 52 80 84 85 82 21 61 31 68 14 92 54 47 48 58 38 42 92 31 70 73 56 15 41 21 61 12 17 2 100 33 61 41 89 50 9 39 49 75 70 53 17 85 35 40 21 27 80 91 51 43 93 41 6 89 13 19 74 73
5 37 11 7 65 80 12 40 62 45 62 100 85 41 20 79 80 68 5 91 44 89 66 66 25 63 48 22 97 76 41 60 27 34 18 49 69 32 93 10 74 60 5 16 4 86 88 43 51 78 14 98 70 74 38 66 66 54 20 59 86 14 38 76 91 49 2 33 62 33 8 60 24 86 57 83 1 73 28 48
14 33 19 88 67 19 12 17 32 4 17 79 83 62 41 10 62 48 59 8 34 91 52 25 26 87 79 69 74 99 78 85 5 31 56 31 37 82 30 19 26 21 36 53 34 68 69 3 80 83 77 61 31 90 86 94 29 76 59 32 1 20 34 82 54 61 97 22 8 32 42 31 81 93 57 46 58 60 93 97
