20 80
72 45 70 24 52 5 23 17 34 58 37 30 11 63 40 69 65 66 28 41 61 18 14 62 9 31 27 6 43 0 75 3 78 36 2 33 4 35 12 16 53 67 48 20 10 15 29 7 38 59 1 60 19 55 47 64 57 25 56 22 76 44 32 8 51 54 13 71 26 50 39 77 49 42 21 74 73 46 68 79
61 14 67 25 77 36 43 26 11 65 50 10 23 42 47 59 57 9 70 46 34 1 20 41 66 58 16 4 64 27 73 6 54 75 22 13 62 3 19 15 7 71 74 12 63 37 32 2 8 78 38 33 31 17 53 60 21 0 44 29 5 72 52 49 30 35 18 68 48 56 79 28 45 51 40 69 39 55 24 76
28 72 49 2 4 54 71 44 15 8 66 56 36 76 73 13 79 25 42 48 64 16 61 43 30 0 17 37 58 68 29 21 59 45 39 65 31 3 18 20 74 19 34 57 46 67 62 75 32 52 69 38 14 26 10 51 70 33 40 35 5 12 27 9 24 23 63 78 22 60 50 53 55 47 6 11 7 77 1 41
23 9 78 0 67 27 7 74 72 15 14 30 57 51 2 49 46 29 5 48 21 3 40 45 22 58 18 20 61 79 62 16 55 75 71 50 25 8 66 56 36 26 52 39 64 31 59 13 19 47 60 73 44 12 37 70 28 1 42 33 24 38 10 76 65 63 54 17 6 77 4 35 68 34 69 11 43 41 53 32
55 68 8 26 0 75 9 32 70 31 45 41 54 24 5 60 7 22 23 12 63 77 21 48 4 78 27 13 16 49 62 51 71 47 39 10 76 19 17 52 59 34 69 30 79 15 2 37 35 38 25 66 57 20 46 42 73 43 65 11 74 53 18 58 33 64 29 1 6 44 14 50 61 67 28 72 36 3 56 40
56 1 6 65 26 30 12 77 53 2 60 54 5 51 25 45 46 13 66 29 69 62 7 14 34 57 0 68 49 38 27 22 75 21 11 59 24 44 10 52 19 9 76 35 61 4 31 20 78 37 70 3 50 74 18 72 8 36 41 43 28 17 47 55 16 58 79 42 73 64 40 23 32 67 71 15 48 33 39 63
52 3 4 42 63 74 28 26 77 18 59 24 49 56 39 21 45 2 55 23 44 29 75 48 30 66 20 72 47 7 78 68 5 58 19 43 73 62 70 46 65 35 9 34 25 32 16 51 54 33 17 64 37 76 22 6 8 0 1 79 71 38 14 61 40 11 36 69 31 41 57 50 60 27 15 10 12 67 13 53
19 56 10 9 11 23 32 74 39 30 1 43 8 0 37 42 26 64 65 38 52 36 50 14 58 79 49 25 22 71 5 75 54 73 57 76 15 7 44 59 12 77 13 24 2 47 66 67 17 62 46 55 53 4 41 18 72 16 69 45 78 48 28 51 3 60 61 40 34 6 68 27 63 35 31 21 70 33 20 29
79 10 64 29 34 48 43 40 51 13 44 14 9 30 5 24 3 65 63 62 66 25 12 6 70 4 32 60 19 74 69 77 36 72 1 75 22 23 68 31 47 61 18 67 50 42 33 45 54 21 37 11 15 57 71 73 41 17 49 59 76 38 39 2 0 7 58 20 56 26 55 8 53 78 52 16 28 46 27 35
23 52 33 22 50 39 1 66 57 48 37 24 17 73 59 76 74 13 58 20 27 67 15 19 44 61 5 7 63 3 60 43 78 9 42 34 55 18 36 31 47 62 71 75 16 49 68 0 30 77 4 45 14 56 72 21 70 32 28 6 65 29 51 26 64 40 69 79 54 10 25 12 11 53 38 8 35 2 46 41
25 5 55 3 54 13 52 77 24 53 40 12 45 42 26 72 8 67 58 79 48 44 61 63 29 10 69 62 11 23 65 32 7 4 38 14 35 46 9 19 16 70 43 34 78 64 66 31 73 57 18 22 50 6 2 74 36 51 56 0 49 20 17 15 41 27 37 30 1 59 60 71 47 28 75 76 68 33 21 39
37 54 31 16 19 79 74 14 28 1 18 63 25 38 3 52 13 51 66 10 72 77 58 49 46 55 62 75 59 36 20 17 47 67 26 44 50 57 22 8 73 71 76 41 4 5 29 27 9 64 43 40 7 42 78 53 56 65 30 48 39 0 23 69 6 35 60 45 32 33 34 70 15 12 68 2 24 21 11 61
24 47 76 9 12 63 73 48 37 11 5 17 18 34 21 31 72 40 56 32 53 60 26 19 74 1 69 54 39 0 79 68 13 42 25 51 36 78 20 50 2 70 62 52 41 27 3 35 22 66 29 7 49 28 59 30 58 16 71 57 38 65 77 23 67 4 75 33 44 45 14 6 10 61 15 46 64 8 43 55
43 67 19 4 64 35 30 54 51 71 7 78 26 58 29 16 2 12 62 32 65 11 5 18 22 25 49 23 50 34 13 38 28 17 39 68 66 63 55 21 75 47 41 36 31 76 72 27 77 3 0 37 24 45 69 79 73 14 8 42 33 40 20 48 70 53 46 15 74 10 57 44 52 59 60 9 56 6 1 61
74 37 59 31 55 58 9 78 66 15 24 10 34 25 47 36 14 67 18 60 77 30 73 43 35 68 23 46 26 52 27 51 69 20 63 17 65 76 79 64 42 21 13 62 2 12 44 57 49 72 33 11 16 45 41 29 3 61 53 28 75 7 38 39 50 19 0 54 48 6 4 5 8 32 56 40 70 22 1 71
30 44 79 29 38 34 23 74 33 28 32 73 19 56 11 21 59 1 26 17 40 48 69 68 13 31 75 20 78 61 42 6 9 18 27 14 16 62 25 70 46 64 10 63 67 66 49 3 15 37 55 36 8 60 5 24 39 52 7 12 57 51 43 76 35 58 0 47 45 77 41 65 53 4 22 54 72 50 71 2
73 36 8 65 74 20 34 21 28 61 40 66 18 79 38 53 25 22 49 51 72 0 35 2 6 75 56 1 24 45 23 63 64 3 43 77 26 54 5 16 7 67 10 76 68 13 46 4 55 59 33 41 57 11 69 62 17 27 29 70 52 47 42 31 32 37 78 12 39 58 14 71 30 50 44 9 60 19 48 15
27 65 28 41 22 59 15 71 68 2 70 60 30 45 11 17 55 21 5 9 78 10 54 36 46 52 53 31 61 1 63 32 18 49 64 4 34 33 75 62 44 67 13 35 72 50 51 66 14 77 29 38 69 26 23 40 43 48 56 0 73 79 20 37 47 12 19 16 57 7 24 74 58 76 42 39 6 25 3 8
18 38 64 1 14 50 59 47 11 49 58 77 61 15 42 4 0 35 39 2 32 20 45 67 69 63 57 76 46 23 40 44 29 75 24 25 66 74 9 8 53 56 5 31 27 68 34 48 41 19 70 36 60 73 22 13 55 10 51 6 33 12 30 43 7 65 52 17 78 71 79 21 54 62 37 72 3 16 26 28
32 5 63 52 31 16 23 46 75 77 30 35 73 56 65 68 53 10 70 72 19 40 78 37 66 3 36 24 64 47 51 29 45 62 55 34 1 11 48 69 14 42 59 38 71 12 44 79 28 39 6 74 15 27 13 25 33 61 22 18 7 2 57 41 43 58 67 0 17 9 20 4 26 50 49 76 54 21 60 8
4 67 63 70 97 84 94 46 95 72 73 83 33 34 9 91 17 8 22 41 11 25 57 70 33 7 71 20 55 45 78 92 6 56 37 95 20 8 82 60 45 49 9 27 46 85 87 83 77 34 92 28 25 18 62 51 79 55 71 33 21 29 92 43 51 80 25 98 80 54 21 92 61 80 90 81 42 6 4 70
91 81 57 60 92 52 87 40 97 41 4 89 55 46 81 14 22 11 92 2 39 81 85 25 21 88 26 14 11 21 71 83 52 74 77 32 8 56 30 88 54 43 71 60 61 96 25 10 10 9 84 85 18 47 35 75 49 4 1 87 32 8 70 71 15 84 51 36 67 72 37 20 89 1 54 39 63 48 5 99
5 19 19 14 30 80 53 21 18 26 85 34 50 62 44 9 48 80 28 21 77 61 35 70 11 87 36 62 33 20 94 14 98 27 19 91 90 21 20 6 85 1 8 31 46 16 40 26 85 9 94 66 55 80 68 74 49 94 52 12 26 24 92 47 92 28 90 68 85 8 93 32 13 38 72 41 37 42 38 6
50 93 50 80 66 59 99 4 14 8 74 31 100 20 30 90 9 91 4 95 8 80 6 75 67 79 4 74 89 41 100 20 79 44 32 39 77 91 39 44 40 79 51 98 44 92 23 5 69 79 51 13 56 55 52 30 58 98 82 10 30 1 91 92 67 24 52 35 97 77 76 44 33 58 23 9 1 69 82 34
28 89 90 30 25 65 56 75 84 53 88 13 5 3 18 88 30 73 94 2 46 72 63 67 80 7 26 9 67 42 65 17 44 69 69 35 41 70 59 33 14 57 37 15 6 5 26 97 91 36 95 36 11 86 17 30 20 94 22 13 68 18 47 93 81 35 97 10 22 81 35 67 53 33 55 4 56 89 25 36
87 42 4 22 67 41 99 16 42 92 7 81 20 12 82 66 27 64 25 92 72 48 53 22 30 28 32 3 74 69 45 24 74 63 43 15 91 40 15 74 37 51 5 59 36 62 54 41 39 87 29 96 17 61 39 80 55 67 3 58 44 53 92 94 49 45 61 82 9 64 93 34 13 61 44 66 45 7 29 58
95 28 97 87 87 50 15 32 72 29 29 80 41 96 47 39 31 82 61 42 12 5 9 53 92 57 11 82 82 4 66 99 15 81 72 99 47 94 22 81 58 72 59 53 91 36 2 86 1 28 41 30 44 91 78 98 4 62 18 29 97 33 11 19 39 19 56 34 53 64 46 4 12 91 17 29 2 32 49 5
84 55 42 84 67 34 69 33 41 25 60 6 23 93 66 97 76 19 42 57 80 29 5 10 70 94 16 76 5 23 95 18 49 44 72 45 66 15 77 30 87 58 97 56 55 95 78 40 49 24 31 87 44 77 19 48 35 28 39 26 44 18 83 95 41 84 70 59 56 99 9 65 98 31 27 84 72 36 24 52
91 46 34 61 5 46 29 9 76 95 24 33 37 20 31 88 33 38 28 82 87 12 76 69 11 40 7 25 89 56 14 96 80 51 6 66 87 50 98 17 59 5 96 23 88 92 6 31 46 21 28 4 87 58 38 17 70 68 68 86 21 82 53 35 72 98 43 99 15 62 24 61 65 23 68 90 85 19 75 45
67 54 52 14 4 36 38 71 90 13 17 95 97 62 96 80 54 81 39 42 17 13 4 10 50 26 13 95 12 8 75 38 27 68 64 36 25 89 96 13 4 32 17 48 9 13 57 3 64 92 2 45 34 84 83 100 85 43 91 75 91 34 72 17 22 73 49 6 10 57 21 33 39 21 81 24 15 38 65 12
89 40 70 65 6 69 19 87 32 98 89 72 51 68 26 86 90 31 30 60 85 86 45 20 63 10 49 49 28 6 46 67 37 27 80 55 22 76 39 36 72 4 24 2 97 48 39 6 89 31 49 82 28 57 30 45 1 88 4 60 72 56 41 40 2 16 29 5 50 56 88 50 62 41 12 86 66 93 36 42
34 92 63 45 47 90 67 90 21 20 15 13 18 58 11 21 10 59 48 9 61 6 90 15 75 87 14 52 58 6 31 43 73 18 10 35 89 49 33 7 30 14 12 92 25 93 84 25 67 33 83 90 62 52 24 7 4 19 39 29 63 20 44 80 23 13 63 64 84 66 98 61 98 59 69 80 3 34 60 95
70 42 41 56 54 69 75 15 79 34 1 55 97 60 19 83 95 65 81 43 44 78 87 50 93 98 70 73 38 79 48 65 5 42 1 7 27 80 70 33 98 71 4 88 17 41 20 65 41 33 76 31 10 24 15 2 19 38 34 57 88 95 37 77 18 83 54 55 71 67 97 63 79 57 1 33 19 40 13 1
98 32 5 55 80 98 52 9 30 81 99 72 64 24 39 35 11 2 42 11 9 18 40 98 17 79 38 21 8 10 54 97 89 100 2 8 89 15 59 90 99 6 100 71 41 66 71 78 64 25 68 31 12 88 57 14 44 22 77 28 55 41 15 37 67 29 32 73 26 61 84 24 55 4 21 77 94 16 61 77
64 4 16 41 57 3 18 72 48 20 90 33 99 44 40 84 15 7 36 7 38 76 38 77 49 91 75 84 33 6 10 62 16 99 96 11 72 34 43 80 31 11 43 12 72 62 17 14 2 37 18 27 93 41 38 17 65 58 29 76 56 81 39 5 62 37 67 56 82 47 27 34 25 18 79 8 24 48 8 97
1 8 86 29 56 95 71 9 7 20 46 5 97 97 63 24 99 85 36 39 61 55 81 30 62 8 73 47 11 65 48 39 38 95 6 85 47 13 17 64 9 1 47 91 10 38 10 88 85 30 42 11 35 57 9 36 38 24 51 73 71 43 65 43 46 55 2 13 48 41 63 62 43 82 85 63 91 70 86 22
19 49 26 82 80 45 26 88 31 70 99 31 99 8 56 63 32 85 85 14 100 34 7 97 91 48 33 35 84 24 87 11 36 95 21 8 85 33 53 84 96 72 45 86 45 70 44 73 100 80 86 8 19 73 100 85 51 11 62 45 82 73 91 40 62 1 83 87 98 55 62 40 10 33 16 29 74 12 31 79
40 46 89 64 61 23 40 83 24 91 2 75 65 66 81 23 26 48 61 73 15 83 4 5 22 61 80 4 92 9 91 89 94 28 13 57 94 55 2 24 23 26 31 66 18 62 4 99 60 35 10 61 74 10 21 39 16 42 67 93 14 98 22 53 54 82 4 28 77 38 33 89 55 92 66 21 22 66 25 2
70 20 92 99 23 19 30 30 64 96 20 80 27 39 16 55 61 67 99 70 59 30 50 29 35 84 16 65 91 1 67 88 99 63 69 49 44 65 96 42 12 85 90 41 47 77 24 62 93 36 67 67 69 96 31 62 74 90 38 92 29 79 60 20 88 87 12 81 66 90 71 19 5 96 82 31 7 84 88 18
17 10 94 35 87 7 87 71 14 3 65 33 98 56 48 99 91 15 50 48 53 53 9 70 44 57 47 8 20 26 49 9 74 54 57 24 9 6 5 81 42 26 97 93 96 40 32 72 60 17 6 76 43 91 98 95 19 30 57 41 96 84 39 29 40 94 36 13 5 60 54 1 78 75 8 9 65 86 96 41
