20 80
5 52 45 53 41 51 55 54 37 8 42 3 67 77 79 61 20 35 62 12 31 22 74 47 0 69 50 24 7 26 14 71 9 4 18 43 39 40 48 6 19 38 46 32 2 13 21 63 11 76 16 23 27 36 57 64 28 33 49 29 10 58 17 75 30 59 70 25 1 73 15 65 72 78 68 66 56 60 34 44
54 78 12 24 19 68 8 53 14 35 15 28 26 29 44 59 38 18 34 74 60 0 69 16 57 7 43 75 62 42 50 79 22 1 39 2 9 4 13 64 61 6 25 63 5 77 36 47 51 17 65 66 49 67 21 58 10 40 70 56 52 27 45 73 76 33 32 30 72 20 3 71 46 23 31 41 48 55 11 37
37 58 26 1 42 0 46 75 19 57 17 50 72 74 66 63 79 59 21 54 9 20 44 24 2 40 64 51 35 32 76 38 3 41 33 45 53 48 65 28 43 18 7 39 71 55 67 70 62 11 30 15 34 73 36 29 22 5 56 8 52 4 10 31 16 47 6 49 68 69 61 77 14 27 25 23 12 60 78 13
49 66 34 52 50 68 65 62 33 72 40 14 24 0 71 79 30 20 55 54 35 57 5 60 58 10 61 63 21 15 17 56 67 69 41 36 53 26 47 37 4 19 29 38 12 3 25 77 16 39 42 22 64 13 6 59 1 75 7 51 74 31 11 2 78 32 43 46 27 76 8 73 70 18 44 23 45 9 48 28
67 32 3 14 25 73 24 78 4 62 79 2 42 60 63 5 72 56 71 70 41 1 49 76 57 46 44 51 20 26 53 28 7 58 59 39 43 75 64 18 11 61 40 9 33 0 48 55 54 47 66 10 21 30 12 77 38 23 13 6 31 22 17 29 37 45 34 36 52 16 74 15 69 68 50 35 27 8 65 19
24 54 30 7 40 2 50 3 47 18 1 60 79 26 78 33 67 4 64 68 48 6 14 0 74 57 63 29 20 23 31 35 21 28 16 73 53 51 11 55 22 62 37 69 45 71 41 65 56 10 39 42 9 70 19 32 36 58 77 25 17 27 15 72 38 49 75 8 43 46 5 12 66 59 13 76 52 34 44 61
41 79 65 22 26 2 75 74 6 44 73 76 16 48 62 52 77 17 63 57 25 64 42 67 60 51 54 56 12 47 69 0 15 61 70 11 8 29 9 18 37 14 28 19 31 59 66 4 21 68 39 30 50 3 58 33 55 32 24 10 1 78 46 40 34 20 71 23 72 53 7 45 36 38 49 13 35 5 27 43
38 47 2 44 65 16 3 31 42 45 11 61 74 9 78 25 7 62 51 18 64 57 54 27 56 77 32 17 79 34 50 71 29 14 24 43 36 22 30 37 58 73 41 46 66 35 23 15 26 8 10 12 40 48 0 70 13 6 5 76 39 69 33 55 1 72 19 68 49 53 21 28 63 60 59 75 67 4 52 20
67 49 53 2 77 32 16 59 17 58 69 65 66 29 26 50 54 45 55 62 78 5 21 10 7 8 72 18 51 37 79 27 22 42 30 33 57 11 25 47 40 41 6 70 46 34 4 1 0 39 23 9 35 68 56 36 31 3 71 13 44 20 74 63 60 19 48 76 12 61 64 28 14 43 52 73 38 15 24 75
36 56 72 5 70 3 64 67 41 2 68 17 20 4 10 26 25 22 40 13 19 32 77 39 23 51 66 63 54 60 30 75 61 28 49 24 33 73 58 69 45 55 62 42 11 6 78 57 44 79 76 53 14 65 34 71 1 12 74 29 48 15 21 18 8 16 50 46 37 52 43 38 31 35 59 27 9 7 0 47
33 17 27 31 40 79 0 41 78 48 55 21 44 54 67 20 25 59 71 63 37 43 34 58 14 28 15 74 2 60 53 76 61 77 11 18 22 73 6 8 50 9 19 32 51 16 56 72 23 4 7 35 65 62 36 57 10 69 1 49 39 42 3 38 70 47 13 75 26 64 5 12 30 46 52 29 68 66 24 45
1 27 4 68 45 54 62 47 44 36 39 16 57 14 67 72 66 71 50 29 24 15 51 2 63 60 59 28 12 23 43 32 26 73 7 37 31 22 19 0 6 34 75 77 74 53 48 64 38 76 55 20 49 11 61 79 8 33 42 40 9 13 70 17 46 65 56 21 25 3 58 52 18 69 30 35 78 10 41 5
58 29 57 49 4 55 14 52 60 31 36 59 13 38 12 32 43 3 30 5 51 26 41 17 10 68 72 73 11 46 62 7 56 8 22 48 66 71 20 47 1 78 70 27 23 77 6 21 24 15 42 19 65 64 25 28 9 39 37 69 2 76 79 75 18 35 61 45 33 67 44 40 74 54 0 50 53 34 16 63
64 16 33 7 26 27 12 5 77 13 32 58 76 42 79 8 45 24 47 66 60 63 49 62 67 22 50 18 56 10 0 31 72 53 68 25 15 30 34 41 78 39 3 73 4 69 6 54 75 36 29 37 23 21 1 35 59 2 20 65 14 28 11 17 46 71 61 48 40 9 51 43 74 55 19 44 57 52 70 38
57 58 48 64 13 79 44 45 43 12 77 7 73 66 71 72 18 26 61 76 16 6 28 69 55 4 0 36 68 39 65 38 75 14 30 15 42 32 22 51 62 5 54 50 63 1 40 74 24 53 21 52 17 56 37 20 60 23 35 25 41 10 11 49 19 27 9 59 8 78 67 46 2 29 70 3 33 47 31 34
50 5 24 79 51 17 23 39 69 21 61 36 16 44 20 71 59 43 22 67 29 46 55 70 45 42 7 10 31 77 27 66 63 14 19 0 68 25 40 64 33 2 38 73 34 15 56 6 1 54 41 72 49 47 30 53 13 28 65 48 76 60 26 3 18 32 4 8 35 11 78 58 37 62 52 9 57 74 12 75
50 27 54 70 18 29 46 12 39 35 67 72 5 66 23 14 68 9 60 20 13 76 53 4 74 58 16 71 11 15 64 52 79 26 36 77 28 59 73 19 8 47 45 2 21 69 65 17 55 48 49 37 24 22 57 38 41 32 7 1 34 63 51 42 31 62 75 56 43 6 3 25 0 40 33 78 61 10 30 44
27 28 23 69 19 56 26 8 41 6 76 37 44 14 32 71 5 70 79 22 72 4 74 38 73 48 30 77 20 13 47 50 40 18 16 2 10 49 59 53 17 68 62 29 52 45 54 9 61 36 57 7 67 3 43 65 75 12 24 35 46 51 60 25 39 31 55 63 66 78 0 33 64 1 21 58 34 15 42 11
44 46 54 73 35 58 32 61 18 40 36 13 19 1 14 4 29 21 24 70 2 30 33 71 38 43 0 76 52 69 31 3 20 48 72 65 60 67 78 15 6 25 75 79 34 47 77 23 41 16 12 5 22 28 74 17 7 64 45 11 51 62 49 50 53 55 39 66 68 57 10 27 56 42 59 26 37 8 9 63
40 72 33 54 53 4 28 37 59 38 34 58 42 16 11 61 2 74 35 10 64 41 31 0 62 70 12 73 50 3 24 67 13 76 18 6 65 32 20 63 15 29 66 17 36 27 19 60 25 39 45 9 51 56 23 68 49 21 71 5 52 79 30 78 57 43 75 7 48 1 47 46 22 44 77 69 8 26 55 14
20 89 15 80 4 42 87 60 48 45 56 75 26 92 54 78 49 57 84 30 74 13 34 55 8 50 53 96 45 69 42 98 83 57 84 50 84 50 81 46 41 11 79 90 91 33 76 36 40 46 21 73 27 66 37 64 40 72 82 40 59 95 26 14 77 98 6 92 96 60 88 64 80 77 8 18 66 29 16 43
24 2 15 92 82 37 52 17 39 33 72 46 69 47 25 82 84 87 4 8 34 77 86 80 35 79 3 28 70 4 7 25 9 15 91 91 88 32 30 37 64 35 87 47 27 4 9 79 44 53 39 78 55 87 40 50 64 74 44 32 85 14 69 52 22 71 78 45 27 93 88 64 71 45 72 76 23 76 82 20
43 46 89 2 59 23 86 64 87 59 23 79 40 56 38 41 54 97 10 40 9 65 58 24 15 84 91 93 48 90 20 31 65 12 49 83 57 47 25 66 61 65 98 23 17 10 38 95 34 45 17 87 100 89 55 52 64 59 1 42 33 47 60 84 61 24 48 42 10 22 41 70 22 72 65 24 23 19 10 44
92 67 77 16 81 30 42 85 52 5 1 19 70 29 37 94 98 86 19 85 55 7 39 12 81 58 64 57 58 12 79 5 62 24 19 47 35 15 21 40 73 37 29 60 85 82 55 43 74 51 3 1 89 8 39 16 94 65 89 80 100 82 79 59 34 1 19 38 37 25 31 37 8 54 52 74 1 54 49 38
69 29 91 6 61 100 31 4 62 12 10 96 89 76 27 6 14 59 57 86 73 77 21 24 7 95 87 58 79 33 2 88 55 42 72 22 74 17 78 76 41 41 96 25 16 57 5 66 29 93 40 61 11 57 33 33 11 55 1 79 55 89 60 79 65 55 33 33 34 38 48 78 15 8 76 39 25 15 31 73
16 40 46 63 54 10 30 20 25 28 9 56 28 54 42 67 17 44 76 15 60 39 100 87 2 36 83 59 32 29 56 64 8 63 99 25 3 4 85 40 48 55 29 61 30 15 49 46 98 58 64 18 96 20 80 55 4 26 76 90 14 99 69 58 97 50 34 78 28 13 59 15 92 62 71 41 24 56 94 15
75 13 29 62 32 84 79 62 50 43 23 46 43 56 89 88 64 29 59 77 69 37 98 18 36 6 3 30 29 11 83 49 72 8 30 18 13 14 25 73 7 39 57 7 4 72 31 58 36 9 82 33 18 2 11 53 56 88 47 27 82 63 4 78 12 86 69 13 49 38 14 34 56 62 48 36 14 96 21 17
61 4 94 74 57 2 79 67 77 85 83 12 27 88 16 75 5 100 31 34 63 79 31 33 69 99 35 94 52 48 12 25 3 16 38 17 68 26 3 76 35 25 49 27 31 2 86 64 84 16 87 17 67 9 44 71 19 80 31 54 63 95 62 77 62 29 89 21 34 49 78 7 81 85 35 30 23 86 27 60
39 91 15 17 5 16 2 65 18 68 49 2 20 44 73 68 7 72 63 70 31 94 58 85 12 84 59 16 71 85 63 46 86 19 2 8 47 81 85 88 24 70 18 64 72 39 50 41 84 68 93 72 62 43 47 95 19 75 80 72 4 36 4 100 88 44 14 79 11 60 42 62 17 29 12 56 88 87 43 63
21 50 54 41 92 70 75 20 95 15 4 73 15 29 37 90 22 68 68 43 100 5 38 97 73 90 33 91 50 18 17 88 32 56 85 17 33 18 36 48 91 51 18 23 38 27 25 90 60 12 52 4 13 89 56 65 90 74 95 19 29 10 56 100 92 16 56 53 75 27 89 46 42 34 35 81 44 41 21 14
22 92 79 85 46 52 86 46 60 77 9 54 52 23 98 43 66 60 54 22 50 72 97 72 44 98 10 77 16 5 86 30 62 71 79 20 45 95 70 5 18 96 12 34 82 91 97 88 7 2 11 62 28 67 52 88 37 16 95 81 53 54 38 25 62 85 77 73 62 3 92 47 6 3 79 67 45 8 13 93
21 82 80 28 98 55 68 14 31 31 58 28 70 97 89 8 11 69 79 53 3 47 73 42 50 32 58 85 28 9 35 60 85 61 95 18 2 82 76 66 74 72 16 10 82 33 11 79 17 40 43 56 18 86 16 37 95 25 21 83 35 83 59 57 86 61 94 23 52 76 100 71 37 80 13 98 39 49 83 71
42 75 5 67 74 61 42 32 93 43 79 19 75 34 79 55 67 87 69 42 8 61 26 88 31 87 16 90 51 46 18 88 97 75 60 79 87 21 100 81 39 4 17 81 2 75 89 50 99 84 29 73 40 80 51 62 42 33 47 15 34 91 78 55 71 50 86 23 80 4 99 1 11 24 37 52 51 78 80 83
99 13 34 55 17 19 11 49 47 14 64 8 11 27 34 26 68 67 17 21 7 63 79 38 98 21 35 44 72 21 74 100 27 58 92 7 19 92 70 82 40 86 58 100 8 59 75 82 72 78 25 29 65 27 58 81 100 91 86 42 7 79 2 64 65 48 82 85 57 30 40 33 10 99 1 42 16 5 5 29
84 28 41 61 80 28 85 5 15 100 48 76 13 8 1 60 25 51 1 64 72 2 77 42 87 86 60 77 48 42 29 94 74 81 28 31 79 42 92 48 94 43 55 91 10 93 37 80 30 47 75 46 99 87 87 55 98 19 36 20 70 32 79 20 11 46 93 15 36 31 94 76 81 26 43 63 8 68 63 22
69 4 74 84 26 57 2 43 18 32 2 65 55 33 66 86 52 28 65 48 48 68 85 51 68 85 22 31 99 6 27 25 76 27 52 25 86 94 81 76 2 44 31 66 96 39 62 12 57 16 8 27 18 73 34 9 46 35 80 86 79 40 99 62 8 2 84 58 76 63 78 32 50 45 72 61 79 25 93 3
31 14 96 26 83 16 13 94 38 99 82 33 94 62 17 95 58 79 36 67 15 65 4 70 22 11 58 26 78 83 37 98 43 43 20 80 86 32 70 72 44 57 3 11 5 11 29 82 22 43 52 1 63 92 41 46 32 58 29 93 48 10 84 28 19 3 18 12 65 20 30 89 57 32 23 66 46 34 57 17
61 91 51 29 57 30 53 86 97 56 4 100 7 99 99 90 28 33 14 2 81 16 71 81 32 78 41 26 18 40 53 12 72 48 70 31 9 4 5 27 87 19 64 43 72 33 54 91 66 98 27 66 52 74 20 8 99 21 9 43 57 7 81 89 12 30 31 44 12 67 26 84 67 59 58 9 100 39 31 47
2 63 2 87 64 6 79 20 42 52 33 33 15 19 92 1 91 24 27 21 10 16 54 62 28 30 90 47 26 70 42 31 26 44 46 54 3 47 34 29 90 77 4 40 41 47 93 64 91 94 73 22 3 55 79 64 46 39 15 85 27 79 20 87 45 97 99 69 73 70 22 32 70 60 8 9 89 37 34 88
64 59 3 38 73 82 61 22 48 72 36 50 16 33 96 25 70 88 75 26 33 24 2 72 92 14 32 29 45 47 83 85 68 64 41 27 22 43 12 36 22 32 66 58 16 57 44 71 94 78 25 1 51 93 16 22 92 100 76 74 86 2 13 36 86 33 72 89 82 66 21 87 87 28 58 95 98 7 32 19
