20 80
72 31 46 3 21 8 16 24 39 19 12 44 36 57 1 2 68 37 47 60 65 73 66 38 10 29 28 18 51 67 22 69 7 78 70 6 71 62 76 59 58 14 17 63 23 52 33 43 41 34 4 30 11 15 61 48 0 50 32 40 74 13 42 9 20 49 56 55 75 54 64 79 53 25 27 45 77 5 35 26
7 31 38 66 57 65 24 63 61 2 48 28 55 0 4 60 44 59 72 47 9 30 5 73 67 29 75 20 1 69 36 3 78 18 77 71 17 54 34 19 32 12 43 70 6 45 11 22 79 15 8 62 27 42 26 39 49 41 40 13 37 76 16 56 52 53 46 25 68 14 58 33 74 64 50 35 10 51 21 23
12 72 11 14 63 21 50 13 1 45 60 47 0 6 67 9 36 26 40 4 24 52 37 10 35 78 43 70 71 79 42 32 19 69 28 2 30 59 61 18 5 41 17 15 76 64 53 48 38 74 56 58 31 27 51 22 20 39 46 66 54 49 29 77 23 68 75 16 8 44 25 33 7 34 3 62 73 65 55 57
74 3 63 10 71 50 14 55 0 48 2 34 33 30 7 75 18 60 32 70 22 73 37 72 25 47 57 40 78 66 21 64 13 27 42 39 44 38 52 46 29 23 69 5 15 56 43 62 59 31 49 45 17 54 76 35 24 67 11 8 19 26 6 53 28 51 79 20 1 16 36 12 58 4 61 68 9 41 65 77
56 57 64 22 6 7 39 66 65 26 34 73 33 49 68 48 77 55 67 18 75 52 35 36 38 50 4 54 3 1 12 74 40 14 53 5 15 62 30 23 37 45 60 29 44 43 58 21 59 27 9 25 41 31 19 71 79 46 20 24 78 28 72 76 8 32 63 69 17 70 42 13 10 11 51 16 47 0 2 61
46 65 12 43 9 42 60 30 7 4 76 39 5 56 25 67 10 74 73 15 1 58 40 36 59 13 44 31 52 14 45 17 63 54 6 51 20 69 68 29 48 32 38 24 66 57 49 78 53 23 0 35 77 62 2 18 8 75 34 55 41 72 22 26 28 33 3 16 19 27 37 64 21 79 70 50 71 61 11 47
71 66 25 67 72 4 54 39 0 53 44 29 18 79 62 65 61 77 12 69 30 17 49 32 64 35 37 16 58 38 70 14 47 7 76 21 56 48 6 31 34 41 11 78 68 55 5 22 52 59 43 74 73 46 40 8 42 1 3 45 20 9 75 33 2 63 19 60 13 10 50 27 24 23 28 15 51 26 57 36
59 33 58 43 64 71 72 46 22 56 73 15 32 7 18 36 8 1 61 77 21 5 27 44 65 74 52 41 3 53 68 78 69 75 6 2 54 10 45 0 30 9 24 14 4 50 13 26 20 47 35 62 48 37 38 16 39 11 60 79 70 63 31 17 42 76 34 66 57 12 29 19 28 49 67 25 55 40 51 23
8 35 30 13 72 2 12 38 78 21 7 52 25 60 34 31 50 9 51 15 55 75 33 66 43 18 48 68 26 65 22 5 41 20 73 67 40 28 74 23 77 58 17 69 19 16 44 10 36 63 27 0 46 45 42 32 54 49 47 39 71 14 29 56 64 61 6 37 76 24 11 79 4 3 1 53 57 62 70 59
70 44 62 4 48 38 53 56 33 46 78 25 29 55 47 21 26 64 2 37 5 73 69 30 75 15 1 54 31 49 34 32 52 27 28 59 76 23 40 66 79 60 42 67 18 43 65 39 8 35 3 6 50 41 77 74 22 51 57 61 68 16 14 0 9 20 45 24 17 72 36 11 71 19 10 13 58 7 12 63
47 14 22 28 78 71 53 24 20 43 34 33 38 25 77 69 68 41 45 63 51 7 76 5 17 8 66 15 56 27 40 21 29 67 42 50 11 31 0 44 65 52 36 10 23 16 58 74 70 1 19 72 18 9 26 62 59 13 46 57 75 55 12 4 3 37 48 49 35 30 39 54 2 64 60 32 73 79 6 61
78 65 39 9 27 20 8 40 58 79 32 56 2 26 13 59 25 49 15 61 23 73 10 18 31 53 5 46 76 70 69 45 50 30 1 4 7 52 75 77 48 24 16 68 0 14 63 60 11 54 57 64 28 22 36 55 66 41 35 62 47 34 19 3 42 72 6 71 74 37 33 38 67 43 21 29 44 12 17 51
27 39 73 9 17 75 43 47 15 59 35 49 0 1 74 69 16 67 79 63 36 13 72 5 11 10 54 61 64 7 41 18 22 2 14 68 77 24 19 3 78 51 12 8 46 40 56 4 65 34 70 33 71 76 53 58 62 23 32 29 44 38 30 48 21 57 28 66 55 60 50 26 42 52 37 20 25 31 6 45
11 66 73 48 24 38 43 45 54 57 41 33 53 26 55 42 47 49 16 44 40 8 59 62 78 52 12 7 63 39 9 46 27 56 76 75 29 70 35 37 61 67 20 30 72 51 21 19 68 64 15 10 28 71 3 32 0 79 6 22 77 13 74 69 23 25 1 36 60 65 31 50 5 34 58 4 17 2 18 14
46 64 6 58 45 71 31 57 70 17 9 33 30 37 60 76 28 36 3 2 56 26 74 24 4 78 50 63 34 39 8 12 13 49 7 54 52 59 15 67 0 47 32 79 35 21 29 77 53 68 75 62 22 5 38 1 10 25 18 42 20 69 11 41 14 66 55 40 48 16 43 19 51 23 44 61 73 27 65 72
20 33 41 74 50 53 48 16 34 43 30 5 8 60 71 68 6 66 63 57 24 77 31 45 64 42 76 32 17 39 21 61 9 47 49 40 56 52 73 7 11 37 46 26 75 28 44 67 55 35 59 36 10 1 72 13 12 70 3 69 0 62 14 38 18 4 15 54 65 58 23 51 2 27 78 19 79 29 25 22
12 45 62 2 49 8 76 57 32 53 44 0 39 43 75 63 6 74 25 69 13 48 65 41 18 46 36 29 79 64 1 10 26 51 71 73 42 14 59 16 19 9 38 58 68 28 54 31 21 24 5 7 27 3 11 47 55 61 52 30 23 15 66 77 67 40 35 72 56 33 70 37 78 22 34 4 60 50 17 20
51 69 58 17 8 60 10 72 20 66 78 24 68 23 48 30 1 38 34 4 3 14 71 44 42 0 55 32 25 65 76 40 77 29 18 41 26 43 49 16 37 39 64 27 33 35 9 50 56 19 21 63 75 47 11 67 7 74 45 36 6 73 31 79 2 59 53 46 70 5 12 13 22 61 62 54 57 15 52 28
72 23 5 71 21 18 8 2 38 13 73 77 9 54 53 46 61 37 60 68 34 50 57 47 16 31 15 64 76 75 63 12 62 39 27 67 35 25 36 7 66 43 44 33 19 22 79 49 58 10 20 69 6 14 65 78 32 24 29 59 70 0 51 17 3 74 52 56 1 42 41 4 26 40 30 45 28 55 48 11
37 59 55 39 40 6 10 35 57 17 4 7 5 62 0 42 24 67 36 11 31 49 29 47 25 34 71 26 28 77 69 64 70 16 60 3 30 53 15 74 41 78 33 51 44 43 58 45 32 27 54 63 50 61 19 21 73 56 79 65 46 38 52 2 1 20 22 68 14 23 9 18 72 66 13 76 12 75 48 8
94 93 44 22 46 82 74 21 91 71 29 67 85 15 24 22 91 77 7 59 2 67 63 36 55 90 27 79 31 58 62 3 16 60 70 52 24 61 74 95 47 29 77 41 69 68 39 38 89 64 43 85 61 60 32 55 97 46 50 83 43 60 18 77 22 58 83 23 50 14 39 21 32 92 39 76 66 19 90 83
48 42 35 92 70 11 95 24 50 93 20 41 91 78 46 14 98 27 53 27 56 18 59 100 25 36 7 71 45 47 78 20 37 89 47 64 4 59 52 78 18 82 69 54 1 58 33 31 44 62 62 50 56 71 63 35 74 66 62 2 29 100 38 52 69 99 85 3 94 75 27 23 35 67 65 50 19 82 57 95
87 57 47 43 71 96 20 9 64 4 17 14 48 3 6 26 63 90 18 75 68 11 98 6 97 98 46 4 31 6 93 15 85 61 59 45 60 89 84 17 73 82 72 60 1 7 83 94 90 67 4 86 92 60 74 38 44 83 54 44 39 37 53 87 44 56 42 75 11 59 97 17 48 40 10 88 55 34 67 75
67 83 32 12 79 20 45 17 60 53 43 78 52 26 50 19 66 85 27 21 20 15 62 43 59 36 40 80 56 64 6 20 75 23 31 1 23 18 22 83 71 78 45 5 15 23 35 7 7 76 80 80 80 80 49 33 52 76 67 10 17 97 23 23 59 87 41 1 2 27 80 98 50 30 49 17 29 37 95 35
45 88 42 62 13 90 28 49 32 4 93 12 30 82 67 18 14 43 92 44 32 93 17 29 44 77 47 28 89 93 5 10 40 71 83 49 3 2 35 61 21 39 84 45 18 93 82 38 17 66 35 83 84 20 57 69 42 69 93 39 70 51 81 55 84 24 64 88 36 47 11 60 77 5 40 96 93 34 44 96
20 55 80 16 67 89 41 36 6 56 15 46 40 68 36 71 33 14 50 58 15 69 45 48 86 61 91 96 21 12 76 1 14 71 29 75 56 83 49 78 8 63 32 65 36 75 97 77 95 25 65 93 45 99 55 53 85 61 90 15 64 83 43 80 76 50 2 27 41 6 71 41 92 93 48 66 73 84 73 39
26 22 41 4 41 50 17 50 28 47 27 87 93 78 74 67 26 9 44 62 79 64 98 74 75 87 80 53 53 89 95 29 26 13 42 46 37 95 45 97 88 77 50 42 72 86 93 3 83 100 29 72 76 96 45 80 77 31 61 85 22 74 21 32 48 62 88 75 47 100 55 74 85 27 4 80 12 95 54 52
27 36 62 28 21 61 40 66 62 51 86 15 43 47 61 4 20 43 18 97 47 58 92 68 3 95 25 24 38 79 50 71 93 85 94 68 41 72 15 5 55 68 90 67 71 38 13 46 97 70 19 70 4 72 24 8 15 94 60 36 45 3 72 65 47 66 11 89 92 33 12 65 74 84 1 68 27 16 65 61
60 87 72 72 2 97 4 94 65 12 25 61 34 22 75 85 27 97 50 39 31 73 18 2 64 52 81 62 60 40 85 64 8 56 9 41 34 12 90 37 63 64 65 51 87 48 90 20 20 55 34 39 61 12 13 50 17 77 28 39 19 88 2 58 16 49 5 58 52 77 43 9 21 47 45 6 74 98 8 56
28 81 66 99 45 6 88 98 10 43 3 88 64 6 48 64 58 76 70 65 41 48 58 44 63 81 23 100 88 62 56 98 76 14 83 22 98 18 3 44 57 35 35 41 92 46 63 53 12 15 99 70 82 44 2 11 3 48 18 43 88 64 77 30 77 47 34 66 57 32 82 10 100 98 29 30 57 9 34 44
11 44 60 21 82 52 53 24 98 67 70 80 37 73 36 82 66 88 27 49 87 23 58 24 8 29 85 24 47 26 99 2 65 90 82 28 28 40 8 86 67 66 83 16 68 6 48 94 27 27 81 58 56 55 88 87 13 65 38 39 51 7 2 14 72 41 73 58 57 2 41 9 70 32 36 95 86 61 25 45
48 54 96 62 59 44 53 15 29 44 43 24 35 53 67 17 76 35 26 20 1 42 80 21 72 76 45 19 38 73 100 8 56 68 17 1 44 100 10 32 35 8 71 7 42 68 12 20 12 9 49 2 28 1 100 52 12 7 42 63 39 3 10 60 97 7 89 27 3 72 75 22 57 81 21 11 24 33 81 81
64 66 82 51 15 97 41 60 99 13 57 55 84 34 66 62 49 33 35 73 1 78 90 1 35 8 45 63 88 56 15 3 21 93 76 84 46 87 33 76 71 5 61 15 39 97 16 43 29 81 57 18 84 40 68 82 10 36 90 48 93 85 44 7 71 10 16 82 44 13 42 93 6 53 58 33 76 52 93 95
53 64 100 57 21 63 69 39 42 80 99 14 66 49 98 70 13 6 79 17 89 51 51 18 47 66 14 89 95 21 29 12 89 53 73 22 65 47 49 99 33 59 52 5 43 51 75 84 14 85 82 51 41 23 23 72 5 73 40 83 51 26 95 53 37 9 45 14 20 91 18 57 91 31 91 47 66 19 3 96
40 81 39 100 14 63 24 45 40 52 28 99 37 45 79 55 92 27 54 20 70 34 96 21 69 94 81 44 19 88 23 45 9 69 92 69 98 78 29 36 63 94 74 13 14 30 4 93 46 42 96 97 34 48 59 27 91 68 26 10 38 85 20 59 50 5 81 100 5 33 82 14 52 40 82 28 32 48 49 9
82 61 11 10 57 47 91 77 97 19 64 71 63 94 13 56 66 44 64 36 86 31 27 77 28 38 73 99 68 57 28 17 43 66 67 26 14 87 50 54 38 20 4 5 66 9 72 78 75 83 44 94 96 78 77 56 35 79 41 99 84 8 87 12 15 92 75 66 74 76 56 7 10 38 78 55 46 46 49 96
89 86 15 39 74 38 64 7 76 45 47 74 79 47 60 54 56 57 30 72 15 90 74 26 32 92 46 16 66 77 2 79 5 62 47 97 43 72 57 25 63 26 81 45 15 90 52 21 73 30 6 18 34 68 44 35 67 49 29 96 22 13 32 59 49 41 11 11 61 62 8 54 93 92 36 100 60 42 86 4
64 7 10 55 50 1 12 24 19 72 97 3 61 20 94 44 2 58 18 18 88 45 86 22 65 97 37 65 83 27 79 93 39 73 36 34 51 77 14 37 24 58 90 43 60 46 68 1 64 11 64 50 2 94 75 30 54 47 70 52 46 97 7 50 81 36 43 48 90 82 100 96 57 29 57 85 34 61 30 33
17 22 53 28 37 5 5 68 27 24 91 2 12 35 30 98 12 49 46 53 67 76 28 13 5 23 46 26 32 41 71 40 85 3 18 74 41 95 38 97 82 49 12 49 61 51 58 80 10 30 6 52 32 69 52 73 71 53 95 64 11 6 58 78 68 89 31 77 81 13 46 85 89 61 42 43 72 24 67 51
54 3 45 63 50 64 92 37 23 13 56 69 44 80 39 4 61 92 51 16 81 36 85 45 40 72 28 26 12 63 97 46 52 99 15 92 39 49 89 12 10 94 10 84 88 31 12 18 86 60 86 76 65 66 21 79 32 31 32 61 86 33 87 73 51 65 77 46 26 96 88 62 38 53 23 78 18 65 10 28
