20 80
55 52 48 56 20 60 63 73 31 16 58 22 50 2 11 9 36 6 57 76 72 78 39 49 30 17 33 14 4 15 19 8 43 25 28 23 37 7 75 18 79 61 29 71 42 62 26 66 65 5 51 27 41 59 24 10 64 40 74 53 38 47 46 3 77 1 32 54 68 34 44 67 12 70 13 0 35 21 69 45
57 75 55 60 67 70 34 48 33 28 79 1 71 9 30 58 18 50 53 61 65 31 76 19 78 16 52 59 0 32 29 4 46 23 62 12 64 72 63 14 2 26 54 5 25 69 20 45 73 22 6 36 74 51 15 68 10 49 47 42 66 37 39 3 21 7 38 77 8 43 13 56 17 35 27 24 40 41 11 44
30 7 48 34 10 42 56 9 52 14 58 2 45 75 23 19 29 6 59 11 41 13 71 51 76 43 25 40 12 68 61 65 39 49 24 78 50 3 1 62 22 36 37 31 73 60 46 63 57 72 55 32 70 15 27 26 16 8 0 4 20 33 66 64 47 18 69 79 35 5 67 28 77 38 21 74 17 44 54 53
64 72 70 37 65 61 58 31 38 21 68 52 46 11 1 45 4 19 44 27 39 35 78 28 69 18 53 51 20 5 41 57 77 13 0 7 48 59 33 71 12 30 42 17 54 49 76 2 22 74 73 47 63 66 60 36 34 3 32 10 55 14 9 25 24 56 16 50 62 23 43 75 29 15 67 40 79 8 6 26
39 62 21 46 50 45 49 65 52 13 73 27 59 55 79 67 66 20 38 5 2 54 9 72 69 35 18 51 33 44 26 61 28 24 29 43 56 74 17 7 70 78 42 6 47 37 30 4 57 12 53 64 40 75 63 8 23 22 1 3 60 41 68 32 14 19 25 10 11 71 34 76 16 77 15 48 58 0 31 36
16 76 68 77 66 29 22 1 39 61 70 50 60 20 67 4 9 40 63 37 24 42 71 7 46 78 48 65 56 18 55 53 43 75 47 0 44 19 8 14 2 34 45 57 31 54 12 73 35 51 41 10 15 11 27 72 49 13 62 5 74 32 3 58 28 38 30 17 26 52 69 64 59 6 21 23 36 33 79 25
7 4 8 35 9 61 42 51 63 78 21 15 74 50 11 67 40 34 71 55 2 46 76 77 3 32 52 44 54 69 26 19 58 12 10 60 6 64 75 49 56 62 23 1 29 72 27 43 5 41 30 24 73 22 13 47 38 59 48 36 25 45 66 28 68 65 0 14 17 31 53 70 33 18 39 20 57 37 16 79
49 37 57 21 58 13 4 7 17 61 25 33 64 47 8 74 14 26 63 1 29 9 11 31 34 50 45 54 36 59 78 24 68 32 69 51 23 19 16 2 15 77 79 53 43 27 66 39 35 46 3 42 0 56 60 30 18 52 71 6 10 5 41 70 76 67 20 12 55 48 65 40 75 28 38 44 22 62 73 72
38 48 43 64 31 74 49 62 8 61 77 37 12 79 40 76 32 65 59 21 39 67 73 26 27 17 14 11 2 23 42 71 19 58 34 22 5 16 25 6 29 72 54 70 9 53 30 68 33 41 24 20 60 56 1 44 10 46 66 0 78 3 63 35 18 7 4 69 28 51 75 45 15 13 36 57 55 50 47 52
8 46 60 71 40 69 33 20 18 13 45 44 2 37 62 48 70 42 59 65 31 53 50 56 32 0 10 1 34 4 26 27 58 41 74 63 43 7 28 72 49 16 11 73 79 66 19 24 68 64 21 17 29 54 22 14 51 12 35 78 3 57 47 15 75 38 36 76 55 67 25 6 61 30 77 5 52 9 23 39
1 48 61 58 19 53 0 74 77 10 40 36 70 5 7 57 63 51 43 45 37 28 67 33 30 62 13 41 11 26 68 39 69 75 24 46 9 8 14 76 49 15 64 38 78 66 29 27 16 55 4 72 42 6 60 12 23 50 2 22 52 65 34 59 56 47 35 18 71 54 73 20 3 25 31 32 44 17 21 79
19 27 7 61 53 49 14 9 38 43 24 78 37 3 68 39 20 51 57 12 58 50 18 33 13 65 73 2 21 40 11 59 4 60 69 67 41 15 29 26 48 25 63 45 62 77 5 54 52 32 71 8 16 31 22 44 46 1 0 66 79 55 74 17 70 75 34 56 76 23 28 64 47 30 36 35 10 72 6 42
43 0 4 50 25 42 53 63 71 39 21 11 70 13 60 59 62 58 18 24 78 31 46 65 2 66 14 47 30 36 72 76 55 41 77 69 3 49 6 67 16 22 34 15 73 27 33 10 52 57 79 20 19 75 9 29 28 7 1 23 35 32 17 68 48 5 51 40 64 8 26 45 12 74 37 38 61 44 56 54
48 14 61 20 4 39 64 9 56 49 15 65 69 30 0 8 50 67 77 41 54 32 46 37 23 12 58 2 21 73 74 40 45 6 7 38 35 26 19 53 66 55 72 68 28 16 27 75 76 57 52 29 47 42 3 44 11 62 10 17 24 22 31 25 70 5 78 18 33 51 1 34 13 71 63 59 36 60 79 43
8 35 5 11 14 2 1 30 23 12 36 64 75 61 22 18 41 4 74 32 46 20 57 62 52 76 28 16 34 77 33 58 53 9 51 40 56 78 50 45 48 21 69 0 13 42 27 72 49 17 47 66 39 38 54 15 26 59 68 79 44 65 60 29 43 24 25 3 63 19 31 70 7 6 55 67 10 37 71 73
21 6 76 23 62 47 44 7 49 65 79 14 28 26 50 59 56 33 73 2 20 5 3 19 75 38 37 48 67 1 60 61 12 57 63 35 16 10 4 13 11 34 66 46 22 70 32 43 52 39 0 40 78 9 53 24 64 18 72 58 15 25 30 54 8 45 71 51 68 41 31 55 36 42 69 74 27 77 29 17
58 17 22 64 50 32 52 67 65 2 34 40 13 77 68 10 8 14 45 69 33 74 11 37 43 16 25 44 18 49 0 79 27 61 20 38 47 23 1 35 26 42 55 15 36 12 28 48 63 24 71 72 62 31 51 59 9 4 21 3 57 75 6 5 30 46 56 70 39 60 54 7 66 78 41 29 19 76 53 73
23 26 66 10 63 49 54 60 7 70 44 65 61 71 35 16 45 72 1 5 33 64 56 69 29 37 68 58 24 38 12 6 74 41 36 20 50 39 52 34 78 17 51 42 18 76 21 2 47 77 28 30 53 79 3 67 55 4 75 59 43 57 13 14 48 0 11 19 27 46 25 8 32 22 31 62 40 73 15 9
11 78 13 19 6 73 41 15 49 50 44 46 43 23 39 22 2 25 20 48 74 26 3 47 79 60 31 70 52 58 14 4 53 68 61 72 59 5 62 16 65 10 1 64 34 67 38 28 35 56 17 42 51 0 54 27 33 32 8 69 29 21 66 45 40 36 76 63 7 77 71 18 24 12 57 75 55 9 37 30
41 5 25 75 51 56 68 11 64 39 30 33 23 2 66 8 74 58 45 15 52 35 20 72 0 60 47 43 3 79 38 24 67 10 19 13 55 9 18 53 62 17 7 61 44 31 78 12 73 21 59 37 42 26 4 49 46 71 48 50 14 6 69 70 1 57 28 76 22 36 65 32 77 27 34 54 29 40 63 16
10 20 84 39 45 63 2 85 86 16 44 33 48 51 31 5 98 95 55 5 93 83 42 51 37 79 39 12 17 46 80 13 62 86 55 84 60 13 68 11 100 82 74 21 15 95 89 34 84 52 4 1 88 100 100 84 49 2 88 25 79 65 63 66 95 92 25 18 44 37 32 3 90 43 54 32 84 15 12 78
39 90 61 23 40 80 34 89 22 94 99 5 20 59 44 91 61 8 48 32 38 41 13 5 1 3 8 7 2 74 63 21 80 47 57 55 69 36 91 54 84 31 46 72 74 17 21 73 7 59 77 74 78 71 92 47 9 52 62 28 35 31 66 11 92 98 98 37 95 65 71 45 62 69 45 77 59 23 69 97
14 13 89 98 76 94 3 64 98 13 93 36 27 99 69 2 42 46 49 48 79 52 16 55 81 59 25 89 41 86 54 18 52 58 72 31 2 6 59 77 53 54 100 24 55 99 81 9 57 60 10 94 88 39 46 52 21 63 45 20 21 50 97 80 47 14 8 77 31 37 46 55 18 25 82 19 13 56 68 26
74 76 36 62 50 9 94 57 69 93 99 41 8 78 60 47 43 34 21 95 74 7 76 23 24 43 42 65 40 79 58 30 16 90 13 83 63 77 3 5 31 43 9 36 60 46 86 28 98 33 64 11 13 78 40 11 76 96 62 98 91 70 73 14 76 22 85 20 51 32 60 28 96 34 40 1 47 84 87 69
56 3 93 21 12 98 32 36 80 5 78 86 86 77 78 97 5 66 95 2 85 85 42 17 50 61 75 51 67 19 9 47 20 84 6 17 69 16 4 38 38 97 16 82 47 31 13 65 2 2 70 10 1 49 67 56 54 34 8 11 95 59 82 85 46 49 73 80 16 92 43 69 76 3 53 79 59 11 7 20
54 22 94 28 25 9 88 86 97 40 10 38 68 16 83 52 62 38 62 58 66 36 12 66 35 80 96 51 19 1 19 23 93 32 100 95 80 36 62 46 62 47 86 14 20 37 99 47 75 63 48 33 13 47 29 68 34 50 54 24 84 94 41 93 52 54 68 65 41 28 7 17 34 100 53 62 56 81 79 7
51 81 18 35 65 34 37 6 56 76 77 81 51 64 18 34 32 27 12 72 83 33 67 59 47 75 90 92 17 46 45 6 31 24 25 35 55 44 52 26 66 81 72 1 36 38 43 87 47 46 97 23 61 7 42 88 65 54 2 29 49 43 94 60 32 43 56 25 76 44 14 89 88 74 12 38 49 73 96 14
80 10 44 34 36 37 76 36 39 72 68 6 33 71 71 8 49 37 56 71 92 41 22 3 41 96 40 15 53 26 72 95 93 51 91 33 35 46 83 6 46 98 12 17 23 13 53 4 80 26 98 16 8 68 55 16 67 1 81 77 24 82 2 93 59 89 58 9 55 23 86 40 71 82 27 84 9 13 28 55
41 78 73 69 62 45 27 11 55 10 35 36 66 89 82 96 22 87 68 46 79 54 56 20 74 90 68 16 62 55 17 3 22 60 56 37 95 89 74 61 52 8 82 26 85 67 37 50 63 96 49 7 26 72 12 100 27 3 19 94 96 26 82 34 76 93 86 33 72 80 15 21 59 39 42 4 17 83 76 77
26 36 11 23 47 44 62 7 1 60 10 70 93 46 45 51 81 85 33 43 54 41 72 18 44 45 33 67 87 86 43 90 48 23 80 3 66 66 60 49 80 39 35 29 84 76 1 91 97 96 78 65 97 3 41 83 10 91 1 65 64 76 49 44 11 37 60 11 38 87 89 23 29 91 76 54 25 16 22 74
9 13 29 75 44 2 33 51 24 35 3 91 57 34 69 15 44 66 40 15 45 31 11 50 19 28 99 8 92 62 3 14 4 10 87 59 30 39 98 37 64 86 32 11 54 23 85 98 56 78 97 78 8 28 5 61 19 87 81 11 29 49 32 43 69 41 45 76 5 90 40 83 46 89 28 92 14 5 43 35
28 7 15 64 13 70 17 43 1 49 83 50 34 71 31 19 20 19 59 61 74 54 92 18 87 48 66 80 32 38 87 38 84 1 62 97 66 97 41 94 84 62 41 96 81 25 1 47 86 69 16 37 91 7 90 11 81 85 37 7 11 52 82 52 71 93 23 7 5 36 10 91 80 96 35 64 35 33 44 34
8 26 35 72 15 50 4 38 23 86 68 23 49 58 45 54 5 83 98 85 45 80 38 76 43 83 45 7 95 68 54 14 78 5 53 54 49 67 88 95 100 26 93 94 84 25 47 8 85 20 17 4 49 85 27 21 68 21 15 28 92 92 81 81 73 31 27 1 57 62 31 63 17 69 9 14 27 47 38 58
85 43 77 60 89 51 44 28 71 3 94 84 78 21 5 28 66 39 77 60 87 1 17 79 38 98 67 57 12 85 58 6 53 42 100 88 29 17 36 58 22 90 76 17 13 42 13 50 2 57 41 15 92 45 23 85 31 69 89 98 23 94 97 14 63 20 37 90 90 48 3 16 42 91 64 13 95 87 35 77
6 71 66 99 10 92 16 100 4 91 14 90 39 55 15 75 13 3 59 74 55 59 78 47 37 32 74 60 5 78 39 16 44 53 53 84 63 87 32 5 31 86 98 18 72 95 9 17 99 96 95 41 7 3 66 18 12 77 90 1 81 33 89 45 74 2 27 32 12 9 71 40 92 54 39 12 4 28 60 5
75 64 45 56 77 59 29 16 67 25 53 8 90 51 39 87 3 14 67 37 25 64 81 62 74 79 72 71 7 39 80 63 24 89 87 28 27 96 43 8 15 40 60 95 53 77 20 65 40 41 67 94 74 76 69 15 31 77 74 50 21 13 60 69 99 79 53 81 3 72 87 59 32 1 43 82 36 51 60 34
94 23 71 44 60 95 30 77 35 18 100 87 95 81 7 64 57 47 69 92 46 7 57 13 92 18 45 77 2 19 98 8 85 29 85 37 87 23 57 67 88 100 10 77 16 54 16 83 71 13 83 15 36 14 79 62 86 69 90 28 40 23 59 54 98 20 70 94 96 38 4 20 43 72 36 77 26 35 24 4
76 75 88 47 56 52 36 94 48 11 64 8 100 30 38 89 47 41 23 12 36 87 95 64 48 95 65 98 64 7 82 98 90 7 88 70 57 83 74 46 41 23 68 92 10 73 37 28 41 96 33 64 85 46 12 14 26 92 20 87 66 51 95 47 20 89 1 76 90 28 31 82 65 35 11 9 22 8 45 51
65 4 65 38 6 43 96 12 40 44 47 30 36 52 47 49 71 30 22 62 10 47 88 85 40 32 76 24 24 62 38 47 18 81 100 98 4 41 39 44 69 66 6 99 23 47 25 18 70 26 6 43 4 69 8 47 69 63 92 38 49 38 96 95 94 89 45 16 73 50 5 49 38 31 13 83 18 87 74 4
62 81 78 8 6 95 16 98 22 1 28 23 35 59 93 36 59 6 8 50 20 10 81 43 42 67 61 53 12 21 35 26 62 75 88 2 2 98 74 36 48 43 21 49 56 52 8 4 88 21 15 2 61 30 67 52 21 43 38 14 15 82 65 8 6 22 36 51 1 38 32 63 91 72 33 70 51 11 11 9
