20 80
52 33 66 21 49 61 60 54 53 69 35 14 68 56 36 1 3 7 9 47 31 38 63 40 78 44 0 79 39 16 13 51 20 34 24 4 59 57 32 43 22 23 41 15 2 72 45 42 19 25 37 10 70 17 11 30 65 76 12 18 50 74 48 77 75 58 73 6 71 62 28 26 5 67 27 29 55 64 46 8
25 23 26 6 79 76 46 44 2 12 65 0 56 21 61 69 19 48 38 75 54 17 74 20 10 55 49 62 77 16 70 66 5 27 71 53 37 13 29 73 28 7 45 31 4 41 24 14 42 9 30 35 68 40 32 64 72 52 1 78 50 57 22 3 63 51 47 67 39 33 8 11 58 34 43 59 18 15 60 36
21 72 77 10 61 36 74 70 42 33 79 7 20 2 52 48 69 49 35 37 18 11 44 5 66 59 67 38 34 3 43 19 8 62 0 54 30 9 31 1 24 22 64 51 47 50 65 68 58 39 25 73 12 60 28 17 46 32 16 26 53 23 71 56 63 15 78 75 40 57 41 13 45 14 76 6 27 4 55 29
23 64 28 56 25 4 44 52 27 20 62 53 47 7 6 26 39 21 60 37 10 24 14 12 34 78 22 63 35 59 38 36 50 19 54 74 69 67 0 1 31 51 61 76 70 71 57 18 8 30 11 15 73 9 75 16 49 66 42 65 55 29 13 2 33 72 32 77 45 43 79 5 46 58 48 40 41 17 3 68
43 42 54 69 40 11 48 14 39 13 1 27 66 72 12 68 61 73 16 35 75 36 79 18 31 5 70 33 49 9 7 60 71 63 0 26 55 44 56 25 46 24 21 51 19 38 3 53 47 6 76 22 4 58 32 74 29 65 20 78 34 59 52 41 45 10 30 37 57 2 17 67 28 62 8 77 64 23 15 50
76 69 21 15 71 66 4 0 29 33 35 32 53 79 16 3 52 78 10 14 24 17 11 31 18 72 28 36 47 68 2 51 34 8 40 42 74 73 61 50 27 25 41 38 75 64 1 70 5 67 37 63 54 13 22 65 9 48 49 23 77 60 19 55 26 7 20 46 39 43 44 57 45 6 12 58 56 59 30 62
71 31 52 77 12 72 59 5 41 14 38 76 57 63 18 47 75 37 13 26 36 79 60 19 2 54 50 46 32 73 43 22 11 4 78 66 33 7 62 3 29 10 8 1 55 28 48 68 17 16 24 53 49 74 56 44 0 45 23 42 21 30 39 20 69 27 65 58 34 35 15 64 67 61 70 40 25 9 51 6
0 62 7 11 16 39 29 42 51 48 10 3 35 61 47 9 50 52 37 66 2 41 17 15 38 78 12 70 28 8 77 64 5 57 69 34 13 79 67 46 21 53 71 4 27 75 45 26 14 22 72 43 24 68 58 23 18 6 56 32 73 36 59 65 54 30 1 20 76 49 19 44 25 40 55 63 60 74 33 31
12 54 59 61 26 43 27 33 73 32 44 50 24 7 49 14 15 53 64 18 65 45 4 19 28 63 11 10 37 0 78 5 69 13 75 68 48 72 46 58 9 79 34 16 3 31 21 57 40 6 47 29 23 56 51 77 71 55 74 76 60 62 70 67 17 25 39 30 2 42 1 38 36 52 66 8 41 35 22 20
21 20 50 76 65 70 30 60 69 58 11 39 35 10 49 12 36 57 32 56 74 1 61 55 44 38 13 47 75 68 41 72 29 52 33 37 5 77 31 46 19 15 28 34 3 14 42 7 0 66 25 23 53 27 48 26 16 4 71 18 73 43 59 22 51 64 79 24 54 78 40 17 8 67 9 62 6 63 45 2
53 55 73 45 6 69 17 43 28 79 54 35 62 7 78 39 0 34 76 37 38 77 47 60 61 14 21 3 19 52 30 27 48 56 63 49 18 23 29 15 40 25 1 36 65 44 51 32 42 4 74 41 68 75 33 9 24 31 64 11 70 71 20 67 50 72 10 26 22 8 57 59 58 2 13 16 46 5 12 66
15 18 63 5 76 10 51 48 77 59 73 64 30 68 50 34 37 20 66 22 27 14 32 0 19 67 69 6 79 1 45 3 65 57 33 47 49 26 56 38 58 23 29 53 42 39 75 35 52 25 54 55 46 4 31 11 43 61 24 44 9 71 13 74 40 41 60 7 62 28 36 70 16 72 21 17 2 12 8 78
56 76 26 53 58 14 25 16 7 8 39 37 32 47 2 33 30 78 75 40 54 52 63 9 28 72 6 20 18 3 68 1 21 10 77 35 55 0 50 23 46 64 59 73 24 29 69 13 38 70 79 48 62 74 41 66 49 19 71 34 31 44 51 61 22 60 12 15 4 5 45 42 43 65 57 36 27 17 67 11
42 46 43 28 1 47 8 12 44 62 11 66 5 3 13 53 14 16 78 61 7 51 19 41 2 76 63 59 77 73 36 56 0 18 21 31 29 57 48 39 50 67 70 20 24 32 17 52 10 23 35 69 60 45 72 71 75 37 4 58 33 40 30 27 68 25 34 65 54 64 38 26 9 22 49 6 79 15 74 55
17 24 77 55 11 57 20 79 7 32 3 75 40 58 12 37 23 25 19 18 59 36 74 26 16 2 44 0 15 65 30 48 31 4 6 76 66 73 5 41 50 72 64 29 52 9 47 21 78 10 46 62 38 69 68 63 45 13 39 49 70 42 34 28 60 53 1 22 35 61 67 8 14 33 43 54 56 71 51 27
74 45 20 0 12 79 27 14 40 21 28 39 50 15 70 38 49 31 25 57 47 72 66 11 61 8 29 16 52 19 46 58 34 4 62 68 67 51 42 18 30 60 77 2 48 64 55 7 13 43 37 73 71 17 56 69 6 41 65 9 53 24 33 3 54 26 10 63 1 75 76 23 59 32 5 44 22 78 35 36
74 72 54 40 32 60 28 47 11 13 64 59 30 38 12 26 37 56 3 76 71 48 62 61 22 17 43 70 51 14 65 50 1 33 41 57 18 2 75 55 66 58 78 42 19 10 39 73 68 53 46 44 45 24 5 6 67 7 77 25 69 34 15 8 31 21 36 29 27 20 9 79 35 4 0 63 23 49 16 52
2 18 32 28 68 12 73 44 37 23 25 3 78 34 79 53 62 76 24 52 4 51 74 67 57 71 6 33 30 26 43 19 59 35 29 11 39 15 1 46 7 38 21 8 40 31 55 27 61 66 20 0 13 36 16 72 42 5 49 47 64 41 60 63 69 56 45 65 14 9 10 48 75 54 17 58 22 70 77 50
32 12 64 37 77 67 49 33 72 58 31 8 27 17 35 40 59 7 53 6 20 26 38 42 45 46 43 29 39 56 0 28 11 21 50 74 25 54 66 9 52 41 24 60 18 19 34 79 44 23 47 73 75 63 70 22 71 69 68 78 15 76 55 4 5 51 65 62 10 61 13 16 3 36 14 57 2 1 48 30
78 46 35 76 75 29 55 72 11 50 63 40 19 52 53 26 34 22 17 3 51 79 70 45 15 62 31 28 32 77 68 9 27 48 74 73 8 36 23 58 10 5 61 54 43 57 30 59 41 16 2 47 64 60 38 67 12 18 1 56 65 14 25 44 21 33 49 6 69 13 39 71 24 0 4 37 7 20 66 42
95 63 36 26 95 54 29 79 46 46 46 43 49 74 48 80 27 28 17 22 62 92 12 15 62 88 26 14 75 63 85 1 5 63 95 90 88 40 54 22 64 61 17 17 56 25 86 99 72 74 48 76 80 43 12 73 88 29 24 93 4 29 67 9 19 53 58 72 20 75 17 63 8 87 57 33 1 57 52 72
45 11 63 33 62 44 53 23 20 8 62 53 64 38 51 70 48 90 27 87 34 64 84 99 18 8 57 89 53 44 73 98 24 33 47 30 70 40 68 79 5 8 28 5 35 16 25 57 100 76 54 42 77 38 51 88 86 96 58 85 46 94 84 96 63 28 57 28 51 42 71 65 9 17 14 56 92 73 74 51
19 48 37 2 9 78 75 75 95 10 48 59 15 86 54 37 84 17 38 93 94 55 30 21 78 2 84 73 45 95 73 70 14 60 24 22 100 57 40 31 8 45 95 46 42 99 61 27 84 26 59 53 41 67 79 58 96 41 92 57 2 70 53 92 52 44 46 53 56 77 7 46 3 58 18 67 81 55 35 95
30 14 26 77 56 9 10 21 26 20 75 25 53 3 5 77 60 100 32 5 6 53 70 7 16 56 81 73 21 10 21 38 54 95 84 98 35 60 50 55 36 78 94 46 16 57 35 7 45 8 27 44 62 34 8 1 4 31 15 29 98 71 90 64 41 81 48 79 24 60 99 16 54 54 82 21 84 23 82 88
32 31 72 68 6 57 67 68 91 46 61 79 99 80 7 39 83 4 54 2 97 75 38 56 61 88 65 12 54 78 24 78 72 82 48 51 61 37 29 50 8 19 69 48 66 88 36 93 73 8 62 11 93 100 3 92 26 38 80 67 33 93 91 46 47 54 68 79 9 60 47 71 9 27 34 69 80 64 95 75
71 14 39 7 19 54 21 46 84 93 10 60 76 18 80 49 93 83 85 64 70 48 90 43 64 29 71 23 76 1 73 53 4 86 17 86 21 10 84 37 61 87 16 54 84 55 78 14 9 60 44 55 88 44 44 44 66 59 83 51 51 36 34 92 6 83 84 23 70 56 52 89 94 75 10 88 6 92 53 58
19 43 73 64 44 79 93 41 47 26 9 94 23 23 94 60 57 62 57 39 62 73 56 47 85 42 40 3 97 54 63 80 24 55 25 69 42 75 1 14 85 73 83 11 84 45 4 53 1 98 34 18 44 38 3 70 59 42 57 77 45 98 94 29 39 86 96 80 43 93 18 55 20 22 24 14 52 59 17 68
45 30 99 18 9 83 60 24 82 57 82 30 3 50 3 82 71 8 73 9 46 99 38 36 38 66 14 25 23 76 22 90 38 97 40 32 14 87 91 71 43 51 94 14 14 69 34 33 23 67 97 70 43 94 14 67 11 36 58 10 32 92 74 82 5 46 82 100 48 88 28 62 47 92 78 63 24 25 87 7
3 66 98 52 6 79 78 98 74 41 74 14 54 51 70 39 54 9 2 36 83 41 89 83 79 2 40 50 71 93 85 94 15 46 27 31 61 3 68 84 9 47 70 82 3 83 83 22 40 40 52 66 41 16 42 96 99 5 18 42 54 34 36 56 18 88 33 66 84 31 70 97 5 14 63 6 27 35 98 50
4 5 30 81 56 71 43 53 93 69 26 25 60 98 90 41 45 56 71 63 89 70 99 74 58 45 23 33 35 95 70 50 56 15 69 4 26 49 50 77 45 41 18 87 41 33 15 20 25 90 25 82 8 80 41 74 6 98 100 2 10 22 2 51 82 32 62 3 37 82 31 67 27 5 40 93 7 3 85 8
45 89 75 26 87 44 62 15 13 24 100 42 51 50 11 77 29 31 65 46 42 36 67 2 74 45 49 1 45 5 51 23 7 37 91 3 91 33 93 27 14 84 51 52 65 55 100 61 66 68 64 66 9 40 4 14 30 76 89 13 75 19 86 9 8 72 17 20 79 22 63 4 91 49 77 8 23 9 54 47
23 7 76 100 87 99 66 53 37 39 27 45 38 90 51 46 88 95 79 66 75 70 94 4 76 41 96 91 32 18 39 70 53 39 53 43 72 49 86 97 61 26 39 60 93 68 73 62 2 69 56 77 27 46 97 97 16 7 46 75 20 66 96 76 30 83 42 13 57 76 37 87 41 44 35 52 62 16 96 23
12 28 33 26 24 6 54 55 42 35 92 5 23 2 91 45 41 96 94 71 82 92 28 46 85 3 19 65 81 30 31 26 94 44 44 25 41 80 33 46 21 18 17 41 79 50 78 62 32 70 25 75 29 96 41 84 35 100 74 66 91 22 47 73 33 38 19 91 24 87 21 75 8 14 16 20 90 14 9 86
33 70 40 45 98 98 23 78 16 14 17 75 11 33 11 67 97 5 71 96 55 16 92 30 66 95 85 11 78 43 44 25 52 10 14 91 62 65 11 36 95 73 18 97 68 93 47 55 66 44 50 89 62 19 35 27 25 40 7 94 5 34 47 94 26 71 12 37 7 41 31 4 12 12 60 17 70 34 14 28
32 40 30 67 11 1 73 68 8 44 83 10 10 50 85 55 9 41 61 45 98 45 36 87 41 23 34 62 69 9 41 58 24 17 29 42 59 37 44 62 100 81 13 39 75 38 74 90 45 29 54 80 77 38 95 16 76 22 80 75 55 31 89 12 12 34 30 87 15 20 85 66 25 51 21 53 11 8 90 54
98 85 96 45 68 26 71 61 38 25 80 32 2 5 5 80 17 65 1 63 16 55 76 1 68 15 56 68 89 18 24 10 46 22 88 33 80 50 24 38 28 60 2 76 41 17 64 12 10 32 53 91 60 30 86 86 26 89 94 73 44 70 88 86 2 34 54 81 8 42 32 39 60 9 74 10 15 4 10 75
91 34 7 21 41 26 100 93 79 87 28 76 69 23 83 91 72 43 68 88 92 35 48 63 92 63 52 90 43 70 34 2 76 15 40 49 31 88 65 22 47 21 99 5 16 20 47 3 17 32 42 42 40 38 60 17 77 95 88 11 45 73 9 10 54 79 22 48 23 57 33 47 66 31 14 87 26 82 21 54
28 24 37 56 73 3 41 98 73 3 95 74 96 82 35 54 47 75 36 32 33 18 98 64 26 18 53 46 41 78 94 92 23 98 89 94 81 70 56 61 35 10 70 77 89 39 77 29 3 72 47 11 20 55 7 63 48 50 16 4 62 47 72 81 83 16 56 11 21 50 26 7 28 39 81 61 75 80 25 80
53 82 87 2 84 56 91 79 4 96 18 62 98 55 46 65 83 48 63 93 79 93 75 6 71 71 100 83 35 59 29 86 58 7 95 58 12 93 28 58 57 97 73 26 84 57 27 27 13 52 92 25 77 52 80 22 71 28 19 16 29 76 65 93 67 92 53 78 93 2 93 61 100 43 56 12 11 53 7 21
45 14 16 54 50 69 95 77 52 44 51 41 25 85 49 80 46 7 16 33 9 90 22 59 86 36 67 85 2 81 13 83 28 3 60 60 24 18 73 81 89 11 11 23 91 68 44 10 62 95 60 36 79 34 44 2 82 51 49 18 64 85 58 72 70 75 12 38 49 58 19 42 40 39 34 1 30 89 52 37
