20 80
78 77 20 8 0 11 6 65 58 40 38 64 2 53 49 9 21 39 52 47 63 48 68 51 19 59 70 22 24 56 34 7 31 13 25 50 29 1 73 5 57 32 46 14 71 41 54 66 12 27 4 33 15 55 69 74 28 45 16 18 3 75 37 72 61 76 36 17 35 60 43 10 67 79 62 23 30 26 44 42
17 38 54 31 11 75 30 47 43 10 27 49 9 42 35 60 23 7 16 66 33 58 48 18 52 59 3 65 37 6 8 67 29 26 61 41 12 13 0 24 50 4 71 40 72 57 70 64 36 32 73 63 55 14 74 44 5 56 62 78 25 28 46 34 68 21 77 76 19 51 15 53 22 20 2 79 1 39 69 45
27 51 43 5 32 24 78 37 61 39 73 29 26 50 23 54 34 49 68 28 59 33 76 18 45 9 22 6 74 7 48 10 20 56 70 40 13 30 67 31 64 44 25 79 2 62 8 75 17 1 11 38 47 58 15 63 42 71 46 65 55 60 12 66 69 72 14 36 41 19 3 53 4 35 21 0 16 57 77 52
26 17 38 39 49 6 36 71 72 76 50 15 29 58 25 13 18 3 16 2 7 43 24 11 46 14 78 57 10 44 42 37 35 75 68 31 4 52 56 19 65 77 64 28 47 33 23 12 63 32 70 66 34 69 62 48 79 45 1 22 30 73 53 54 41 9 55 27 60 59 20 0 67 61 8 40 5 51 74 21
71 5 55 19 7 69 42 33 31 3 0 74 63 35 46 73 43 65 41 30 77 20 48 72 15 24 2 28 59 6 58 66 57 75 40 18 23 51 36 76 68 44 12 37 4 64 79 78 53 11 10 61 38 47 13 54 52 29 21 22 34 50 25 70 14 27 32 45 16 49 62 56 8 26 9 60 17 39 67 1
4 61 78 49 9 25 66 18 73 19 57 45 52 48 32 15 1 14 26 20 63 2 21 55 27 23 11 62 33 42 58 74 51 13 7 38 22 8 44 64 69 65 60 31 39 40 47 46 43 37 12 76 77 30 6 3 56 17 75 28 5 70 53 54 34 67 41 29 24 68 35 16 71 36 79 10 72 50 59 0
63 9 39 37 66 67 64 49 51 79 76 50 35 21 17 46 4 16 57 78 71 18 23 26 77 60 25 19 27 72 41 42 2 52 65 0 10 62 38 32 70 53 48 20 69 28 22 36 45 30 54 24 1 5 58 31 12 47 56 68 43 29 73 7 6 44 14 55 8 61 59 11 33 13 40 75 74 34 3 15
6 78 50 17 19 41 60 34 58 77 75 67 53 12 57 65 71 42 5 2 10 74 7 25 8 30 28 76 31 20 39 44 4 47 72 16 45 66 23 73 54 29 21 36 26 14 79 33 9 64 56 68 35 27 40 52 69 46 48 61 11 38 43 49 55 1 22 63 70 3 32 15 0 62 51 59 18 24 37 13
3 14 22 5 27 60 51 77 54 56 18 65 2 53 48 49 36 70 1 41 32 23 63 69 19 74 72 38 76 58 50 73 79 13 34 26 6 78 16 67 52 9 46 11 7 68 31 33 15 4 55 10 61 75 66 21 25 39 29 20 28 47 24 8 44 35 42 57 64 45 17 43 59 37 71 30 12 0 40 62
46 18 65 28 26 27 72 49 76 33 25 68 66 24 78 62 31 22 73 61 58 7 45 29 36 71 47 34 10 5 40 75 53 69 2 38 8 70 11 16 13 14 39 32 63 37 1 79 77 41 74 17 55 51 21 60 4 0 52 15 64 9 67 44 43 12 19 20 50 35 42 54 23 59 57 56 48 3 30 6
1 11 62 23 42 19 66 33 30 39 70 40 26 53 8 72 44 37 31 36 56 25 68 3 75 24 14 59 12 77 54 28 9 71 27 49 29 60 41 16 22 20 50 57 46 65 45 6 38 48 13 0 51 17 69 78 79 67 21 10 73 32 34 15 74 64 58 18 5 7 55 4 2 43 52 61 76 35 63 47
45 53 56 9 72 59 78 51 42 29 2 44 73 21 54 26 25 79 63 18 4 37 49 10 23 67 69 65 30 7 68 34 57 52 5 77 71 8 58 27 22 55 62 6 47 11 38 35 48 32 39 20 50 36 14 64 15 43 61 76 31 19 33 1 75 3 0 46 17 66 60 13 70 40 12 28 74 24 41 16
49 57 24 35 48 5 77 60 56 30 31 3 53 16 55 22 45 21 70 79 39 63 28 15 7 42 34 71 4 40 41 29 0 18 23 33 61 11 62 19 10 2 38 69 37 51 68 14 20 1 72 50 54 9 76 27 43 26 36 75 52 64 58 46 25 17 73 6 13 67 44 66 32 65 12 47 8 59 78 74
66 62 61 48 58 1 50 24 6 13 26 16 22 7 79 15 8 23 46 0 18 52 41 4 31 70 9 19 74 55 56 21 35 37 38 49 59 43 32 51 64 44 17 73 40 28 5 69 65 45 53 54 25 2 42 71 76 20 3 39 47 75 30 27 78 12 36 77 68 67 57 34 29 10 72 63 11 33 60 14
43 0 77 48 71 66 33 41 47 20 3 38 15 67 29 45 18 35 76 9 40 57 24 51 60 37 34 61 19 7 14 26 10 2 30 17 72 31 44 16 36 62 70 21 54 39 1 64 5 79 6 75 59 65 12 32 11 13 69 56 68 53 4 42 27 23 8 50 73 78 58 22 55 46 52 49 74 25 28 63
58 23 77 69 53 5 17 68 54 7 62 19 25 37 75 55 74 11 35 27 49 56 71 26 59 73 79 6 65 13 21 40 67 39 70 78 18 24 33 32 12 61 66 4 3 63 29 72 41 43 46 57 22 15 51 64 2 9 76 47 60 10 45 48 31 52 30 0 34 38 8 20 44 14 16 1 28 36 50 42
46 71 6 26 10 50 16 55 15 78 13 48 44 65 25 47 18 20 62 72 39 33 79 56 36 1 64 17 75 3 69 54 41 5 0 76 22 57 51 40 29 8 45 37 61 28 66 74 38 67 53 9 68 2 14 70 11 58 32 52 31 24 30 60 19 43 4 35 34 49 42 23 77 59 21 73 27 7 63 12
35 42 20 67 14 16 45 31 13 8 43 19 64 11 6 1 30 55 65 49 17 58 71 9 4 29 78 3 23 41 34 63 39 59 38 60 25 75 62 24 5 73 54 76 79 70 53 68 40 52 72 2 37 15 74 32 26 57 10 77 56 46 36 21 0 66 48 27 28 69 47 61 7 22 18 50 51 12 44 33
34 69 70 40 4 79 21 23 59 22 49 43 77 35 39 14 52 6 0 11 10 63 75 25 18 73 24 27 44 48 3 31 41 32 15 55 37 45 51 5 19 53 26 16 33 8 57 29 60 36 68 61 46 50 74 2 47 71 58 30 54 17 38 28 64 65 62 20 72 13 66 12 78 67 7 9 1 56 76 42
59 49 45 54 3 27 26 36 67 53 60 48 13 18 79 25 50 33 56 14 63 21 66 7 43 11 22 0 70 78 23 20 72 68 65 1 15 12 55 39 52 8 9 10 28 73 5 75 47 58 62 76 34 38 40 2 37 19 30 64 41 31 44 51 74 77 46 4 16 71 61 6 17 32 29 57 69 35 42 24
60 69 9 9 11 42 8 13 37 3 18 29 37 98 44 76 11 60 68 51 59 63 72 17 28 29 12 95 40 21 51 83 81 83 53 69 89 7 17 37 99 84 57 66 41 63 11 72 10 7 45 66 89 31 96 76 45 78 26 85 81 16 87 66 66 2 97 35 76 46 15 42 32 5 88 82 63 56 10 56
8 75 19 23 99 98 34 99 74 24 86 27 12 100 96 91 50 84 40 66 34 11 85 48 87 11 24 36 3 34 95 97 82 17 31 74 83 56 83 56 56 97 34 17 26 48 65 13 39 1 31 37 85 90 1 66 2 56 51 51 4 80 79 82 15 82 85 18 59 36 40 2 48 76 80 72 92 77 14 37
25 77 61 8 52 11 16 69 53 13 17 31 29 47 45 47 2 61 4 34 87 77 30 82 11 54 11 86 86 44 60 36 27 77 89 60 91 84 98 73 19 60 37 78 19 19 16 89 69 21 77 31 84 89 54 82 86 27 77 26 77 98 69 95 100 99 60 75 84 39 45 44 90 68 72 49 53 75 24 90
37 87 41 13 87 45 27 79 59 85 14 92 52 93 84 7 25 14 91 77 96 97 9 55 90 18 44 75 64 79 28 84 2 61 62 51 96 98 48 67 15 90 31 50 95 3 51 25 1 15 26 42 2 26 52 47 60 16 64 8 9 86 9 97 53 45 11 50 92 70 77 48 19 74 26 31 95 47 83 99
44 98 44 73 94 14 12 58 44 38 4 34 39 72 79 42 28 21 57 96 20 68 45 2 20 90 21 7 8 11 79 19 43 33 80 14 96 18 83 75 13 91 100 76 58 1 55 39 30 41 36 62 24 49 11 67 30 46 58 21 92 79 79 13 88 58 88 72 38 32 71 11 35 50 74 55 65 22 89 50
70 81 44 88 66 88 49 93 68 10 75 66 59 54 23 67 16 22 38 9 82 10 84 47 67 89 28 68 44 23 3 34 37 88 3 80 62 63 66 63 51 80 23 94 71 90 36 71 94 56 99 84 2 50 65 40 25 67 84 66 92 24 70 14 38 32 80 77 83 99 49 80 79 56 85 84 82 92 60 65
13 86 26 53 48 16 37 15 88 35 49 94 29 44 46 44 94 46 79 21 84 55 56 15 36 99 24 14 90 64 15 12 97 11 20 53 92 80 91 68 33 62 19 76 73 35 13 94 41 49 68 89 46 59 67 99 6 25 92 38 59 81 99 95 98 4 40 10 40 62 24 8 28 62 80 25 35 11 42 46
88 86 69 9 1 90 60 70 48 4 89 16 1 23 43 47 45 52 30 18 68 22 62 64 56 49 90 18 39 18 28 27 38 60 29 96 70 69 90 46 37 67 19 66 78 10 80 88 75 73 82 92 1 68 70 42 92 47 24 84 29 18 79 59 57 2 67 69 3 61 39 27 48 33 90 11 50 4 91 24
92 32 69 49 45 9 82 30 24 79 96 40 29 2 100 4 67 3 54 55 9 83 88 32 65 50 52 44 94 26 72 51 12 51 95 47 15 71 36 65 84 37 33 11 38 4 4 67 58 90 82 50 75 54 68 2 21 14 22 36 30 21 10 46 71 11 67 42 45 85 31 37 58 54 72 60 25 91 87 38
7 16 36 50 57 26 39 24 70 59 31 25 16 51 100 44 21 56 51 100 41 46 22 6 60 42 100 74 14 91 93 19 6 2 84 32 39 37 33 65 97 8 17 100 48 48 74 96 13 6 27 27 31 22 6 47 35 51 35 79 44 79 99 94 75 52 76 27 37 31 66 71 48 58 1 97 71 36 97 76
21 14 74 68 94 100 6 80 30 20 58 85 48 52 63 96 84 100 96 50 60 20 27 64 24 10 12 46 98 97 62 16 13 66 97 56 59 70 31 75 53 85 74 28 80 54 9 39 69 15 80 36 29 16 28 21 74 73 98 60 77 15 57 9 74 10 10 32 93 60 21 82 88 60 25 45 37 97 40 41
49 92 87 91 72 77 87 63 99 82 82 86 61 38 12 9 97 29 82 80 75 77 62 52 12 94 32 34 34 62 75 51 49 26 34 83 53 74 13 46 13 91 92 26 49 91 21 93 79 35 3 41 12 56 51 38 4 47 6 2 25 17 65 79 90 51 64 23 25 96 91 33 14 55 13 28 74 74 93 62
79 55 99 66 86 65 46 49 7 44 24 53 13 42 46 34 39 71 97 56 66 85 52 57 38 43 95 57 69 38 95 24 38 10 73 41 52 87 48 97 56 98 68 45 28 46 21 38 30 94 96 62 69 18 28 79 28 76 85 6 49 77 32 3 44 100 27 57 43 7 85 56 21 28 44 90 47 22 19 49
81 67 65 87 11 54 53 58 91 41 92 45 61 100 14 53 55 31 5 99 92 16 49 87 81 85 13 49 93 16 27 47 81 80 71 12 81 7 34 56 47 41 25 71 32 50 26 20 2 13 34 3 58 53 68 2 72 14 51 96 73 80 87 40 24 100 43 99 55 96 5 70 53 13 4 9 35 53 43 98
28 9 54 25 8 29 51 34 74 82 17 26 74 66 17 26 80 45 79 100 94 79 36 83 94 42 26 100 94 84 61 17 57 41 20 51 23 97 75 24 26 93 34 64 44 80 30 81 25 70 24 62 35 14 43 65 92 74 50 68 90 39 10 36 46 97 88 42 77 2 2 55 66 96 49 39 7 5 2 68
38 39 2 12 61 97 17 45 52 80 59 70 79 52 65 89 78 58 79 7 10 43 43 95 85 25 81 54 92 53 71 47 51 75 71 47 12 32 45 70 5 1 54 59 100 46 18 42 30 37 33 6 86 17 65 83 61 42 74 83 67 78 59 23 84 13 82 52 71 55 94 38 56 89 12 57 63 39 32 2
73 66 85 100 23 45 26 7 68 74 58 32 21 15 62 97 95 36 72 2 2 7 7 24 68 70 44 88 6 17 16 74 65 36 73 73 69 60 54 81 50 19 74 42 95 84 43 81 95 44 39 22 85 84 40 37 62 60 9 5 14 11 62 84 20 43 83 91 8 2 81 55 12 74 51 58 6 62 57 74
83 34 75 22 53 69 99 95 20 4 11 67 29 10 30 65 69 93 55 92 33 40 52 13 16 94 61 6 38 97 59 6 16 81 83 11 34 73 4 92 71 46 20 8 45 55 34 21 71 99 45 22 53 23 28 71 72 67 61 99 24 46 66 57 3 95 36 92 80 75 83 15 85 69 22 43 29 3 74 27
81 65 26 53 20 81 93 93 28 85 72 21 69 44 6 76 81 81 81 99 42 75 63 37 26 49 54 49 38 73 59 18 31 25 54 86 13 21 80 80 91 39 67 10 57 2 3 63 4 85 81 83 21 73 75 3 74 25 87 96 51 27 2 90 75 68 47 51 7 84 5 12 26 21 8 98 57 44 41 13
38 4 63 98 14 34 24 39 85 32 13 69 90 70 96 19 55 36 30 41 82 84 18 95 100 6 32 42 1 59 41 98 89 6 92 35 85 5 58 79 61 42 31 83 60 82 85 19 69 43 56 62 9 21 85 59 39 92 58 15 83 28 50 93 97 73 14 66 75 67 78 81 40 26 2 13 26 63 95 10
