20 80
5 23 64 67 56 34 36 11 12 69 4 17 63 40 71 45 59 72 29 39 58 13 31 44 22 26 66 57 70 3 35 0 2 27 78 79 7 46 15 6 10 76 16 68 38 32 61 1 51 14 47 50 77 37 43 74 20 54 41 60 9 8 21 33 48 65 42 52 19 24 73 30 55 25 18 75 28 49 62 53
63 39 54 74 29 58 11 38 19 71 13 65 70 43 55 52 24 15 30 40 34 79 61 76 41 59 60 5 6 18 28 62 47 57 21 25 22 14 36 67 44 37 73 64 75 23 31 10 42 3 46 16 2 0 49 53 17 72 12 8 69 33 27 1 35 32 68 7 77 50 66 78 20 26 48 51 4 9 45 56
13 0 40 6 46 44 2 68 59 31 3 70 35 48 42 9 71 73 50 49 23 21 8 37 76 77 20 53 26 72 30 29 47 39 4 18 11 62 36 45 78 14 63 25 33 74 38 32 19 56 17 69 1 24 12 54 16 28 64 34 57 58 5 7 65 41 60 15 79 22 67 10 75 61 52 55 51 66 27 43
10 11 4 65 38 49 73 36 41 30 7 54 75 16 21 40 22 42 26 2 77 46 6 70 18 59 17 27 32 50 60 78 63 44 24 53 1 61 14 3 66 52 69 79 15 56 76 72 31 45 5 39 74 48 20 23 64 68 0 58 57 71 35 37 8 47 29 28 62 13 19 67 55 25 34 33 43 12 9 51
62 26 39 25 9 55 10 47 11 12 44 36 20 48 19 71 53 66 40 38 34 52 43 8 7 15 23 37 27 64 35 49 6 24 51 59 70 77 21 54 17 18 16 61 69 56 74 2 5 1 0 32 45 28 75 63 58 60 33 78 30 3 72 14 29 79 67 65 46 31 22 41 42 73 13 57 4 68 50 76
63 20 54 11 35 46 31 29 3 18 30 0 19 50 78 70 23 55 57 28 49 44 12 2 66 77 9 53 43 7 74 61 26 15 21 25 51 38 65 4 62 13 60 45 39 73 10 47 59 76 36 71 40 14 34 37 67 75 22 52 5 6 32 33 79 48 69 16 68 1 41 58 24 72 42 17 27 56 64 8
22 44 49 19 18 8 10 67 14 15 68 34 47 6 61 35 17 42 72 7 13 48 54 11 23 2 26 73 31 5 45 33 59 36 50 63 43 66 27 4 21 20 30 9 38 74 65 12 24 75 28 29 52 57 62 16 3 1 60 76 41 79 69 32 55 40 58 56 0 46 53 78 70 37 51 71 64 39 77 25
0 57 39 48 64 17 12 4 34 16 52 60 65 43 11 44 22 30 54 47 41 67 70 19 5 51 14 33 28 20 77 79 62 8 42 3 32 75 72 53 40 6 2 24 58 7 61 36 21 73 56 74 9 10 38 59 35 23 63 26 18 25 37 15 71 27 29 50 45 46 69 13 1 68 49 66 55 31 78 76
19 8 60 38 72 44 5 43 29 73 46 50 0 69 52 54 70 45 26 12 23 49 10 16 3 1 75 59 7 66 21 71 4 65 11 79 31 22 9 27 47 17 42 2 18 67 63 35 13 36 15 55 57 56 40 14 30 39 6 62 58 24 41 61 64 78 48 34 53 28 33 77 74 76 20 25 68 32 37 51
72 34 13 32 44 66 73 19 15 53 76 24 47 61 1 9 49 79 63 68 77 71 57 29 4 43 30 70 31 18 45 23 38 22 69 11 51 28 14 55 36 35 17 56 39 46 75 54 8 64 33 52 16 40 25 50 0 2 60 67 5 48 37 6 27 21 59 78 65 58 26 3 10 20 42 12 7 74 62 41
37 10 79 72 21 49 26 17 6 75 68 20 74 51 41 53 13 67 27 52 31 19 42 2 73 4 25 11 32 78 40 24 62 23 59 77 48 61 64 34 5 46 7 58 66 55 28 33 50 43 12 15 9 14 16 56 0 30 70 63 57 60 69 39 3 35 38 76 22 71 8 44 1 65 18 36 47 54 29 45
64 4 20 59 52 6 7 21 31 3 68 42 76 50 77 33 13 11 67 30 37 48 18 2 15 8 65 73 53 16 63 19 1 24 35 78 10 36 56 51 22 23 44 14 29 38 71 47 46 69 79 26 41 70 28 66 0 43 49 34 55 32 72 60 57 54 12 5 39 74 75 61 25 17 40 62 58 45 9 27
34 68 64 20 31 18 8 23 19 40 39 61 26 6 72 2 4 53 21 75 55 11 24 3 65 78 0 45 54 16 66 12 62 71 43 69 29 32 41 46 42 17 60 9 38 51 47 44 57 10 1 22 33 28 63 49 15 74 30 50 73 48 56 7 37 59 77 70 79 52 13 36 35 5 58 27 25 76 67 14
48 1 79 35 6 56 33 8 50 76 41 42 55 70 16 46 60 20 59 14 24 38 2 22 32 43 21 4 9 11 69 36 28 62 5 10 71 44 77 61 29 65 73 66 18 74 3 26 67 34 12 23 19 25 13 63 53 54 64 15 58 78 7 45 37 75 57 31 49 47 17 39 52 51 40 30 72 68 27 0
61 3 57 25 8 31 44 56 47 45 16 5 20 74 72 7 32 79 40 30 18 46 23 12 36 42 64 73 63 9 69 48 60 70 1 10 76 77 49 39 15 27 68 66 43 75 24 35 37 33 58 51 38 71 50 62 2 54 53 34 78 52 67 55 29 13 11 41 28 65 19 21 14 59 22 6 0 26 4 17
33 67 4 17 43 23 48 35 27 78 12 71 1 66 77 15 44 6 65 45 0 51 8 14 16 54 46 22 20 53 41 79 19 31 18 75 56 7 29 39 74 69 34 63 3 55 72 59 25 38 42 11 32 73 52 24 47 30 62 64 40 10 21 60 76 26 5 37 70 61 9 57 58 50 49 68 13 36 2 28
60 0 78 35 27 69 11 74 76 49 23 50 54 53 40 41 75 16 66 34 65 79 12 71 17 21 45 62 63 19 26 22 42 33 9 15 58 7 31 25 3 52 37 59 13 57 61 68 55 38 72 4 32 30 67 73 36 5 10 14 47 48 8 39 29 51 44 24 1 2 18 56 77 6 64 28 20 70 46 43
32 26 34 35 54 8 11 41 28 21 19 13 6 1 9 18 31 63 16 30 37 24 3 51 17 50 42 2 38 66 62 65 52 57 46 7 77 4 33 48 70 67 22 55 49 45 69 47 59 23 74 73 72 75 12 0 64 27 76 56 53 44 79 25 5 36 61 29 14 40 10 20 43 78 71 15 60 58 68 39
13 24 44 34 67 51 20 41 26 35 14 52 66 19 42 74 61 33 48 68 1 62 0 50 15 49 46 10 16 77 5 28 54 56 21 79 29 3 2 9 70 32 7 12 38 30 65 58 64 11 27 78 37 23 6 18 8 73 55 36 22 53 72 47 59 76 43 17 39 63 40 25 57 60 45 31 71 69 4 75
20 54 44 9 56 14 43 45 34 2 58 33 13 48 23 16 72 24 8 39 65 6 71 26 69 61 66 47 0 62 32 19 50 36 28 42 1 64 3 25 73 4 31 57 37 70 46 17 21 51 67 79 29 27 68 78 59 38 15 75 41 18 63 76 49 12 77 5 52 10 74 22 55 7 53 60 35 11 30 40
26 78 85 59 42 40 20 33 89 83 39 74 68 39 16 93 36 20 30 84 30 93 63 51 65 61 84 34 3 95 24 86 71 94 23 45 96 27 29 5 31 18 19 94 42 24 46 58 45 37 97 74 11 7 16 62 66 19 14 46 55 97 29 96 46 6 93 18 1 31 61 2 22 16 58 20 81 92 26 29
44 83 85 20 31 85 84 19 45 82 95 2 69 55 36 6 7 53 37 90 70 65 73 70 15 13 45 78 63 69 36 72 41 89 80 58 6 13 24 63 78 7 9 92 15 18 81 15 88 33 64 84 19 12 58 36 81 18 76 96 37 90 45 90 14 8 80 45 28 55 20 74 9 73 66 34 60 17 15 62
70 47 3 47 26 18 54 74 6 31 24 99 9 42 19 23 34 21 57 82 21 20 45 3 86 27 33 91 14 46 46 75 15 65 55 16 92 46 60 57 50 55 40 89 82 73 50 87 82 80 29 31 81 43 9 99 64 31 7 45 1 32 5 15 16 33 11 89 86 13 95 17 13 79 89 52 46 18 10 31
44 98 44 57 72 2 40 1 4 9 80 93 17 73 50 95 62 67 36 82 27 100 23 36 11 46 89 26 70 37 31 47 89 21 56 76 28 42 83 16 44 87 27 4 2 85 86 83 61 8 99 57 10 73 78 43 52 73 8 86 81 30 85 57 88 29 18 10 84 51 89 99 30 88 96 56 78 72 53 18
97 20 11 94 25 1 19 100 68 52 26 7 67 46 50 96 36 13 66 40 78 77 68 51 8 50 73 38 22 59 76 47 78 62 77 25 46 84 26 67 7 69 57 99 10 43 2 84 2 13 74 19 83 75 9 50 56 96 75 9 89 85 94 85 83 40 28 88 43 46 49 34 81 24 84 46 89 19 87 80
17 18 94 27 38 12 64 25 37 82 71 8 15 38 27 27 19 98 39 76 91 57 9 43 47 72 5 66 93 20 37 85 50 13 17 18 54 82 7 83 12 51 54 29 89 5 39 83 14 82 85 1 83 39 35 85 64 34 44 36 47 33 33 1 79 82 13 49 85 6 64 18 43 17 91 81 97 19 61 43
32 100 42 56 48 23 68 99 86 84 37 90 90 14 90 83 59 44 40 96 60 66 18 4 36 26 29 58 91 89 63 59 53 10 10 88 75 67 46 44 34 63 11 70 52 86 31 52 13 94 65 91 84 92 20 74 98 59 35 39 23 11 64 11 14 52 6 35 62 82 37 94 90 64 87 88 58 82 61 81
14 16 51 45 57 72 92 20 34 75 96 85 62 35 58 26 74 79 48 72 96 84 3 41 50 79 66 78 83 74 49 44 80 40 13 3 6 16 65 47 64 24 28 21 19 4 6 1 89 37 83 96 24 60 82 43 41 25 75 44 97 29 13 48 39 92 75 48 37 9 12 53 56 21 10 14 66 19 91 71
23 19 4 13 50 72 61 87 18 94 90 12 6 69 53 35 3 31 44 13 79 79 10 21 63 84 23 93 32 12 87 9 72 8 75 42 67 88 25 79 95 39 94 90 65 68 44 6 57 44 68 89 38 43 65 100 45 74 67 64 28 86 17 9 21 38 88 87 76 17 95 44 59 88 66 71 23 9 28 28
61 25 51 83 83 3 77 13 68 96 45 78 36 74 74 54 51 29 55 8 41 76 48 88 89 32 53 21 42 9 92 52 50 33 63 100 35 66 79 54 64 22 61 15 18 55 26 15 55 70 40 24 56 66 81 32 14 68 100 14 36 66 10 9 27 2 11 77 92 1 83 77 65 92 85 9 46 16 67 3
45 96 56 54 73 18 99 90 14 79 79 11 71 31 99 23 24 81 26 72 27 14 65 13 32 62 36 11 8 84 9 50 67 13 19 83 22 46 67 11 67 100 69 3 82 75 89 39 10 24 21 21 4 57 17 68 86 41 60 100 30 27 86 11 9 90 32 44 27 15 63 28 25 1 37 84 32 18 68 54
39 43 39 80 42 62 48 45 82 39 94 50 100 91 18 54 24 47 84 34 49 17 36 79 46 89 51 27 39 15 87 92 8 65 16 59 59 36 96 5 26 78 80 75 88 16 55 60 45 17 98 14 53 92 7 16 22 22 23 24 45 71 1 21 100 97 34 100 51 85 82 63 69 22 83 62 20 77 42 81
86 4 47 54 9 81 86 63 1 95 3 32 91 57 50 68 67 91 26 56 38 39 17 37 34 13 38 34 51 28 64 97 12 87 82 15 12 16 41 39 3 72 64 93 34 61 45 41 94 82 1 58 66 38 52 91 59 7 88 40 69 92 45 19 82 4 6 65 100 61 2 41 84 32 47 73 11 75 80 47
65 53 44 43 34 97 89 63 28 2 59 43 62 100 18 2 91 19 58 37 88 44 73 47 77 51 25 87 42 21 70 11 65 31 27 97 36 23 85 15 7 44 84 51 4 48 43 79 78 75 38 57 68 88 99 4 17 16 25 82 85 12 83 65 74 2 33 36 30 83 73 86 14 20 99 51 3 67 53 76
83 24 34 56 9 30 14 34 53 22 9 100 71 5 95 39 47 25 50 84 61 21 79 27 6 52 54 30 37 20 51 16 94 66 16 96 6 85 49 94 22 17 27 79 8 96 16 83 94 58 80 63 71 97 74 57 96 72 46 33 70 46 74 54 55 59 48 6 88 65 69 82 59 77 28 37 92 52 91 9
28 9 36 1 60 75 31 17 1 32 15 50 40 26 62 10 83 17 40 61 49 24 70 63 73 88 86 2 53 84 4 24 5 54 73 63 38 42 13 46 33 94 76 68 100 94 50 60 29 22 19 28 81 30 66 44 65 27 8 78 16 10 33 6 69 4 30 92 83 57 69 15 41 73 41 3 26 14 75 70
76 32 72 56 68 28 29 71 21 50 25 78 37 70 92 67 30 59 71 4 41 92 85 20 83 74 24 17 11 12 54 89 72 25 20 59 84 90 4 77 54 21 89 99 22 35 45 2 17 28 69 20 11 33 65 32 42 70 99 65 57 98 69 36 25 97 9 97 67 97 57 17 31 21 54 62 75 60 43 53
83 20 13 5 37 85 45 33 99 13 54 55 6 19 92 100 29 70 71 41 50 56 51 62 46 62 16 33 48 61 58 100 59 81 37 91 95 88 32 14 65 18 52 23 55 25 35 98 59 89 41 2 58 54 35 93 2 41 12 86 68 71 19 62 18 53 40 92 27 66 32 56 20 3 41 42 81 48 14 43
42 42 34 41 73 45 1 87 71 32 23 33 23 83 47 97 99 62 7 14 83 68 48 57 72 97 72 37 65 64 12 87 84 62 86 46 46 10 72 75 56 26 88 9 52 11 87 20 90 38 15 14 45 98 58 58 82 39 99 65 26 61 33 32 70 3 46 96 14 44 48 98 39 8 38 66 63 74 91 66
22 24 51 61 38 11 54 49 66 39 81 70 22 60 95 73 92 54 84 97 73 83 31 58 73 42 55 80 43 59 71 93 36 67 78 22 84 63 77 10 9 44 85 73 30 48 72 91 58 45 38 31 3 79 62 100 1 5 76 31 69 26 81 48 4 38 1 93 56 16 68 22 23 85 35 42 61 63 33 100
