20 80
60 9 40 0 11 35 78 38 1 48 10 18 64 23 12 59 45 2 7 74 20 6 8 44 13 25 61 14 24 51 76 75 56 53 39 49 58 3 68 57 66 79 71 69 65 19 50 22 46 4 34 32 31 73 42 55 47 17 52 41 27 63 37 30 67 21 43 26 36 33 72 16 15 77 29 54 5 28 70 62
76 58 4 69 0 11 9 22 3 15 6 64 31 43 55 25 33 26 50 62 60 27 49 13 73 70 30 74 8 40 47 71 45 75 16 1 21 17 77 20 44 35 68 34 78 52 79 46 51 53 42 72 10 32 12 48 2 19 65 56 28 36 54 41 66 59 39 7 37 18 61 24 38 23 5 67 63 14 57 29
41 50 78 49 4 9 52 56 42 31 15 59 47 69 32 72 14 20 3 40 12 63 76 48 22 8 71 54 18 65 17 29 77 0 33 10 46 11 73 2 70 53 45 38 79 19 28 43 44 1 61 39 67 75 66 13 24 25 21 35 57 27 68 60 26 23 74 5 62 16 7 36 30 6 64 37 34 55 58 51
3 69 42 58 74 73 54 40 48 18 62 37 2 7 17 8 1 56 6 77 5 25 27 22 36 68 13 78 67 72 28 15 20 35 71 32 64 55 9 79 63 4 0 70 59 16 76 39 11 44 61 50 29 66 24 41 60 75 33 52 34 14 23 19 57 31 65 51 26 46 53 30 49 47 45 38 43 12 10 21
44 3 49 63 4 14 59 74 38 9 58 78 42 6 40 65 61 71 75 54 73 72 18 69 20 39 50 7 76 11 1 57 27 48 26 47 51 21 25 46 68 53 35 64 2 22 67 19 41 16 36 70 56 60 34 43 45 24 13 8 5 28 62 37 55 23 10 32 31 79 30 52 15 0 66 12 33 17 29 77
21 22 66 30 28 1 6 65 2 71 76 60 74 3 72 59 48 20 29 35 16 14 23 41 11 18 58 55 0 8 40 44 77 25 13 36 34 69 70 9 24 47 37 33 27 57 54 15 62 4 68 50 51 45 61 46 64 7 38 63 32 10 73 12 43 17 31 5 67 26 75 79 42 39 56 49 53 52 19 78
38 7 40 6 22 77 33 21 8 63 30 76 59 32 17 54 47 55 39 46 62 53 34 37 2 65 66 48 78 51 74 29 28 14 67 69 75 23 19 26 56 9 36 71 52 70 4 11 41 43 3 24 12 0 15 64 58 44 60 49 61 35 50 42 27 16 79 45 5 18 10 73 25 72 57 31 1 20 68 13
7 29 61 27 42 57 33 28 16 22 74 48 10 75 64 9 4 54 0 8 72 35 36 67 51 73 55 76 45 78 26 71 68 63 13 59 3 56 17 34 21 65 38 49 50 69 47 39 24 2 23 25 70 66 30 12 44 1 53 58 52 37 46 20 6 15 79 18 19 41 32 11 60 14 31 40 62 43 5 77
8 58 70 52 68 55 36 31 11 7 56 23 79 19 45 25 64 48 1 40 78 69 35 27 21 13 61 24 38 5 32 22 12 75 54 43 67 76 41 51 29 53 74 3 37 65 73 10 63 26 46 2 16 60 66 18 9 34 42 17 50 14 39 47 49 57 30 28 0 6 44 15 4 33 72 62 71 20 77 59
61 6 69 8 55 50 32 53 44 57 7 10 68 26 43 33 24 77 56 2 21 22 3 5 36 42 74 11 34 4 52 0 15 28 25 67 58 14 66 23 48 75 47 72 54 73 9 63 37 59 76 27 31 1 64 65 62 40 45 12 70 13 18 78 51 39 35 41 29 20 71 60 38 17 30 79 16 46 19 49
55 14 0 17 23 79 52 15 43 6 2 44 51 68 53 73 11 71 60 48 66 31 37 9 26 58 50 32 10 27 64 5 21 18 29 76 24 63 57 72 70 7 67 19 3 62 74 20 39 8 12 38 54 41 34 33 65 25 40 1 77 42 13 4 22 49 45 69 46 36 75 28 47 16 59 56 61 30 78 35
59 22 49 73 0 21 75 29 35 57 18 39 71 74 31 64 24 53 48 14 19 15 66 61 20 46 26 25 33 27 12 6 47 50 54 34 77 43 30 8 1 51 3 16 28 58 67 69 79 72 4 63 78 23 17 5 76 36 37 52 38 9 41 70 56 60 7 42 40 45 32 11 68 10 44 13 55 65 62 2
18 10 56 79 22 39 33 44 23 15 51 24 70 7 61 57 20 14 40 58 65 67 55 63 34 3 36 64 27 13 29 30 16 35 71 8 31 11 52 74 47 12 26 54 48 37 62 73 4 17 41 2 69 5 53 25 21 32 19 78 60 38 45 0 68 49 66 28 9 46 6 50 76 42 1 59 43 77 72 75
6 1 55 34 38 35 68 22 40 32 48 44 52 17 45 76 74 8 42 0 10 75 79 11 73 31 16 64 61 50 36 2 51 28 23 65 5 58 72 37 59 24 77 12 70 60 54 21 39 71 26 66 57 53 15 9 78 63 4 30 25 19 69 18 41 49 33 7 46 62 27 67 56 14 43 20 29 3 47 13
76 38 48 30 33 58 44 15 72 21 12 56 66 60 45 31 69 52 28 10 77 65 0 71 2 70 1 35 29 50 74 6 79 7 63 19 9 73 27 59 34 17 78 11 55 8 41 68 75 26 16 54 36 53 62 24 22 25 49 39 42 23 67 3 4 5 46 14 57 20 18 32 51 43 37 47 61 64 40 13
46 43 64 70 19 51 49 0 52 55 75 71 67 41 62 65 36 27 73 6 69 5 3 30 53 17 66 16 18 60 12 39 33 68 15 76 42 45 35 29 11 21 8 58 47 63 9 40 78 13 23 48 14 31 50 79 1 54 32 10 22 26 74 57 56 37 61 28 44 7 4 77 34 2 20 72 38 24 59 25
50 28 30 19 13 6 64 55 49 53 70 23 74 72 46 32 1 4 34 58 31 44 79 14 43 8 42 25 65 27 76 69 67 35 37 47 75 36 15 7 71 59 9 16 11 2 52 54 10 57 40 5 12 63 17 38 66 20 61 62 51 78 73 24 26 56 22 60 3 45 39 77 33 68 21 29 18 48 0 41
79 2 59 32 18 0 30 4 39 29 65 8 37 21 44 26 12 22 19 74 47 50 73 17 40 60 25 34 31 54 38 41 36 56 27 15 42 7 53 55 23 49 72 46 70 11 14 57 62 61 24 33 63 69 5 71 28 64 1 6 68 77 76 13 58 66 35 78 20 52 67 16 9 43 48 3 45 10 51 75
56 9 64 61 43 12 40 25 75 52 41 33 20 42 63 78 36 10 51 31 37 22 66 79 14 38 60 57 47 35 76 72 67 27 28 59 15 68 3 19 58 46 53 62 21 73 50 55 69 2 18 77 70 1 0 44 13 45 32 16 48 74 6 54 11 17 30 29 24 71 26 4 34 49 23 5 8 7 65 39
54 64 58 14 27 25 21 36 7 15 4 59 72 49 66 56 13 48 26 67 8 46 0 55 1 79 65 10 9 71 34 18 29 3 61 11 38 31 75 32 74 30 23 28 77 73 5 69 76 12 62 2 41 20 16 63 37 52 42 45 70 33 6 68 57 43 35 44 17 60 40 39 22 53 47 19 51 78 24 50
63 33 37 99 25 51 64 11 80 24 69 26 37 24 100 17 60 20 66 90 82 60 99 99 14 14 95 56 54 57 27 8 5 96 16 59 6 1 62 62 5 86 12 21 74 93 56 39 41 77 26 68 99 89 11 76 14 39 74 24 94 100 52 89 93 42 1 65 70 30 54 83 74 68 23 2 43 100 44 43
84 49 51 25 2 59 38 77 2 31 68 80 48 41 41 98 31 95 85 37 72 20 96 51 57 86 40 52 37 56 16 26 56 19 62 16 92 13 57 20 88 61 98 65 77 96 8 34 57 73 8 9 82 97 79 52 79 92 70 19 86 7 98 62 28 1 66 98 59 26 12 64 77 16 29 62 2 17 92 94
84 59 98 78 95 10 40 31 34 20 51 30 41 20 100 22 61 83 58 25 60 8 84 25 37 25 4 48 79 22 64 44 39 69 4 76 97 17 19 96 77 17 35 66 72 9 14 73 19 31 1 72 13 81 74 78 17 63 81 25 16 35 68 72 49 99 38 29 100 11 26 27 17 16 47 33 75 73 15 3
39 84 94 70 20 21 84 75 62 50 93 100 38 70 64 52 55 28 30 71 67 91 36 52 28 74 93 72 42 90 98 34 42 17 75 80 10 46 82 86 81 69 94 15 41 23 45 9 22 71 11 31 29 6 60 31 95 100 52 98 64 49 94 73 44 26 77 3 75 18 24 60 83 34 69 58 4 11 99 97
45 17 96 86 20 92 35 87 73 76 30 86 72 40 69 78 20 67 72 18 23 47 77 57 26 66 3 89 84 70 10 81 3 17 60 40 89 17 45 30 81 33 57 7 35 83 29 79 30 70 36 82 81 57 76 38 17 13 64 11 7 89 57 2 25 97 64 87 72 1 28 21 93 26 82 68 77 81 87 84
55 79 26 10 97 98 59 93 25 81 6 67 7 100 90 54 76 65 15 21 44 98 36 12 97 76 56 38 30 44 47 81 81 54 69 94 22 100 68 3 63 22 13 30 45 77 37 32 58 40 12 92 8 90 97 71 47 53 78 76 73 42 54 69 28 80 21 40 36 67 64 33 45 12 24 91 55 63 62 64
65 98 100 75 90 44 98 54 11 66 80 67 30 95 100 97 97 9 85 49 84 67 66 25 41 46 13 21 46 91 25 18 66 90 52 35 67 17 31 20 46 2 74 99 75 9 59 20 54 65 52 7 39 70 37 82 96 63 42 24 9 54 58 66 60 53 32 89 20 86 86 86 83 76 98 72 77 72 44 30
33 90 58 5 75 51 84 30 9 54 90 24 91 6 70 70 51 57 10 25 13 59 98 54 82 76 21 88 18 29 53 65 49 77 46 99 62 36 37 17 45 75 53 36 79 30 25 81 71 74 49 61 78 56 90 30 64 30 30 54 82 71 38 25 55 42 64 33 4 56 20 27 74 24 60 18 76 49 17 11
81 65 45 87 38 60 92 74 77 80 90 55 95 86 19 94 74 27 28 55 87 98 22 27 2 74 43 80 49 43 47 51 18 61 49 53 36 55 40 25 90 26 76 57 55 78 11 81 63 21 96 2 6 10 2 79 20 82 13 1 6 26 64 77 67 73 44 63 58 40 91 32 45 2 57 78 58 48 35 90
79 18 99 53 36 68 94 37 31 86 55 93 59 81 99 18 72 79 22 56 99 28 47 94 80 28 72 60 48 54 73 33 47 20 41 70 13 98 96 99 42 67 15 54 90 97 7 94 55 25 56 58 90 81 42 66 76 37 71 59 90 44 84 26 20 43 58 24 35 41 45 64 71 33 76 27 69 69 57 53
45 76 27 99 49 24 93 32 35 36 74 1 76 56 55 74 66 25 81 59 29 56 3 18 78 85 84 3 66 93 38 21 99 35 98 72 49 10 76 63 71 72 52 47 33 21 36 47 61 88 38 78 35 58 26 11 56 71 61 64 40 38 80 88 24 17 48 11 4 46 41 33 56 12 86 46 41 19 57 78
50 83 39 98 59 82 75 7 35 13 58 2 93 95 80 99 99 79 35 40 60 21 51 8 66 21 29 62 12 68 22 61 18 36 12 31 4 71 51 98 74 18 74 40 96 19 94 84 45 70 90 93 81 90 87 69 21 3 94 14 9 47 96 42 30 33 40 44 92 23 62 99 4 63 35 51 12 45 32 77
65 73 15 51 5 53 87 33 51 9 25 68 92 71 95 96 98 35 74 100 28 5 38 91 24 2 95 13 35 75 84 90 33 23 7 17 49 60 3 62 58 82 20 56 25 71 6 37 20 10 92 64 16 51 17 74 44 4 18 6 4 33 77 35 3 31 94 20 22 47 90 100 83 4 5 65 61 92 24 53
83 63 19 54 42 72 4 79 87 28 53 98 47 27 84 45 7 98 85 38 11 98 82 75 42 50 70 89 94 2 81 98 86 52 43 24 14 80 96 60 53 2 80 63 3 99 40 65 28 21 26 72 14 9 89 92 87 90 1 32 31 15 74 24 50 35 25 99 45 36 61 53 19 20 27 51 15 28 97 1
51 33 59 92 27 77 34 78 94 13 56 18 18 40 19 13 10 39 63 99 67 49 61 22 93 56 96 40 18 70 64 57 81 66 57 82 22 82 27 79 7 30 60 32 21 96 22 88 76 30 37 62 22 83 55 1 16 21 18 43 37 66 11 74 95 85 1 76 21 86 58 65 55 45 83 24 80 85 93 3
99 57 15 41 25 91 64 54 75 66 96 27 51 13 91 27 70 3 65 94 67 97 39 43 41 58 27 43 100 57 62 5 58 57 20 72 15 45 94 26 92 19 25 49 80 84 88 70 5 41 37 18 39 59 18 82 5 5 12 11 12 11 57 62 72 42 14 63 91 61 38 75 23 39 94 41 95 29 81 100
79 88 35 98 93 24 94 97 29 95 22 5 89 69 19 89 89 41 21 96 91 85 44 19 97 50 24 52 22 67 48 19 94 8 97 43 51 95 2 45 71 52 98 94 11 29 100 35 1 45 78 21 3 42 6 67 99 30 1 100 25 59 93 43 36 12 2 35 66 58 46 44 14 18 55 60 8 95 33 84
55 23 26 71 62 52 3 42 89 45 54 59 53 14 66 100 38 11 59 32 10 92 58 77 24 85 57 35 73 61 1 61 99 73 59 49 92 86 12 32 32 13 97 47 69 70 96 41 8 52 42 20 80 57 48 27 25 89 17 82 38 56 97 16 88 99 45 62 77 17 77 79 86 2 27 39 24 98 20 50
31 66 89 38 25 33 6 78 5 16 73 81 31 38 57 72 18 55 27 54 23 5 83 45 78 57 86 85 2 99 26 55 64 42 56 71 3 34 76 52 17 30 77 46 59 37 41 45 86 78 92 65 28 74 49 59 45 42 86 76 45 17 36 89 54 93 98 13 44 39 46 30 43 88 38 25 4 22 18 15
88 67 15 56 61 90 79 61 18 2 91 18 38 44 56 70 100 82 87 80 37 45 44 17 24 94 68 69 93 20 79 66 14 64 34 76 31 11 2 100 14 38 13 19 3 64 14 97 97 40 16 46 31 37 68 43 66 5 47 87 61 3 2 69 95 68 20 67 57 39 43 16 50 53 84 81 64 73 27 59
