20 80
24 67 30 3 57 69 37 76 16 8 71 66 20 31 53 78 7 45 75 23 61 21 5 38 13 70 35 68 6 28 42 40 74 26 63 2 55 62 73 51 64 52 54 77 46 36 58 43 17 60 19 11 48 14 33 39 41 4 0 32 65 79 1 34 72 9 10 50 22 56 44 47 25 15 12 29 59 27 18 49
8 5 41 33 22 49 13 56 68 15 20 28 39 18 16 14 4 73 21 67 10 71 9 47 76 36 52 50 60 0 70 2 12 29 25 79 34 64 59 32 77 26 23 51 31 57 69 11 24 46 53 42 40 55 38 75 17 48 78 27 43 1 66 54 74 63 6 45 72 37 65 7 3 61 44 62 30 19 58 35
23 40 71 61 15 28 42 17 0 16 64 46 4 60 68 11 43 36 38 24 44 13 22 19 50 53 6 35 65 77 57 20 66 48 8 1 59 32 47 7 26 9 72 30 14 62 51 79 67 73 27 5 34 37 55 74 56 69 39 54 33 45 31 63 41 70 52 75 76 2 25 10 49 78 12 29 21 3 18 58
49 68 29 36 2 42 72 61 59 41 50 32 77 75 11 58 19 79 3 20 44 25 0 65 12 62 64 31 53 71 9 1 6 70 13 5 51 18 69 34 21 23 17 56 76 22 8 60 47 54 28 45 37 15 67 14 39 46 40 48 78 55 43 73 33 16 26 7 4 24 30 57 38 10 52 63 35 66 74 27
79 52 36 3 41 40 6 70 4 32 47 75 65 66 53 51 45 13 2 58 5 68 15 12 71 43 25 14 38 8 62 20 30 63 44 55 27 29 39 7 26 24 64 72 22 60 76 1 33 78 54 56 50 77 59 37 10 9 57 21 49 18 19 31 17 61 0 74 11 42 73 46 35 16 48 28 69 67 34 23
68 10 63 47 44 28 25 16 40 41 6 21 42 62 58 14 56 78 45 66 34 7 31 32 15 12 2 61 18 73 38 23 48 1 71 59 24 70 30 19 8 17 9 76 13 37 52 5 55 75 67 27 50 51 11 53 46 22 57 64 36 54 0 60 77 3 74 20 65 29 39 35 72 26 4 43 33 69 79 49
70 37 71 5 7 3 62 43 75 46 34 25 57 66 58 23 14 26 31 2 20 19 41 67 6 52 10 11 50 38 54 0 22 15 36 48 45 8 24 40 17 47 79 59 9 16 72 27 28 61 64 1 39 42 56 33 35 65 49 13 76 4 51 21 77 53 78 29 55 12 68 32 44 74 63 30 18 73 60 69
7 79 0 31 52 42 50 11 71 54 40 19 4 55 2 68 59 39 27 5 30 78 17 77 60 53 23 26 45 36 13 16 73 48 46 64 58 35 41 25 34 8 57 14 10 61 24 43 74 62 6 1 22 75 20 32 21 3 47 65 18 49 63 38 70 67 44 28 29 12 72 9 66 51 33 15 37 76 69 56
16 55 57 34 3 30 75 41 56 13 24 37 70 39 50 22 26 67 66 20 69 12 4 33 73 17 52 29 49 54 61 28 36 77 60 9 23 43 45 40 0 48 18 38 19 7 51 15 64 6 79 53 44 62 25 2 11 76 27 5 42 78 74 68 65 32 21 31 1 35 47 46 59 10 72 58 71 14 8 63
47 46 77 71 19 6 7 27 40 61 33 21 35 78 62 26 10 5 41 69 23 24 74 73 4 15 25 68 66 20 48 54 60 53 30 0 34 58 42 9 17 18 28 49 51 8 72 45 29 13 56 14 16 2 59 12 75 44 38 50 79 55 1 76 43 37 11 39 52 3 36 67 32 65 57 64 70 22 63 31
60 5 57 37 51 45 18 64 8 59 42 75 14 61 17 13 27 63 29 67 70 16 31 7 44 53 43 48 24 23 11 47 0 79 4 54 12 25 50 32 62 22 66 58 65 40 33 77 9 74 34 3 71 49 30 28 1 38 36 52 26 19 21 55 68 46 78 56 15 69 72 39 41 2 20 35 6 73 76 10
41 69 7 58 23 76 64 40 34 60 0 75 65 38 79 15 13 2 32 52 67 3 26 5 46 48 10 61 39 62 70 53 42 19 77 36 4 21 73 22 51 66 20 24 43 28 37 6 74 33 35 16 9 30 57 50 49 31 56 78 71 27 1 18 63 54 29 47 12 8 68 14 11 44 72 17 55 45 25 59
6 75 21 48 35 73 1 29 12 78 14 37 60 36 69 77 72 56 13 7 54 68 16 65 20 4 2 40 53 46 74 30 57 33 50 18 45 26 76 42 3 52 64 9 10 38 51 43 58 31 24 41 79 0 67 25 27 15 23 39 28 62 49 55 32 71 59 34 19 66 61 5 44 11 47 70 8 17 63 22
64 76 8 43 15 58 67 52 26 60 33 5 21 12 78 70 49 3 74 29 48 55 39 24 34 36 79 18 53 54 32 1 37 30 42 57 23 65 28 2 20 62 41 31 4 25 40 14 56 73 45 66 46 9 72 38 22 51 17 7 61 75 13 47 35 10 27 63 59 11 77 44 68 0 19 6 16 71 69 50
21 11 51 78 58 46 2 76 27 25 61 47 24 29 72 14 53 1 52 5 10 40 55 70 59 15 36 38 73 26 28 13 56 45 67 54 74 49 48 63 20 7 37 60 22 31 4 18 64 33 68 75 43 34 44 6 12 19 0 77 62 3 79 66 39 23 30 41 32 9 8 71 69 35 17 42 16 57 50 65
20 42 25 24 75 32 76 8 68 21 12 69 36 29 19 2 10 4 79 70 55 30 14 28 9 5 66 27 26 34 11 39 46 77 40 50 16 58 65 62 59 45 15 31 3 33 72 43 22 51 74 67 47 44 64 48 6 56 78 37 17 54 41 61 0 52 73 71 63 23 18 53 38 1 7 13 35 60 57 49
28 70 13 34 42 74 16 8 71 50 14 76 53 69 52 47 68 22 77 78 10 60 25 35 65 27 46 59 11 61 6 72 44 64 19 4 45 32 5 36 18 0 39 23 21 20 38 55 17 73 54 58 79 31 48 40 12 29 63 62 43 30 51 3 7 15 33 56 26 67 66 37 1 9 75 24 41 57 2 49
51 48 66 12 29 62 35 47 49 3 18 56 69 34 42 23 40 73 54 68 43 59 70 79 71 0 1 8 31 9 27 36 64 33 50 55 53 67 39 63 22 13 57 61 78 19 16 30 37 17 11 25 20 26 60 2 14 46 21 74 72 10 15 52 5 75 41 32 6 28 44 38 7 24 65 58 77 45 76 4
33 53 23 51 31 57 12 38 32 39 28 70 44 5 7 49 46 10 71 24 30 45 69 55 6 58 47 27 1 0 15 3 64 9 4 16 54 79 14 13 19 41 56 34 52 65 22 72 74 76 2 8 68 26 78 18 40 42 67 75 36 60 77 20 37 48 73 62 29 59 17 21 35 25 61 11 66 50 43 63
2 70 8 54 36 16 29 55 15 9 66 42 34 39 40 32 12 65 23 20 78 74 56 4 68 37 21 1 71 26 35 24 0 14 47 43 41 10 25 27 44 69 13 64 49 6 75 18 51 73 31 3 11 58 19 53 28 7 60 79 67 17 59 48 5 63 46 62 38 30 22 52 77 72 61 57 50 76 33 45
5 85 26 42 15 39 48 22 18 16 51 84 8 86 71 15 67 74 57 10 37 78 62 33 29 43 47 8 39 100 1 66 68 41 53 43 98 38 7 9 43 26 8 95 68 58 58 19 52 66 93 28 18 68 77 17 55 15 26 17 99 14 49 40 42 17 54 20 49 77 51 1 40 73 75 50 98 27 79 92
91 72 94 61 64 6 50 68 6 30 31 55 78 68 66 71 89 72 73 7 90 9 14 97 84 10 41 57 12 98 18 94 46 81 21 13 59 18 95 35 73 57 60 1 56 39 76 6 70 76 17 25 14 40 71 39 35 100 61 30 70 16 75 14 94 5 58 50 84 30 15 53 29 4 10 14 7 60 61 59
85 73 27 12 92 70 42 26 40 82 51 39 48 93 37 45 34 32 87 3 15 1 91 98 5 8 31 73 31 6 26 50 19 78 16 42 58 85 59 64 55 94 92 45 93 88 46 48 54 47 35 18 47 34 98 75 33 79 1 19 25 94 8 18 46 38 73 21 98 97 2 92 29 90 30 63 32 3 42 76
32 22 29 63 24 31 10 37 61 90 16 9 95 65 79 38 93 15 12 10 95 83 40 39 85 100 82 66 81 33 99 44 30 54 36 88 72 39 88 33 20 98 4 43 10 47 50 41 5 14 95 36 99 25 54 1 78 24 93 70 7 57 74 99 4 26 36 55 78 20 33 86 98 16 83 53 85 87 3 26
44 76 90 63 56 13 68 67 7 23 68 34 32 13 35 86 66 82 90 76 21 72 76 2 72 95 96 98 3 34 61 67 88 29 84 38 94 57 42 26 45 8 85 33 42 40 6 22 71 64 86 79 50 15 60 91 26 80 24 40 52 21 92 37 23 55 78 82 85 27 94 86 43 64 76 29 19 45 47 29
69 85 29 14 33 49 92 5 100 50 55 26 58 78 41 67 7 36 28 3 22 48 9 32 9 86 3 13 43 39 98 90 100 66 71 37 29 88 56 56 29 77 47 46 100 77 88 19 13 22 10 46 82 67 35 92 49 74 51 52 19 10 53 53 87 39 21 11 56 57 21 87 21 21 4 35 88 86 5 81
19 85 14 3 35 3 45 51 44 77 97 47 20 67 89 23 69 14 58 34 24 11 100 66 100 20 100 93 37 82 45 76 29 47 99 8 14 52 33 95 19 29 44 93 61 86 5 38 51 23 8 4 23 100 4 68 45 16 93 57 37 81 7 27 2 64 95 45 79 93 67 58 69 28 77 58 76 21 45 21
25 15 62 26 61 44 5 1 21 4 90 63 76 44 12 34 53 22 84 15 51 97 46 76 29 26 67 60 36 48 24 49 26 8 8 83 38 79 91 64 81 29 42 35 44 86 17 35 21 17 35 23 91 17 81 30 15 100 14 48 9 78 33 19 7 63 95 13 20 68 92 67 5 32 47 12 83 15 45 5
19 43 93 92 59 59 52 70 66 85 5 50 98 92 15 52 1 19 94 71 75 27 1 93 52 16 78 16 81 67 95 17 10 54 99 100 33 21 95 8 92 8 38 93 58 57 83 25 18 85 33 44 38 37 98 89 68 69 21 41 54 57 81 94 22 3 9 88 82 78 8 44 25 15 2 60 52 29 21 63
92 84 41 17 53 91 78 15 61 60 68 84 59 51 87 87 60 87 32 18 67 92 3 45 27 68 55 29 75 72 40 73 72 19 85 64 93 22 69 94 10 55 98 67 8 60 88 3 29 31 34 40 89 80 51 26 44 42 3 54 25 40 77 79 13 57 51 80 99 10 86 28 66 24 43 95 88 35 60 22
2 30 90 52 11 88 79 36 64 23 96 49 63 49 77 49 74 30 99 40 15 66 53 16 1 18 52 17 45 92 84 79 49 44 50 43 82 47 28 18 37 40 58 73 4 8 8 37 61 49 57 27 23 100 42 75 14 49 90 97 96 4 17 20 31 73 53 27 32 50 48 70 71 70 30 43 28 89 61 7
89 58 84 12 34 9 64 32 30 52 79 37 2 12 9 24 25 29 72 12 25 18 17 2 42 27 83 92 18 24 76 63 33 16 75 46 21 16 46 83 86 43 13 77 1 82 90 98 85 73 17 38 76 95 26 25 98 63 67 86 47 36 33 23 86 84 27 70 64 90 95 80 77 7 27 95 90 97 46 6
31 94 21 30 81 74 75 9 35 5 43 39 45 82 6 18 20 32 43 46 58 2 95 66 39 66 28 49 18 69 24 69 90 22 51 42 44 31 35 91 64 81 73 65 20 53 51 72 61 88 68 64 31 18 22 64 27 10 84 68 41 33 43 60 79 25 79 44 10 27 40 29 57 30 7 49 4 63 81 4
56 76 61 23 58 63 17 20 80 86 91 36 54 62 50 31 12 50 9 14 77 56 38 22 3 61 77 36 92 55 5 82 68 52 21 51 1 58 64 57 25 36 41 69 71 98 57 97 5 84 18 41 25 8 52 5 36 34 51 60 16 14 36 51 49 66 86 67 37 55 31 81 15 70 48 47 22 41 80 75
60 29 46 44 40 69 69 2 52 3 4 84 34 80 31 83 96 30 98 91 27 79 90 49 82 30 8 16 9 98 22 87 91 13 44 35 12 18 85 39 90 26 81 45 58 66 38 86 74 78 27 2 87 31 87 18 93 46 47 100 69 78 50 93 7 65 25 9 82 27 82 89 46 67 66 75 8 67 98 35
14 76 89 6 49 98 92 56 15 11 81 46 48 61 36 27 43 19 84 85 2 38 14 81 30 56 34 63 26 39 75 1 97 57 66 58 87 83 53 68 32 74 14 69 4 66 46 67 81 56 42 98 74 84 71 68 24 50 36 70 20 11 3 97 45 49 85 53 10 94 99 80 13 36 4 91 60 9 38 72
35 58 84 19 19 76 30 4 35 77 98 92 50 72 72 76 24 41 75 4 30 1 52 67 96 17 31 61 29 6 40 81 73 55 50 48 32 54 57 58 32 77 80 72 72 47 16 59 52 10 7 51 41 17 88 47 37 13 22 12 34 69 78 78 97 43 53 16 55 59 41 28 24 92 80 90 89 55 66 60
34 72 29 99 60 15 6 53 93 68 36 9 86 35 86 81 42 60 83 10 38 3 9 19 56 85 82 48 72 95 34 85 21 91 99 7 67 71 62 48 81 87 70 25 19 50 41 4 41 8 8 39 18 53 91 17 65 13 41 26 55 57 7 72 97 11 100 65 31 55 92 8 31 93 13 95 61 91 38 5
98 72 74 63 76 39 65 58 61 5 40 51 6 83 95 61 35 55 2 78 79 57 33 27 71 92 93 23 62 86 48 11 77 26 90 8 49 12 9 50 12 33 62 100 64 67 20 54 16 100 85 69 32 55 17 47 81 8 37 37 51 88 50 90 85 8 26 87 46 19 84 22 54 51 18 30 78 23 22 96
45 81 81 26 16 71 66 52 68 91 47 43 35 82 37 8 100 52 90 51 59 3 40 6 21 3 64 29 69 20 7 73 55 16 80 52 20 80 80 86 48 46 60 78 54 72 8 13 65 63 24 45 23 60 98 78 23 4 90 26 58 46 45 44 68 69 6 9 81 44 53 33 62 96 99 87 16 8 66 56
