20 80
75 33 39 25 51 71 30 57 78 26 6 23 74 18 56 69 58 44 1 50 13 54 7 35 70 21 10 8 52 61 17 19 72 5 79 32 67 63 3 45 49 48 43 47 59 14 4 65 9 36 41 46 73 22 76 68 11 24 34 31 55 53 16 42 12 64 40 27 0 28 37 60 38 15 77 20 66 29 2 62
4 63 55 70 21 73 24 79 28 9 20 14 68 51 60 18 8 12 1 48 54 2 66 10 49 7 44 53 56 69 75 5 32 6 77 58 34 59 29 65 71 36 15 78 38 22 16 26 30 35 76 57 43 27 45 41 64 39 47 50 17 23 46 33 61 13 31 25 37 40 11 72 42 0 62 67 19 74 3 52
46 42 22 51 15 77 54 6 74 60 48 63 2 65 7 13 79 18 5 56 16 61 14 34 41 38 20 39 70 72 37 12 64 55 40 57 33 67 68 43 4 66 78 23 19 49 25 9 45 3 8 53 62 35 11 1 73 26 27 32 47 36 59 75 76 44 28 0 21 10 52 69 30 24 29 71 50 58 17 31
36 54 72 59 5 11 39 2 63 55 78 51 25 75 22 8 6 49 73 9 70 68 13 48 57 66 62 17 43 31 74 19 40 37 60 76 32 52 14 65 18 35 7 30 79 1 0 64 20 23 45 42 44 53 3 29 77 21 16 4 67 41 38 56 58 69 28 50 34 26 33 46 12 27 71 61 10 15 24 47
57 60 43 1 27 67 65 0 63 8 61 11 35 15 44 33 22 79 68 13 4 47 58 75 54 19 30 55 31 56 24 45 59 77 73 6 72 29 32 18 74 9 20 17 7 69 50 53 14 2 21 37 3 16 49 5 41 25 23 34 39 36 26 66 70 51 10 78 64 12 38 52 40 62 28 48 42 71 46 76
48 25 35 73 66 70 9 50 55 59 49 40 39 17 54 24 64 2 14 75 78 67 18 41 1 13 71 15 12 61 37 57 42 68 47 31 65 58 62 27 8 6 69 16 63 20 29 26 52 4 11 32 0 33 43 34 51 10 74 28 38 76 45 3 19 36 5 22 21 56 53 44 23 77 60 79 46 7 72 30
42 61 26 34 40 63 10 27 28 2 62 21 51 70 14 3 74 79 0 4 71 55 22 56 68 59 7 24 58 48 19 23 64 50 37 1 13 67 75 12 77 47 25 16 8 6 39 20 9 15 49 46 54 17 38 76 30 73 33 53 41 45 72 18 32 5 57 65 78 29 52 35 43 69 36 11 60 31 66 44
7 53 9 13 51 28 73 16 3 60 47 71 37 29 72 25 34 35 55 79 69 19 30 27 32 23 42 21 66 78 48 52 67 45 26 46 68 0 59 64 38 5 6 20 31 75 33 12 77 54 61 62 17 56 39 70 74 58 65 10 11 14 63 22 4 57 2 36 50 18 15 1 41 44 8 49 76 24 40 43
26 30 17 41 78 4 28 35 55 76 33 63 69 47 57 31 23 21 67 32 77 29 25 0 8 74 66 18 12 43 75 11 53 60 5 14 37 13 1 24 27 20 16 68 19 61 72 71 48 34 59 64 40 39 51 73 38 10 54 65 3 50 49 7 2 36 22 79 15 52 9 45 46 70 44 6 56 62 42 58
28 41 42 59 22 66 15 38 32 35 29 30 72 1 57 52 39 61 23 54 44 0 40 51 78 33 3 31 49 58 7 5 75 46 9 14 68 19 25 37 55 36 6 4 12 79 27 45 67 20 70 65 26 56 53 50 8 34 64 2 21 77 74 73 63 62 18 16 76 71 11 43 69 10 24 47 48 60 17 13
22 61 63 42 57 33 77 47 15 48 30 69 36 4 32 70 17 43 44 28 8 29 41 75 59 55 3 50 1 51 68 14 23 5 62 9 71 52 67 0 66 31 2 60 56 24 45 18 64 25 12 40 16 26 20 76 72 39 65 38 37 78 27 49 54 74 7 10 6 35 53 21 19 79 11 58 46 13 34 73
6 66 44 4 76 73 28 13 9 57 56 24 16 23 39 42 61 75 69 62 43 46 51 12 33 78 30 22 11 21 70 18 41 27 1 26 7 54 55 32 45 59 8 65 20 40 35 53 47 60 25 0 10 2 17 5 19 74 15 36 29 34 67 64 63 50 77 14 37 68 49 3 58 38 72 71 31 48 79 52
75 73 42 76 22 18 36 58 47 45 52 39 37 78 14 20 69 5 53 41 38 25 12 29 7 68 9 43 28 26 79 23 27 35 57 16 70 11 46 65 44 34 1 66 30 49 48 17 10 51 32 0 31 71 54 21 61 15 6 33 60 63 67 13 64 72 4 55 50 2 77 74 3 19 59 24 62 8 56 40
46 64 11 74 45 29 4 59 47 12 16 40 62 20 67 30 79 61 78 58 69 72 13 2 17 23 0 41 6 50 76 49 68 14 66 65 48 43 19 39 8 18 52 54 9 22 10 71 28 57 75 32 63 7 26 1 77 15 33 73 36 25 44 24 53 55 34 21 5 31 38 70 60 3 51 27 42 56 35 37
42 19 33 60 4 27 56 36 39 12 57 3 63 41 54 0 44 73 65 10 75 43 16 37 35 23 72 9 79 62 2 66 8 78 5 22 15 25 17 47 18 61 50 51 31 59 1 20 67 48 68 28 74 40 30 52 11 49 70 64 69 29 26 21 24 13 46 55 45 53 14 6 7 34 77 71 38 76 32 58
22 58 56 45 16 6 49 61 7 15 72 46 40 0 39 78 52 54 38 70 57 3 41 11 48 44 2 10 60 79 75 76 31 32 13 37 53 74 25 26 55 19 30 8 23 47 68 28 29 77 27 20 67 12 42 63 64 59 71 69 43 14 51 17 35 33 50 21 9 66 18 34 4 73 62 1 65 36 24 5
42 40 60 18 30 49 31 20 36 73 39 54 2 72 70 62 57 35 21 61 19 23 55 10 79 51 46 78 48 28 64 29 45 6 5 44 76 24 16 1 43 67 32 37 12 11 13 22 56 3 65 14 59 68 26 75 38 52 8 33 77 4 17 71 58 63 7 47 27 50 53 34 0 69 15 66 25 9 74 41
14 37 23 11 58 34 9 47 42 6 68 74 78 20 55 5 60 2 3 16 10 46 26 52 43 69 48 62 59 24 12 70 56 39 63 31 51 21 1 61 67 15 54 27 4 64 29 73 77 75 33 50 30 72 25 65 40 22 76 66 32 53 28 38 13 35 7 19 0 8 17 36 71 45 18 41 44 57 79 49
45 53 48 73 8 67 68 35 6 34 29 42 16 23 1 7 3 2 57 27 20 77 60 39 65 75 33 26 21 0 72 63 24 74 9 38 79 49 17 59 70 51 18 32 28 54 4 11 64 52 31 19 78 47 44 61 5 40 14 12 41 36 13 62 55 15 69 10 37 25 76 56 22 46 43 66 30 71 50 58
20 47 49 48 34 12 53 26 69 15 37 46 5 0 73 11 51 10 64 14 1 36 39 33 38 31 35 44 27 3 32 77 18 21 8 23 70 62 45 67 2 22 17 7 40 57 29 55 28 78 56 61 63 59 19 68 24 9 41 60 79 65 4 43 6 13 30 72 58 76 66 75 74 25 50 71 16 42 52 54
64 3 93 30 66 15 92 51 12 29 57 79 37 88 35 14 13 41 85 62 26 98 3 78 77 58 57 42 9 27 23 85 58 50 52 64 2 61 30 44 70 66 72 3 72 24 18 85 71 89 19 1 59 42 54 75 43 62 39 71 12 9 19 36 47 9 11 52 6 31 51 63 34 21 91 36 26 33 51 55
34 22 77 96 81 57 41 13 27 6 30 11 68 15 84 10 26 94 34 74 81 41 31 22 38 84 85 79 48 77 26 76 47 58 43 1 56 52 1 9 18 74 61 40 9 67 43 50 47 78 72 10 51 10 38 70 95 74 51 85 29 51 2 21 67 11 93 37 49 77 7 10 71 28 95 90 9 99 52 17
79 67 100 83 75 77 73 64 69 60 52 84 56 97 60 16 64 81 76 4 3 30 40 38 89 70 7 20 66 53 5 86 57 90 53 83 25 95 40 85 71 71 24 93 44 24 19 2 78 80 2 2 34 81 29 57 4 32 75 75 75 50 69 82 25 4 24 92 30 55 13 22 2 70 55 44 4 39 96 16
84 98 8 27 38 76 96 45 54 58 22 27 73 44 77 50 43 58 40 3 69 91 5 8 96 96 46 65 27 50 73 13 37 93 74 7 33 72 3 51 27 96 70 29 94 19 90 91 59 83 65 68 87 26 49 63 63 46 71 56 52 93 56 86 66 4 11 7 24 80 54 44 88 39 43 31 68 29 92 45
92 14 12 37 45 70 59 54 73 78 1 65 63 48 74 20 76 3 65 91 5 26 22 84 50 19 98 39 89 19 94 31 23 97 55 71 73 63 39 39 76 42 41 2 3 93 10 49 49 28 94 85 92 65 46 33 40 87 66 18 87 49 22 38 2 47 40 99 88 44 52 75 69 11 79 85 41 35 99 9
8 30 99 74 63 69 73 62 54 51 7 88 15 16 64 91 78 59 12 69 59 38 61 55 92 67 39 91 53 48 91 48 4 21 97 19 33 71 23 11 45 33 63 83 56 4 5 51 71 2 17 63 82 28 33 89 65 96 4 44 42 74 85 31 48 98 72 40 68 70 67 63 9 1 26 97 66 73 82 31
4 11 100 11 87 75 23 11 49 60 29 58 83 27 20 26 48 37 40 39 56 89 85 24 32 40 97 15 65 82 90 22 65 32 98 75 88 83 22 13 10 72 64 64 60 49 55 17 96 68 64 70 46 50 39 37 36 82 85 41 22 48 80 88 16 4 87 3 37 92 58 72 69 29 30 84 31 99 75 47
100 12 10 74 100 44 28 1 33 98 43 24 14 79 5 41 49 89 85 15 98 49 44 38 51 5 28 46 71 59 27 35 21 71 45 39 36 48 76 48 24 39 27 86 54 90 93 12 32 80 65 52 46 22 73 89 49 44 36 95 12 62 61 53 91 44 83 81 7 61 22 18 63 63 96 22 99 66 49 27
54 55 37 36 53 59 48 84 44 44 2 93 12 61 87 31 38 5 82 51 49 93 38 35 98 4 46 62 56 46 60 10 62 3 39 45 33 68 100 67 46 78 86 91 53 74 50 99 80 59 43 15 39 10 91 73 8 7 36 46 71 48 96 31 79 71 34 19 21 60 87 18 35 96 91 34 42 10 20 28
88 13 7 97 20 77 64 76 63 16 26 83 16 80 31 70 17 16 95 3 39 85 57 84 74 18 80 99 79 39 11 15 83 37 1 92 27 2 87 97 46 41 50 33 19 49 32 88 9 8 27 21 50 32 47 56 9 91 55 41 81 36 25 62 50 60 96 40 27 85 17 12 1 61 76 17 12 6 79 96
10 10 65 7 2 89 81 23 52 40 33 79 45 94 55 45 99 39 12 64 20 34 79 90 77 83 54 90 26 14 92 77 94 55 39 79 18 65 66 51 59 95 36 31 44 56 29 15 34 57 48 52 85 62 54 93 93 94 96 19 36 93 40 29 59 77 65 47 26 55 34 12 13 60 72 52 68 38 37 1
71 97 85 85 37 9 94 83 83 28 89 88 94 79 84 30 89 89 28 92 65 20 12 87 4 52 66 42 27 23 58 66 36 11 21 54 94 17 39 24 68 13 47 23 94 90 10 1 18 30 12 29 10 96 47 45 9 37 8 27 50 75 96 68 84 27 49 66 99 56 95 70 54 91 85 50 98 22 18 53
15 33 56 29 16 56 46 11 86 85 77 1 94 69 92 55 37 29 86 39 44 21 81 70 5 93 53 5 20 10 52 43 88 83 21 46 79 56 25 97 37 20 62 78 97 33 62 26 59 67 57 83 22 39 100 69 63 81 33 47 68 11 23 92 51 52 52 22 17 14 91 81 78 20 5 16 88 47 62 77
28 1 24 41 65 38 98 91 25 81 3 71 3 27 56 7 17 34 99 40 46 29 52 87 82 80 20 53 60 33 84 71 95 85 10 47 49 12 42 78 52 82 31 68 24 79 55 7 52 79 3 72 20 74 89 10 33 39 94 60 70 95 100 6 15 60 99 20 61 58 6 83 30 56 99 12 97 56 87 91
49 71 74 12 28 80 47 87 89 66 82 1 50 74 49 67 32 57 26 23 44 26 100 100 56 58 80 94 75 85 72 2 58 10 100 21 65 93 29 98 46 91 98 45 37 19 97 87 54 37 95 64 55 18 29 72 57 85 2 50 83 45 57 31 67 59 48 4 73 10 43 40 84 76 59 28 27 34 67 13
90 55 95 25 5 61 25 38 23 91 6 18 50 10 49 97 27 30 25 20 70 22 40 21 81 64 28 67 25 5 54 89 21 63 26 34 62 52 67 75 8 39 26 62 28 82 39 74 79 1 92 74 65 99 18 53 47 68 63 39 17 49 12 67 36 9 14 20 89 76 87 4 48 70 35 87 91 75 40 46
45 82 53 86 30 97 12 93 88 56 8 92 39 25 46 75 15 8 45 95 51 59 52 96 14 77 50 75 69 92 12 16 81 60 20 33 3 21 52 31 2 2 26 17 23 24 6 70 70 97 85 13 26 65 80 77 67 22 63 68 51 32 91 11 80 72 39 23 46 23 60 18 71 8 91 81 54 44 69 68
70 97 97 47 2 43 70 45 43 25 95 74 13 4 26 1 1 3 99 39 25 50 96 18 16 86 100 91 89 10 76 87 56 49 29 29 73 76 39 95 30 67 21 40 62 45 5 28 19 43 94 94 69 38 33 13 24 63 8 41 85 68 8 60 93 5 65 49 63 68 14 76 76 67 64 96 99 21 52 16
17 41 90 37 23 99 21 65 12 44 59 22 87 92 25 14 40 3 93 29 63 10 91 13 49 35 60 57 85 39 94 50 55 99 80 70 18 39 17 25 11 67 50 5 76 57 84 35 64 70 94 79 72 24 70 96 83 90 81 92 43 11 36 86 75 96 53 64 9 5 58 78 43 4 63 93 4 49 38 71
22 41 50 58 87 1 10 67 30 21 10 50 73 98 84 49 14 19 8 19 61 22 35 28 83 64 23 30 82 50 54 71 4 8 12 19 6 44 95 40 10 13 97 23 67 52 24 49 23 94 77 57 43 5 63 81 3 61 21 72 78 81 81 46 89 79 14 71 47 81 11 15 66 84 58 93 89 74 73 77
