20 80
74 77 50 52 6 63 42 36 33 41 22 27 37 49 23 43 61 3 75 25 58 29 46 9 78 47 13 24 79 59 20 10 21 62 69 70 64 40 8 39 15 7 0 44 19 55 35 11 45 31 71 18 2 67 1 30 66 72 73 48 32 76 57 51 54 60 28 53 34 16 26 14 17 5 65 12 68 4 56 38
59 13 4 40 76 29 64 44 12 55 11 1 45 66 2 72 21 33 51 60 18 77 57 14 37 20 67 79 27 71 58 24 5 34 46 6 53 35 74 50 36 32 41 52 78 17 28 70 9 56 0 47 73 10 61 42 23 3 7 30 65 54 68 75 15 25 31 62 69 22 43 38 8 26 63 49 39 16 48 19
36 37 29 79 78 59 63 73 66 23 39 24 55 15 1 47 68 56 0 30 2 41 46 3 72 13 74 11 10 20 19 33 57 69 4 7 26 65 5 18 12 9 44 8 67 70 25 27 62 43 60 50 17 51 71 49 16 6 48 58 40 54 75 52 34 14 32 31 22 45 64 21 53 35 61 38 77 76 42 28
62 51 13 72 57 52 0 2 36 27 4 8 28 10 45 23 7 34 66 24 15 55 70 78 71 16 43 32 54 14 20 77 33 17 9 79 31 63 48 6 35 42 46 19 50 26 41 1 38 5 30 56 59 47 58 40 74 73 53 44 22 3 11 29 25 39 67 76 68 64 60 18 69 75 61 65 21 37 49 12
76 41 31 16 12 11 30 49 65 1 13 42 35 46 14 55 38 74 66 58 6 68 34 63 26 47 15 69 64 61 21 73 60 57 77 17 32 25 78 45 4 10 50 33 52 53 28 43 48 37 7 19 75 8 24 71 44 20 36 59 54 72 23 27 67 79 62 5 2 51 70 40 0 3 18 29 39 22 56 9
8 0 25 27 45 59 20 42 68 61 10 60 79 65 55 15 70 31 54 51 72 78 63 49 6 66 75 28 37 29 16 73 3 39 50 1 26 7 30 22 64 43 33 53 5 46 38 48 69 62 19 32 52 76 4 71 12 58 41 47 67 24 17 21 40 9 56 23 36 34 44 11 2 35 57 77 13 74 18 14
68 78 37 4 59 8 29 12 70 74 23 67 53 79 2 66 72 0 35 56 62 15 48 31 39 71 57 47 63 22 19 28 3 76 50 24 27 20 45 18 5 49 55 21 52 73 6 41 17 42 32 11 65 40 1 51 46 69 7 16 60 26 33 36 77 14 25 75 43 30 61 13 9 64 10 58 44 54 38 34
73 4 19 16 36 53 57 45 9 15 41 74 46 35 47 75 40 62 42 18 68 10 14 44 67 77 58 28 20 54 12 6 27 66 39 50 76 48 23 26 63 31 5 34 43 17 70 59 52 38 55 32 3 78 30 49 7 13 56 25 79 1 2 72 22 8 51 24 69 64 11 37 21 61 65 0 29 71 33 60
1 50 31 32 17 58 68 66 14 79 15 73 25 77 49 41 72 67 29 55 46 59 24 39 7 51 42 64 63 4 21 74 54 40 30 27 26 18 2 35 76 3 45 78 60 61 12 43 19 0 10 16 38 37 20 34 71 52 75 22 33 23 53 70 65 62 8 48 44 11 6 13 36 69 56 28 9 5 57 47
26 7 75 73 23 66 20 2 24 16 76 36 46 79 40 50 25 78 65 56 11 60 62 55 27 29 13 0 64 28 61 3 57 1 42 37 69 63 34 72 19 38 18 41 12 59 44 43 71 15 68 32 48 8 30 77 9 31 54 14 67 35 51 53 22 6 5 39 47 17 70 33 74 4 10 45 49 58 21 52
39 24 55 61 77 3 16 8 6 58 37 59 68 5 33 32 48 2 67 43 9 57 35 22 26 34 12 38 54 71 53 30 50 45 41 56 66 1 17 72 70 25 10 62 44 52 69 42 31 13 60 47 19 36 78 21 73 64 11 27 23 40 7 65 18 76 63 75 0 29 46 14 51 20 79 49 4 15 28 74
20 61 31 63 74 37 34 17 43 13 8 54 71 15 79 47 1 67 26 27 25 66 51 62 11 16 23 42 3 48 24 65 45 46 78 59 0 57 5 14 38 73 41 70 77 72 9 55 39 7 35 6 36 19 32 12 28 64 40 60 10 69 68 33 22 52 18 76 29 30 53 2 21 44 4 58 56 50 49 75
26 8 49 52 60 39 20 16 32 13 1 51 77 27 59 25 19 12 75 22 48 28 43 58 73 53 7 18 68 57 23 33 11 14 72 41 31 64 78 4 15 54 65 63 2 30 9 37 61 40 50 47 74 67 69 55 38 42 6 66 44 35 45 3 62 56 46 24 0 21 36 10 76 70 29 71 17 5 79 34
52 73 28 5 56 55 13 65 17 51 27 23 43 46 7 45 60 61 35 8 3 59 25 38 40 16 72 37 12 36 39 19 70 15 62 21 47 14 20 78 32 57 1 69 68 71 34 76 6 75 4 24 74 2 29 54 42 9 44 41 18 67 11 30 66 31 48 77 79 33 26 63 10 49 50 22 58 53 0 64
64 9 58 54 74 36 28 4 41 76 22 70 11 18 8 3 42 78 26 65 49 2 16 48 63 57 73 20 35 56 61 66 45 30 60 24 17 53 13 12 7 52 23 10 0 27 71 32 59 1 44 43 6 14 29 34 55 19 38 62 25 46 79 15 67 39 47 72 77 69 50 5 31 21 75 51 33 37 68 40
75 5 38 56 50 18 17 24 64 23 74 47 65 10 61 67 16 25 26 8 46 51 45 20 63 70 79 42 33 37 52 13 58 49 0 72 1 12 30 22 57 3 34 35 36 54 6 43 39 62 73 7 69 60 53 32 59 71 27 15 2 28 19 4 55 14 66 77 48 44 31 11 41 78 21 9 40 76 68 29
21 68 60 59 43 6 48 39 66 54 15 46 74 58 70 44 77 78 20 71 33 17 29 9 49 32 75 76 23 7 47 45 79 40 24 41 50 64 38 14 27 11 69 3 52 36 22 10 25 67 28 5 42 18 1 63 73 65 53 0 56 4 62 30 55 51 37 13 12 8 61 35 2 34 57 72 31 26 19 16
67 12 43 60 31 56 7 79 76 34 59 75 8 24 71 4 23 48 6 3 38 53 58 30 73 78 44 32 26 9 20 16 42 18 74 11 29 70 13 46 28 2 0 10 5 35 21 14 27 61 36 66 33 77 55 52 54 45 62 69 68 1 64 39 51 19 22 15 63 47 49 65 17 37 57 40 41 72 50 25
41 16 7 38 36 22 5 66 13 77 78 10 30 44 31 51 6 63 53 46 12 11 50 26 56 59 23 1 33 28 70 42 39 61 65 24 37 43 35 9 19 67 76 3 8 71 2 0 17 34 45 75 18 27 55 60 4 69 58 74 29 64 48 72 47 68 20 54 15 52 49 79 57 14 62 40 73 25 32 21
73 27 13 9 70 11 26 64 25 78 6 42 59 34 1 3 65 15 72 55 53 75 35 17 29 30 58 4 67 33 71 10 57 12 24 22 7 47 69 8 46 56 36 79 51 76 32 16 63 45 77 43 20 41 60 66 19 18 50 44 68 2 37 62 52 74 39 48 54 40 28 0 23 31 49 5 61 38 21 14
47 39 66 16 80 43 69 89 34 6 16 19 43 51 71 80 84 90 48 78 62 96 25 23 9 28 52 15 62 57 49 24 11 85 18 80 58 81 62 31 96 55 9 90 96 65 36 62 23 21 26 33 18 55 54 98 32 44 67 94 48 14 70 37 37 71 64 83 27 48 2 29 45 21 44 80 5 61 11 66
88 21 55 82 12 94 100 28 16 57 92 94 98 11 60 69 69 50 39 55 84 23 7 7 58 31 14 24 28 29 11 19 51 12 3 35 16 64 42 52 31 99 66 14 18 63 8 25 93 34 69 52 38 72 85 18 72 79 84 2 60 1 22 95 77 2 71 67 33 78 95 25 86 56 75 96 83 61 7 77
5 18 34 3 72 72 75 38 60 37 26 64 86 81 49 40 33 14 54 77 68 10 4 59 37 94 77 40 67 98 33 51 66 93 33 98 81 56 51 95 19 21 97 43 90 93 98 43 75 4 73 49 57 50 85 2 96 54 91 76 60 4 62 97 38 61 91 46 46 37 35 50 8 99 11 47 21 28 17 53
32 60 80 68 12 25 47 10 44 70 4 45 10 75 51 96 40 80 27 96 26 65 69 30 7 35 32 94 69 56 84 100 24 18 12 36 38 48 90 26 57 28 57 63 49 22 69 35 98 20 63 100 95 79 81 30 99 74 39 25 82 53 82 1 71 22 1 62 73 65 49 42 75 83 44 81 51 80 1 5
81 23 21 94 76 2 84 6 51 3 38 96 33 61 8 14 60 46 1 34 96 20 8 41 10 99 87 51 94 72 28 23 79 8 50 96 81 4 40 14 97 15 23 51 56 40 62 90 62 64 67 90 94 58 71 18 12 82 97 37 82 6 86 22 35 50 1 37 72 8 61 100 74 49 16 57 18 15 69 41
10 21 44 31 37 62 33 7 71 71 56 16 45 13 71 13 51 66 37 54 53 84 4 23 73 96 85 75 37 23 83 64 57 65 52 6 7 80 30 54 48 19 19 65 34 30 77 38 83 20 51 45 11 74 61 84 50 80 49 81 11 76 31 66 63 84 84 64 50 51 69 53 64 34 57 11 7 82 89 57
3 73 51 83 95 89 68 32 8 98 60 59 53 8 58 49 68 99 72 2 33 66 4 61 71 63 8 12 72 61 62 41 22 60 72 11 4 26 100 12 73 1 6 34 68 96 31 17 22 44 73 32 45 39 47 64 40 41 63 60 72 1 95 20 31 73 63 51 53 45 9 14 56 85 92 29 73 100 9 57
94 49 33 95 83 47 98 6 74 21 9 88 79 75 63 6 66 32 55 94 46 86 59 93 42 64 58 53 39 33 49 72 18 59 36 95 31 39 37 42 87 76 22 4 84 16 87 9 77 98 27 31 55 75 60 97 13 47 96 17 63 25 11 49 73 85 86 77 87 87 70 25 55 7 50 71 69 57 63 65
5 18 74 86 48 9 18 65 31 19 49 61 12 53 14 46 99 71 6 42 82 94 53 60 59 18 88 29 74 92 6 78 15 45 68 19 86 5 52 28 59 15 6 95 25 60 32 50 96 44 73 70 59 89 93 81 12 63 67 58 64 72 7 100 2 59 71 54 60 92 43 56 36 75 28 76 35 57 76 67
61 17 10 97 31 60 91 53 64 8 36 98 82 31 61 59 71 77 41 3 54 94 10 12 2 90 68 90 18 80 59 82 48 7 99 10 55 86 58 23 23 9 98 48 54 33 52 91 5 51 66 44 22 10 4 54 47 64 76 82 59 85 2 36 27 88 26 75 25 48 67 73 97 76 80 7 12 57 64 64
29 82 83 55 57 13 18 73 44 67 2 27 4 89 61 39 52 9 49 69 26 85 87 84 7 56 24 73 64 23 36 79 87 31 31 51 61 43 82 95 8 36 27 37 60 13 20 6 18 66 74 99 49 70 21 38 16 38 41 79 9 96 73 70 5 44 94 99 5 20 87 31 92 9 22 41 39 52 65 12
4 19 48 19 45 90 41 12 47 80 75 38 19 47 16 33 78 90 89 19 53 82 2 25 45 74 65 3 83 60 92 83 29 76 85 53 65 18 38 4 70 5 87 51 61 86 29 24 44 79 64 52 86 65 10 68 10 11 30 30 25 60 41 46 99 85 60 86 40 92 42 72 45 53 38 73 70 55 16 53
34 21 31 10 71 97 93 31 67 22 65 19 91 86 81 65 46 81 30 84 1 82 96 5 70 29 14 63 99 5 41 24 70 87 96 48 45 28 1 4 69 60 7 70 3 51 52 39 28 27 46 100 59 81 64 10 78 24 82 7 19 68 100 35 44 22 3 94 98 48 69 35 61 66 1 4 1 2 76 52
93 99 84 31 4 8 36 85 30 95 27 69 25 51 37 69 58 81 89 43 75 82 88 2 72 53 10 62 26 65 11 90 56 31 41 66 12 97 58 86 18 63 29 64 28 71 32 62 15 68 25 18 78 30 80 11 50 75 78 62 90 75 6 45 19 35 8 73 23 86 58 58 56 55 17 10 9 61 87 53
70 6 59 71 87 72 66 34 73 61 26 87 73 69 42 39 46 91 50 42 88 20 97 78 13 64 30 42 22 44 11 87 100 87 59 1 39 82 23 72 82 60 8 79 38 89 27 19 47 28 51 39 8 98 59 7 92 39 86 21 86 100 88 50 54 85 58 3 7 41 16 26 40 81 27 38 77 31 25 51
1 41 46 93 24 93 77 13 2 54 6 31 47 47 83 28 89 72 100 39 91 17 30 42 2 4 66 51 58 43 18 68 97 84 4 26 70 66 70 99 64 13 20 29 46 99 83 63 32 46 15 35 20 20 71 100 11 98 52 9 76 57 70 83 25 60 26 94 98 37 10 7 58 24 45 35 8 99 83 49
69 95 81 74 21 4 61 79 48 28 38 95 13 16 70 27 70 27 98 79 53 72 19 38 14 69 59 29 23 67 29 94 38 65 67 39 94 52 22 7 57 46 63 46 21 10 40 29 72 28 39 41 69 42 89 75 91 83 95 12 72 43 90 85 37 14 39 65 96 37 13 25 66 35 47 40 7 75 82 99
17 84 14 38 41 67 74 52 76 55 85 23 22 88 98 61 51 59 48 3 58 45 87 17 34 80 97 52 28 22 85 14 31 91 93 63 91 95 32 74 35 11 62 63 2 4 42 51 42 18 53 82 55 18 34 40 60 55 62 54 96 80 39 12 12 7 67 73 88 54 100 8 97 76 74 33 10 94 21 21
76 66 69 55 4 16 42 59 37 83 3 46 70 84 69 49 12 64 94 48 90 73 43 71 44 74 53 88 7 78 36 21 7 2 86 80 58 41 96 12 21 68 24 72 72 77 45 86 85 86 73 16 34 9 49 93 46 62 38 36 83 59 80 9 40 3 83 30 12 83 83 99 50 46 36 42 83 97 67 56
92 86 32 84 55 6 83 11 60 100 59 86 47 20 68 52 82 83 70 70 33 78 49 55 19 56 27 24 22 54 35 98 84 5 4 87 22 79 40 6 69 58 64 48 59 53 51 32 87 91 18 3 28 100 57 33 46 71 95 71 16 23 65 23 39 57 37 8 4 51 79 52 58 52 24 34 18 89 21 47
