20 80
12 44 36 78 20 6 34 5 14 74 62 29 63 57 42 59 11 35 31 10 75 25 15 40 32 48 66 33 58 41 13 16 3 56 18 70 19 21 69 2 17 7 54 24 28 1 73 76 39 53 71 4 60 51 9 67 0 23 47 45 37 72 46 27 43 50 65 22 55 30 68 38 8 49 52 79 64 61 77 26
70 68 66 50 56 6 20 58 18 22 8 14 74 15 71 16 25 48 69 13 29 40 5 65 10 35 61 26 1 17 62 51 12 72 52 64 11 27 60 67 2 34 30 77 47 36 38 32 0 76 24 37 59 45 19 31 79 33 55 73 23 3 44 7 39 42 57 63 49 75 41 28 21 9 4 46 54 78 53 43
8 40 4 7 76 61 53 16 66 54 38 0 33 73 68 14 26 58 59 32 11 63 69 18 3 28 1 30 20 21 15 43 60 41 47 12 36 37 2 19 48 9 35 71 77 72 62 78 31 44 25 23 56 67 39 70 65 49 55 46 10 6 51 5 22 52 29 45 74 42 79 57 64 50 34 17 24 75 27 13
72 65 71 45 16 27 4 44 35 52 8 9 3 67 60 23 34 7 63 57 39 17 43 62 25 0 29 18 42 41 74 38 77 33 66 19 51 59 30 64 22 15 48 10 55 13 5 6 56 40 24 54 14 70 79 50 68 11 75 21 69 37 32 1 61 2 36 58 26 28 31 78 53 46 73 76 12 49 47 20
43 19 35 51 5 36 13 26 45 31 29 23 62 11 37 34 22 21 55 12 16 68 77 59 42 57 75 54 9 0 40 47 38 72 58 49 3 76 30 25 61 64 69 24 6 2 63 15 44 74 27 14 46 1 4 52 56 48 65 66 33 32 10 20 8 39 71 53 17 78 28 70 73 50 7 67 79 18 60 41
30 75 17 64 6 5 72 54 8 71 77 11 10 38 25 56 32 79 34 39 60 74 70 12 33 16 69 37 44 42 73 29 45 23 65 67 53 51 48 13 35 52 15 62 57 0 61 49 26 14 18 41 19 28 2 66 68 50 78 63 47 7 24 40 76 20 58 27 36 31 3 9 21 43 4 46 22 59 1 55
51 16 50 3 15 54 34 67 2 77 74 64 19 18 58 52 11 37 61 28 43 42 65 14 17 69 71 70 1 72 9 59 7 62 22 57 0 38 76 49 78 60 47 41 55 53 36 46 30 48 75 4 27 10 32 68 29 6 33 13 73 8 25 66 24 44 79 39 26 56 12 31 20 35 40 63 45 5 21 23
11 52 66 13 41 79 71 25 35 67 42 37 69 78 43 8 60 23 34 0 20 64 10 49 12 1 26 77 45 17 18 48 4 31 24 47 51 73 33 36 7 28 5 3 54 58 75 61 32 62 39 9 68 21 30 22 53 16 15 70 76 59 56 72 57 65 74 29 38 63 55 50 6 19 46 44 14 2 27 40
48 67 39 35 61 71 49 43 7 6 24 23 22 13 9 52 33 5 68 73 46 20 31 21 69 4 50 62 19 10 25 56 76 14 37 45 59 12 38 2 0 44 58 64 36 57 30 32 15 55 75 26 28 8 18 72 1 42 17 77 40 60 53 47 70 29 63 65 66 34 54 51 41 78 79 74 27 16 11 3
21 5 2 62 27 23 79 64 63 55 77 59 17 22 35 25 42 31 44 29 0 32 7 9 48 34 15 56 40 45 24 78 67 33 3 49 76 61 70 73 72 41 54 57 53 58 4 65 19 20 43 28 1 18 10 46 69 39 14 47 16 75 66 11 68 26 30 13 38 12 37 6 8 36 71 52 51 60 74 50
39 18 21 10 67 44 6 30 47 29 55 19 11 33 27 2 7 31 61 50 43 23 70 75 58 73 53 56 38 78 13 34 59 37 69 4 57 48 52 36 1 74 68 46 65 24 14 66 26 5 3 76 42 9 71 41 20 12 15 77 60 8 63 62 45 28 22 17 49 25 40 54 0 16 35 51 64 32 79 72
57 10 24 64 22 17 69 38 26 29 4 45 51 55 8 37 40 3 39 9 30 58 52 61 20 28 53 66 36 78 46 68 34 50 77 15 42 67 18 19 79 12 11 59 75 23 56 13 2 31 70 14 0 1 27 21 43 74 33 6 44 16 63 5 60 48 62 35 32 73 76 71 41 7 49 25 47 72 65 54
74 48 54 16 38 29 13 69 44 5 67 22 57 49 36 4 70 14 7 32 17 18 53 3 9 50 75 59 43 2 47 64 0 33 73 62 72 26 60 10 25 52 11 76 45 46 58 23 63 68 78 35 55 15 71 1 56 61 41 37 6 21 30 19 39 40 28 42 66 79 27 77 51 31 65 8 24 34 12 20
70 50 4 77 33 64 67 21 9 74 57 36 48 46 69 18 28 14 15 63 49 40 62 30 44 72 66 60 54 75 24 47 23 65 19 76 37 8 45 42 61 6 17 12 11 20 73 39 26 25 79 43 2 27 0 52 7 56 5 29 22 53 32 13 71 58 35 10 16 3 34 31 1 51 38 68 41 78 59 55
43 20 59 50 29 4 53 48 18 26 17 70 47 12 78 71 30 16 27 1 73 36 40 19 13 34 57 51 32 21 5 45 65 37 2 49 7 61 67 24 42 6 72 76 66 60 9 11 41 77 22 75 14 56 52 3 23 79 10 69 55 31 8 28 44 74 15 62 35 25 38 33 39 54 63 46 64 0 68 58
76 78 5 36 56 13 53 17 23 79 62 32 65 7 75 73 64 70 40 30 49 44 35 59 28 19 12 10 68 63 37 25 66 1 60 45 26 33 57 61 0 41 50 31 24 42 6 54 47 8 38 9 11 21 46 22 18 48 14 72 20 15 69 71 3 52 74 51 4 58 2 77 16 55 67 39 43 29 34 27
39 7 0 25 41 51 35 6 5 61 57 31 66 4 69 40 26 3 17 73 59 54 28 44 62 53 15 30 12 47 2 79 21 20 50 58 65 34 37 56 64 18 45 22 13 67 32 43 27 70 19 71 60 76 29 36 24 9 55 78 16 75 63 46 52 49 72 10 68 33 42 8 14 23 48 38 74 1 77 11
77 61 66 34 44 65 42 14 27 36 35 72 79 21 52 76 10 17 8 63 40 7 67 18 62 19 11 20 25 28 48 51 55 68 57 69 9 60 30 38 22 16 64 2 39 12 43 50 3 70 29 73 71 4 56 58 5 46 13 15 45 54 0 23 75 32 59 53 31 47 1 74 37 78 24 26 41 49 6 33
75 35 68 3 15 38 27 56 0 78 54 16 25 18 19 50 48 29 26 46 36 55 14 76 23 42 28 71 58 39 66 62 17 44 13 5 12 24 47 20 73 8 74 64 41 40 34 9 70 65 63 60 53 59 21 69 51 30 10 45 11 37 61 31 79 4 7 52 49 43 2 32 67 33 22 57 77 1 6 72
45 5 15 54 76 38 58 60 43 31 9 61 21 57 27 62 34 40 74 17 13 48 53 72 10 20 19 42 24 32 8 71 65 55 79 29 22 1 73 16 12 3 30 59 49 66 14 6 28 35 70 0 68 41 69 39 4 64 7 23 44 67 2 51 25 26 75 52 78 77 11 18 63 56 50 47 36 37 46 33
5 75 40 45 96 31 40 88 41 4 94 79 97 71 88 40 74 61 11 5 49 56 92 77 6 35 65 52 16 59 33 80 72 83 38 55 54 19 90 1 14 91 21 79 37 76 65 91 59 87 25 17 52 37 19 64 79 69 70 98 47 85 38 93 90 47 35 69 22 18 87 28 85 99 92 86 82 4 29 16
35 8 68 78 82 5 90 86 33 33 81 8 85 98 68 95 69 5 90 61 29 92 98 20 95 40 100 94 78 37 88 35 17 95 8 73 58 44 91 73 1 89 41 48 24 18 56 53 87 53 11 35 25 71 70 40 81 86 37 19 61 18 64 39 4 20 50 58 12 11 57 11 39 8 62 35 58 39 51 35
93 59 86 93 3 98 86 92 54 41 97 58 35 17 73 57 84 17 81 21 59 64 50 88 77 66 60 79 31 79 13 35 34 45 3 16 95 55 37 26 35 78 38 62 97 21 92 81 85 58 98 79 57 4 20 39 21 96 63 43 44 51 9 82 86 96 95 40 82 36 72 76 77 66 85 55 78 2 55 16
39 7 5 9 74 58 80 25 54 71 74 2 80 68 49 61 80 59 92 29 22 68 74 89 99 77 60 94 96 29 32 12 33 40 1 85 53 79 11 75 57 54 38 86 45 31 70 59 30 61 69 99 83 85 42 97 5 81 61 12 11 59 76 4 28 100 42 34 51 84 22 20 5 70 43 26 11 77 51 96
9 36 73 6 41 7 59 79 64 2 7 44 39 15 90 33 43 5 2 38 45 75 87 42 3 6 64 83 26 9 67 63 3 49 38 77 5 75 42 4 72 68 10 66 87 48 50 8 87 21 15 85 41 92 12 29 77 42 97 91 55 45 40 8 18 55 85 41 90 18 89 62 46 96 46 56 60 88 90 39
73 69 47 41 24 84 78 78 68 50 40 90 5 77 26 67 11 78 78 89 75 85 55 59 6 35 58 86 86 54 37 56 48 17 87 31 64 71 52 47 71 77 4 97 17 86 52 8 47 70 60 28 28 40 24 10 49 23 92 81 94 89 83 75 40 4 100 16 70 51 9 97 47 57 38 51 20 28 14 52
15 76 62 7 39 31 62 66 9 37 83 68 57 57 53 76 7 2 85 96 71 47 41 26 10 80 88 82 22 30 41 20 12 80 96 26 99 98 58 44 77 1 73 75 79 78 27 21 6 81 1 76 49 59 37 42 15 90 51 47 8 77 52 1 39 85 5 4 76 25 97 92 20 41 27 73 9 43 90 1
99 87 79 87 85 60 41 49 42 66 71 75 99 56 27 61 54 70 69 33 94 94 99 89 40 97 64 43 1 14 50 1 34 8 64 72 100 70 1 75 47 6 47 52 79 13 11 84 40 90 52 75 47 31 51 33 1 90 65 13 79 25 91 63 67 40 18 82 61 27 13 80 81 80 97 23 97 39 61 87
62 37 44 32 14 11 58 63 27 92 34 66 83 90 7 66 76 5 64 8 19 70 33 52 90 5 19 53 22 77 11 82 35 92 98 29 42 33 59 47 45 84 96 35 10 73 66 2 29 95 61 79 76 99 74 57 87 35 9 98 94 75 22 8 63 76 66 55 62 93 83 8 88 52 40 68 81 15 56 7
10 14 62 98 17 39 30 66 8 85 14 53 68 30 55 35 68 13 28 22 35 30 65 47 26 35 79 96 32 32 3 9 18 7 35 88 87 60 31 1 14 85 2 80 82 36 93 58 42 13 52 27 80 95 8 79 18 25 71 98 69 35 90 39 94 61 9 28 71 74 71 18 35 12 21 51 77 64 41 82
42 74 53 36 67 33 12 9 100 95 13 10 50 93 11 54 76 18 60 72 95 13 1 38 80 38 2 45 4 35 67 81 34 51 10 8 87 3 46 58 24 25 9 87 57 73 54 56 79 11 79 82 35 26 56 22 20 25 30 59 9 27 22 3 97 59 71 20 11 85 65 87 64 62 24 16 73 21 14 18
83 15 59 2 51 37 45 61 91 25 14 20 95 40 72 46 68 66 51 97 26 24 29 57 45 95 64 20 83 97 68 64 60 42 53 11 89 57 13 34 29 33 85 50 61 10 71 77 24 76 17 75 73 60 86 77 51 81 68 68 99 63 54 33 17 61 62 30 81 49 92 47 2 49 84 3 5 94 35 46
43 14 96 7 15 6 47 85 79 41 41 73 3 59 94 87 67 49 47 33 83 90 94 54 95 53 10 55 65 44 92 60 67 83 33 29 16 74 36 68 22 79 48 17 37 75 47 58 63 38 25 33 81 69 61 44 45 12 93 2 96 70 22 40 94 4 9 60 49 30 56 100 85 82 84 76 68 73 11 92
42 5 59 66 39 30 75 2 8 41 82 79 45 92 19 52 22 91 86 76 59 21 22 39 63 94 85 76 95 45 15 46 38 51 29 73 58 35 38 55 92 37 97 95 100 52 27 59 99 62 80 42 39 8 87 19 83 45 29 24 80 23 70 2 12 28 11 94 85 58 52 84 58 95 39 64 81 83 6 93
12 91 82 40 27 87 76 53 44 9 36 32 12 24 67 51 96 58 12 4 59 81 95 31 73 82 39 64 52 3 41 45 21 95 11 72 100 26 36 98 26 43 80 39 85 77 83 24 32 95 25 35 62 58 77 30 28 98 54 8 17 94 36 91 66 56 64 89 45 55 10 48 30 25 41 98 21 36 99 61
6 1 78 38 78 33 9 10 5 37 83 33 38 6 19 8 66 15 52 53 76 44 60 15 13 41 15 75 65 31 54 70 24 43 41 51 60 88 19 61 50 92 22 81 46 54 58 79 55 92 42 93 46 57 86 37 3 61 67 75 15 23 86 88 29 5 44 78 98 7 59 42 98 81 56 53 74 73 6 29
39 6 42 28 24 93 97 72 3 79 15 95 61 31 86 33 100 12 37 28 94 87 22 52 80 53 86 5 81 51 62 91 42 99 21 32 27 37 91 16 68 42 59 14 34 86 2 43 93 49 24 70 51 16 16 65 56 73 62 60 68 68 57 71 46 64 62 22 47 62 47 92 95 88 19 69 33 96 19 62
69 89 15 78 35 52 80 4 81 5 46 93 77 65 44 34 81 38 70 87 10 53 78 66 35 83 34 82 61 98 39 48 74 42 9 68 21 19 30 72 47 4 54 81 32 37 78 58 64 70 58 87 43 78 69 76 18 3 16 56 55 22 97 10 52 79 68 78 57 54 37 17 42 4 4 80 87 55 79 32
53 4 37 81 11 58 44 98 47 85 27 48 52 98 17 98 59 83 68 14 96 33 83 55 50 50 5 91 60 28 59 31 63 57 72 70 43 54 100 99 63 40 41 55 80 2 88 81 1 76 4 91 60 50 45 57 10 27 27 12 46 36 34 15 71 32 78 31 86 55 66 76 60 34 27 27 72 7 1 76
57 73 20 36 93 26 12 14 12 36 72 87 98 75 56 2 48 17 99 81 68 27 77 14 43 14 76 48 34 25 53 89 61 79 97 98 63 82 79 74 73 69 100 44 37 41 13 81 72 93 92 20 93 50 21 25 79 96 17 79 81 97 2 81 13 62 3 41 92 88 82 82 16 36 89 91 23 65 77 28
