20 80
41 69 66 28 34 75 21 0 10 67 11 7 71 76 38 39 1 6 42 64 57 37 65 72 74 78 43 47 44 55 35 45 73 16 33 20 3 22 61 12 8 32 48 36 54 13 70 30 49 63 29 24 25 9 2 51 4 53 14 50 19 52 46 56 59 23 31 5 58 17 79 62 60 18 40 26 77 27 15 68
76 60 3 55 28 7 33 68 72 18 74 56 34 9 50 43 45 5 44 32 35 71 14 1 61 2 25 38 63 29 24 26 8 58 79 11 65 19 75 51 49 66 15 47 62 42 39 4 73 36 17 53 22 23 27 64 31 69 77 21 37 41 54 16 30 20 48 67 13 70 57 0 78 40 6 12 59 10 52 46
52 22 33 68 44 28 63 64 0 58 17 13 21 70 3 65 57 67 53 50 30 2 15 7 11 74 69 46 26 12 6 38 41 25 19 5 14 4 55 78 34 77 16 10 9 79 62 23 18 51 39 43 24 54 29 76 60 56 48 20 59 40 72 73 36 35 75 8 37 61 31 1 42 71 66 32 27 45 49 47
63 57 37 60 54 42 66 44 56 50 77 46 32 34 26 40 53 33 20 76 16 25 65 71 68 18 55 9 45 78 13 15 48 58 22 19 79 3 52 75 21 72 35 70 31 74 64 41 17 6 49 24 39 59 47 23 36 2 61 30 14 12 4 1 38 43 11 0 73 5 10 29 51 7 69 28 8 62 67 27
42 24 8 56 77 13 47 45 29 70 20 76 31 48 6 54 30 68 10 25 63 33 9 5 26 62 53 35 79 0 72 52 23 65 69 12 14 78 18 4 66 21 19 61 2 40 59 49 67 58 50 74 1 64 39 75 16 15 43 57 73 41 60 7 51 27 3 38 28 32 17 11 22 37 34 55 44 46 36 71
34 29 5 18 8 62 73 3 2 16 64 11 76 75 35 31 15 13 71 78 77 47 50 42 67 61 32 51 33 10 22 59 54 69 68 46 17 20 65 36 12 45 44 58 49 40 41 24 56 38 28 57 25 66 39 7 63 79 48 21 74 4 27 30 19 60 52 26 1 72 9 6 43 37 53 55 23 0 14 70
61 0 72 36 28 41 78 3 65 34 43 18 11 60 2 35 33 17 21 45 25 7 56 38 4 12 71 48 8 75 31 5 64 73 68 66 42 46 20 44 15 62 57 54 59 39 76 67 19 49 27 22 63 9 40 14 16 26 74 10 70 79 23 6 30 13 77 29 51 69 50 24 1 32 37 55 47 58 52 53
46 29 75 12 52 70 16 43 36 17 65 3 13 74 69 38 15 42 50 4 6 78 20 24 22 63 57 77 79 26 68 72 56 64 33 1 59 28 25 61 71 34 0 5 37 21 60 45 39 66 27 31 51 23 44 53 48 62 8 11 47 35 73 9 10 30 76 54 14 41 67 7 32 2 49 40 58 55 18 19
77 66 60 26 21 51 79 72 32 4 52 47 38 19 54 75 17 53 27 1 71 46 48 28 61 68 39 6 56 43 18 50 7 78 42 49 16 3 31 2 36 76 58 8 65 59 35 44 55 73 5 37 23 0 69 34 12 29 57 9 14 63 15 22 11 41 10 64 33 62 13 30 24 20 45 70 40 74 25 67
33 42 66 57 4 64 50 24 60 70 61 58 76 27 13 74 55 62 67 21 56 12 69 52 45 22 8 30 72 17 25 71 43 46 16 29 3 79 1 20 48 35 14 44 36 78 0 15 28 5 39 32 49 38 75 18 6 31 40 2 73 53 47 54 11 9 7 59 34 37 10 65 63 26 19 23 41 77 68 51
14 23 64 8 43 63 19 11 70 53 33 2 62 31 57 12 49 71 68 29 10 72 56 18 30 38 15 37 40 27 21 60 17 76 42 73 61 34 52 79 55 67 32 54 75 16 51 3 77 35 36 69 46 6 0 44 4 9 74 28 66 58 7 65 78 1 25 48 41 39 26 50 47 20 59 13 22 5 24 45
71 73 26 16 15 72 39 78 3 22 20 74 33 0 41 50 53 37 35 58 34 29 62 36 67 14 32 76 65 31 66 2 24 38 57 55 54 17 44 10 30 51 23 9 7 18 27 48 70 63 4 45 77 8 79 59 69 5 11 19 25 1 52 49 12 46 40 43 56 47 28 75 60 13 61 21 6 42 68 64
4 18 12 25 78 74 54 39 76 55 32 66 23 38 56 2 45 75 31 51 72 70 15 26 21 62 53 58 49 22 10 7 42 50 71 35 37 30 33 28 14 43 68 52 34 0 61 73 40 19 8 46 27 16 36 17 13 44 64 1 63 60 47 6 77 3 20 9 5 24 41 69 57 11 59 67 29 48 79 65
20 70 13 18 1 55 12 79 65 17 46 73 64 47 14 56 67 29 49 38 8 40 16 9 21 5 43 58 60 19 76 52 28 27 75 25 39 7 68 71 53 78 44 69 57 2 62 31 4 41 15 37 63 54 22 33 26 24 66 42 50 74 48 59 77 72 36 51 45 61 34 3 32 30 10 23 35 0 6 11
15 45 46 62 17 0 59 64 47 10 35 61 25 43 51 18 67 70 1 31 33 53 49 34 28 71 58 44 69 42 14 20 78 77 2 6 41 3 66 38 65 29 56 37 13 76 48 24 60 72 79 30 21 39 4 19 22 16 11 8 50 32 36 55 40 7 12 27 68 23 9 57 63 5 52 73 26 74 54 75
40 46 10 74 12 34 8 37 30 27 63 50 2 29 15 7 16 52 5 42 23 66 71 69 0 35 53 13 39 4 26 65 20 61 17 19 31 75 14 49 21 57 41 56 51 28 62 36 70 11 44 24 32 67 77 58 68 55 76 25 33 59 9 79 78 64 48 73 18 54 47 6 72 38 45 1 60 3 22 43
49 20 14 52 2 24 69 68 43 79 34 72 26 7 22 73 8 27 56 18 13 54 1 75 55 58 67 48 51 12 71 44 9 17 70 11 16 0 19 32 35 38 23 28 77 59 3 47 31 53 63 46 33 25 57 66 15 30 4 39 45 60 5 29 42 41 50 64 76 61 36 6 62 37 40 21 65 74 10 78
75 76 56 29 69 33 16 31 40 60 73 36 46 65 62 27 66 24 79 77 71 26 0 63 57 78 59 1 12 6 11 19 23 41 7 55 70 30 28 38 34 10 15 9 14 53 5 68 72 39 17 74 67 54 45 37 4 50 8 58 35 48 22 13 52 49 32 2 64 43 21 20 3 44 42 18 51 47 25 61
44 8 23 71 11 1 75 19 31 53 14 28 77 65 52 66 42 35 29 38 16 41 70 51 63 56 54 58 25 7 69 33 21 72 68 74 48 49 39 5 64 36 55 73 46 61 59 26 15 13 2 34 30 4 40 0 79 9 6 20 32 37 62 10 60 43 45 3 18 78 17 47 12 22 50 67 27 57 76 24
53 70 4 54 61 32 8 43 11 67 23 47 51 7 25 68 19 48 28 76 27 18 49 66 60 71 72 5 14 78 17 64 59 36 9 46 2 3 38 34 13 20 79 45 29 44 22 26 1 52 41 74 42 15 73 69 31 37 21 75 35 39 6 77 16 30 40 63 57 33 55 0 12 62 58 56 65 24 10 50
6 63 28 81 72 87 50 37 60 19 75 30 5 40 21 45 81 45 63 27 97 64 98 9 7 46 19 66 9 29 38 42 52 80 97 10 6 47 81 68 86 66 21 67 67 7 99 24 29 50 41 100 59 54 70 99 99 53 47 71 31 82 81 13 67 100 90 27 42 70 24 76 23 39 98 98 58 88 37 100
84 81 24 61 34 66 72 9 77 35 60 10 65 61 36 51 37 16 70 20 39 76 82 1 39 82 42 74 58 54 81 59 57 79 60 95 82 93 97 64 44 66 7 31 59 77 16 16 46 70 65 13 65 64 85 63 94 10 79 100 20 36 34 69 24 24 56 70 40 60 22 29 70 3 97 21 19 98 56 6
16 4 16 87 90 31 82 42 86 67 17 24 81 1 100 27 64 35 88 28 51 35 32 20 10 57 91 94 47 23 1 75 89 62 98 81 87 76 39 49 74 8 44 20 24 30 73 84 17 30 2 89 84 1 24 5 61 17 80 12 3 48 62 71 85 94 6 96 19 40 11 88 58 32 7 2 78 56 80 45
58 100 65 13 47 56 24 70 16 51 47 49 65 91 21 63 3 97 29 70 21 66 14 46 93 26 4 43 90 73 96 74 20 5 76 71 4 39 89 11 55 22 2 36 60 65 70 20 73 42 56 82 73 32 58 71 96 79 48 81 92 72 38 91 58 47 77 63 72 93 22 1 22 16 19 53 92 10 12 97
28 94 70 83 14 71 44 14 29 7 81 84 87 96 66 89 15 23 8 17 6 69 44 81 89 90 10 14 30 48 60 36 25 60 22 46 17 3 53 64 33 40 15 12 68 9 62 76 89 19 78 23 26 66 92 10 44 96 93 67 97 99 19 60 26 45 70 73 69 57 93 70 97 75 32 26 89 38 70 30
48 40 60 97 6 34 42 99 28 68 17 86 37 71 49 56 69 96 95 62 3 100 5 51 15 72 18 76 60 32 34 83 60 10 77 91 84 44 5 22 52 34 2 86 93 71 18 5 45 24 18 43 75 18 70 10 24 49 39 92 49 44 80 82 17 36 13 80 27 73 24 84 99 82 38 38 58 64 27 75
78 18 42 33 32 29 25 11 75 20 50 5 47 39 8 74 31 93 61 60 24 91 81 15 90 4 45 3 7 85 63 92 90 91 100 15 76 3 98 53 76 40 17 65 34 3 31 33 5 87 51 26 18 69 17 5 40 7 33 55 75 95 1 73 97 41 76 78 78 48 32 79 49 37 3 29 27 23 30 42
17 100 19 41 21 91 65 17 1 20 64 33 87 73 4 75 76 69 78 61 100 43 97 87 86 71 60 4 69 98 41 71 56 11 52 95 25 21 35 98 26 43 19 40 40 25 7 23 14 75 19 33 69 59 67 73 78 11 65 3 99 84 4 35 4 62 12 49 56 68 48 47 59 93 2 93 100 25 18 71
96 46 50 2 74 81 83 18 76 10 18 78 76 78 52 9 47 95 54 52 88 25 78 58 42 23 65 81 26 49 16 22 25 91 92 55 46 23 46 50 52 13 2 32 91 99 41 67 56 100 12 21 81 93 69 7 91 64 48 60 10 49 71 78 29 88 25 22 83 2 94 63 38 21 44 46 17 3 31 38
59 3 97 85 93 73 50 1 20 54 72 80 23 34 2 68 22 59 32 87 39 82 9 7 53 76 63 33 95 64 56 63 37 36 26 89 35 33 81 67 8 73 98 72 4 14 25 3 27 79 81 9 45 91 63 46 51 35 77 96 24 69 57 38 70 85 89 28 24 90 2 24 81 71 94 60 8 97 30 89
16 20 43 59 51 71 61 65 1 28 71 34 53 89 60 64 72 41 4 57 26 60 96 49 83 22 23 91 36 83 49 41 57 1 11 93 13 30 21 18 16 40 44 31 12 91 70 44 41 55 24 31 99 100 92 64 99 39 47 52 27 54 6 13 24 22 96 30 53 15 12 55 42 28 6 86 50 22 21 39
90 81 100 58 44 99 31 43 46 79 89 65 97 99 76 41 80 66 43 69 91 38 88 41 63 34 80 87 76 5 29 33 66 98 56 37 57 7 2 20 29 30 55 54 100 57 42 11 26 83 96 74 20 38 73 84 12 76 45 27 24 96 26 43 94 26 95 56 68 29 93 67 87 8 12 56 76 4 14 20
3 28 26 36 86 38 27 57 86 63 65 17 88 19 5 33 95 66 83 19 86 99 71 41 92 54 63 34 42 39 31 6 52 23 44 30 53 27 54 90 52 92 20 42 4 81 29 40 7 5 27 57 49 85 21 34 5 32 27 52 3 58 12 64 14 78 63 25 84 80 67 5 38 36 70 75 73 40 53 72
60 79 51 65 5 32 7 58 99 18 68 98 90 98 81 100 2 15 78 63 64 27 86 2 4 51 5 8 59 81 29 28 90 57 44 5 11 93 38 28 97 61 48 50 76 11 89 20 67 41 90 11 62 91 27 76 80 2 94 30 58 44 17 3 39 56 37 99 79 21 58 7 31 69 16 31 25 79 36 58
2 9 77 46 5 4 9 8 66 60 16 68 8 18 44 67 28 23 94 59 19 58 87 98 29 20 8 50 12 75 71 21 75 65 60 97 59 85 23 98 5 58 86 8 36 7 56 34 87 86 80 88 46 14 53 10 91 87 20 8 57 57 94 76 50 80 21 6 62 58 58 33 70 91 56 57 79 47 55 36
19 100 88 75 19 16 66 26 94 98 70 94 47 58 8 50 87 61 51 76 94 89 34 21 4 50 81 24 26 72 2 62 33 73 97 60 30 88 92 88 5 90 90 26 16 96 36 29 66 95 13 41 77 19 26 1 13 61 21 64 47 36 40 36 59 33 50 56 25 83 53 61 71 20 78 42 91 58 72 14
1 44 29 72 32 3 46 72 14 23 8 60 30 84 60 31 92 28 78 32 86 33 54 27 54 48 35 21 63 71 25 60 30 86 24 2 11 36 6 15 22 86 34 56 78 2 31 63 77 28 30 1 56 62 27 91 67 76 7 30 55 94 71 52 20 46 15 54 98 73 18 25 82 88 41 38 36 88 71 77
63 92 11 12 50 21 88 94 77 11 21 94 70 74 75 72 60 93 10 37 90 30 51 93 5 89 6 3 70 89 55 76 55 42 59 32 15 8 95 32 24 68 1 82 76 55 15 92 72 47 74 11 9 62 96 62 9 52 99 63 29 65 40 59 94 100 97 53 85 53 74 21 56 50 84 86 73 82 39 58
73 100 35 38 66 92 43 42 77 33 67 22 28 19 57 5 9 96 76 98 35 97 9 47 63 53 71 51 7 77 21 33 44 54 63 20 77 62 37 28 82 92 93 31 77 70 17 100 51 74 83 18 67 74 96 92 84 32 52 21 76 52 84 73 48 47 99 35 73 50 62 40 48 45 80 87 52 56 37 37
12 30 71 18 86 91 54 19 37 93 93 5 11 85 18 38 91 72 48 94 44 82 86 83 33 63 67 97 13 34 34 65 88 14 42 65 36 32 71 68 51 53 20 45 54 87 83 69 38 98 90 15 41 26 51 3 31 87 44 1 66 21 14 58 28 77 22 8 77 45 20 46 11 66 98 61 15 55 35 56
