20 80
42 10 52 19 72 70 20 12 78 29 54 61 45 24 51 23 34 13 57 41 22 58 46 55 8 38 75 79 71 53 1 9 26 6 21 32 15 37 27 5 67 43 68 35 73 2 74 3 30 31 63 60 33 36 65 44 49 56 59 11 62 64 77 48 17 4 66 16 40 50 25 39 0 7 69 14 76 28 18 47
68 72 18 60 67 56 25 63 43 19 39 62 49 6 15 17 37 27 5 35 32 46 73 41 54 34 75 40 12 50 55 53 21 42 51 33 65 13 11 70 23 69 61 77 1 45 7 79 36 26 64 24 52 66 0 10 38 4 9 58 57 59 22 31 71 8 14 28 78 16 29 74 44 30 76 2 3 48 20 47
2 20 22 77 54 28 24 64 38 63 37 57 0 13 51 70 27 33 47 76 10 55 43 53 66 7 25 62 6 59 31 36 26 71 30 5 39 65 1 11 8 45 56 15 68 52 4 34 16 21 35 23 46 44 41 14 73 3 74 40 60 29 50 61 49 78 69 72 12 58 32 79 18 42 9 75 17 48 19 67
20 21 28 18 73 66 42 59 36 46 49 79 41 60 78 67 22 45 35 50 25 77 68 14 6 48 17 58 13 62 55 29 52 44 31 64 76 12 15 71 53 75 38 0 30 56 70 43 27 1 9 2 5 39 19 37 63 57 16 34 74 3 40 23 4 61 11 8 33 54 51 32 7 26 47 24 10 69 72 65
47 20 72 40 6 79 12 36 11 45 60 27 33 16 39 8 1 50 64 4 37 61 59 69 52 26 15 78 48 49 53 25 71 17 68 51 42 35 77 18 31 46 54 14 58 70 63 29 65 10 44 5 9 67 56 32 38 23 76 73 2 57 7 30 3 66 28 22 41 0 55 19 24 43 62 13 75 21 34 74
56 66 0 67 5 33 76 44 17 27 40 7 46 74 48 60 53 59 3 69 73 78 1 41 31 26 22 37 10 47 32 35 6 39 21 11 75 55 20 79 61 64 2 8 68 24 65 36 52 70 49 63 25 72 77 71 13 58 15 51 28 23 16 57 38 54 62 18 29 30 42 9 4 43 34 12 19 45 50 14
17 24 9 2 52 29 25 23 36 16 1 13 15 62 39 64 49 22 7 42 3 0 55 26 30 31 61 37 56 28 4 53 63 68 32 34 38 35 20 44 18 57 59 66 75 58 6 50 33 72 69 10 5 70 74 51 40 67 11 46 54 14 48 27 60 71 73 47 43 77 19 41 21 12 65 76 8 79 78 45
21 13 62 65 4 31 23 17 25 10 79 56 5 51 72 11 49 33 77 71 14 47 36 74 20 45 1 7 50 32 29 53 70 39 54 27 28 6 30 2 8 16 0 68 58 26 38 43 59 78 75 37 48 40 9 61 35 67 19 42 52 24 12 15 22 60 55 34 3 64 69 18 44 66 46 76 63 57 41 73
20 57 8 27 55 50 70 69 18 52 64 49 7 47 23 71 0 58 61 60 34 40 45 2 37 43 12 24 28 26 15 78 39 38 13 44 33 9 19 53 56 16 36 42 46 25 75 30 29 17 65 41 59 66 21 51 54 79 3 74 4 22 63 10 32 14 48 72 68 35 5 73 11 76 67 62 1 6 31 77
74 62 36 5 71 4 21 20 61 11 13 42 39 26 55 56 2 54 44 3 6 45 68 40 76 59 35 49 65 12 34 37 51 16 8 9 17 1 73 22 27 31 52 41 79 15 58 32 72 67 18 14 10 30 7 38 69 57 28 47 64 23 29 43 78 24 19 60 33 75 25 63 46 53 0 48 70 50 77 66
70 40 33 43 28 27 47 49 20 62 73 2 74 48 0 32 10 60 16 36 45 50 63 55 76 19 58 67 25 31 34 6 24 7 51 12 38 42 59 5 41 77 14 3 72 21 69 56 46 4 53 57 75 52 35 44 26 39 17 30 54 13 65 79 23 29 68 15 9 18 11 71 64 37 78 1 8 66 22 61
47 52 49 35 24 58 48 32 14 9 66 67 72 29 22 73 74 0 23 79 76 5 75 44 8 33 61 46 26 21 7 27 34 53 3 36 64 16 38 70 17 37 71 45 43 54 12 62 28 57 78 68 55 11 6 42 1 39 63 30 51 60 19 25 56 10 59 77 15 65 50 31 13 40 18 69 4 41 2 20
33 8 49 73 5 31 53 64 17 61 15 3 35 71 38 19 41 29 40 37 2 65 76 25 67 56 55 14 74 78 54 13 32 26 27 69 50 0 1 28 11 62 57 45 75 7 70 60 10 22 68 16 46 44 77 47 39 63 66 23 52 9 59 20 79 42 34 12 43 4 24 21 30 48 51 36 72 58 18 6
49 74 42 43 54 51 60 69 68 28 6 3 52 19 15 2 29 61 16 44 24 4 55 77 79 23 40 65 76 50 48 39 9 38 58 12 27 0 31 57 71 26 17 8 5 66 7 22 21 37 75 35 10 30 1 67 36 73 11 18 32 41 53 33 47 20 25 78 62 45 46 13 72 59 64 14 63 56 70 34
4 7 46 32 15 31 53 26 23 41 65 77 59 35 55 43 24 74 75 37 18 49 60 48 56 70 78 36 51 19 13 2 66 20 8 30 22 69 64 0 27 54 79 6 73 16 3 9 62 50 52 17 29 34 25 57 58 76 38 72 47 45 33 61 63 39 10 40 11 68 28 44 5 67 21 1 42 12 71 14
76 29 3 36 8 4 62 43 15 10 48 19 42 63 78 31 32 16 0 47 9 55 74 12 26 37 64 56 28 7 68 27 65 17 23 35 44 6 46 75 79 5 14 61 58 22 49 11 1 57 40 77 53 25 18 2 33 67 69 50 71 45 13 38 73 70 24 21 72 60 20 51 59 66 52 34 41 39 54 30
22 4 7 68 44 79 32 40 0 60 5 25 74 9 17 54 75 29 73 62 51 8 46 50 24 36 2 30 66 33 14 20 19 28 16 6 18 77 48 67 49 57 58 21 39 53 41 64 43 27 3 10 78 76 45 71 72 52 47 1 34 38 31 15 12 55 26 37 42 61 56 59 23 69 13 11 35 70 65 63
42 35 29 3 61 17 16 41 58 51 24 66 56 73 67 18 75 72 12 37 30 68 40 11 74 6 53 39 0 63 46 28 8 7 34 52 23 25 31 62 69 4 47 14 76 49 2 59 26 77 55 33 57 45 44 50 43 48 71 13 64 19 9 60 70 32 54 10 20 22 78 36 79 21 65 1 5 15 27 38
54 41 2 57 8 75 73 31 69 34 28 49 11 43 66 45 52 6 26 27 59 42 33 3 61 5 35 36 60 71 24 14 23 63 78 15 51 55 38 22 79 30 68 67 65 16 48 77 1 9 40 62 44 74 47 56 37 0 53 21 50 7 72 12 17 10 32 76 25 46 13 64 29 18 4 39 19 58 20 70
29 22 70 64 3 26 74 32 53 2 33 38 20 61 37 24 27 55 71 41 46 78 58 21 77 14 59 31 12 25 42 10 54 57 62 47 75 40 11 49 16 73 17 50 68 63 44 51 23 36 60 7 43 6 30 1 34 69 72 5 8 0 65 79 15 45 39 9 4 56 13 19 67 48 18 52 28 76 35 66
45 93 86 99 82 42 29 49 47 77 74 86 49 14 81 66 87 85 100 19 42 75 14 3 15 29 88 88 68 98 8 24 98 95 61 5 65 40 88 46 71 63 100 2 65 33 51 54 86 42 31 7 6 58 69 61 57 28 40 20 99 50 24 71 18 37 80 20 37 8 65 50 10 75 46 78 70 67 46 59
24 19 3 65 87 89 90 1 9 37 87 72 49 41 94 68 45 55 42 15 83 92 60 41 61 41 45 8 11 27 96 32 88 6 17 18 100 32 62 93 8 44 88 82 20 52 12 79 34 65 36 95 8 30 20 57 56 12 9 1 68 73 51 34 36 78 83 2 19 56 4 80 43 34 42 3 66 21 39 49
98 49 38 48 60 37 46 50 49 96 52 19 74 28 37 57 38 35 74 9 52 58 42 84 91 11 6 79 21 38 19 35 37 22 60 32 17 81 59 38 79 51 61 36 88 53 25 10 18 16 17 48 9 27 82 18 82 26 47 32 40 1 7 38 37 14 3 63 83 28 85 82 87 2 31 6 44 4 42 51
77 5 59 9 55 51 85 45 36 88 71 66 95 8 88 71 32 82 49 96 38 77 17 61 29 14 100 85 16 28 35 19 28 33 7 20 87 37 24 31 52 27 49 64 29 54 4 16 72 22 67 32 25 23 33 50 24 22 2 55 77 39 79 16 52 23 66 60 88 3 29 89 88 80 4 21 18 28 68 31
78 17 3 23 39 42 58 91 55 92 8 22 3 39 28 15 82 95 27 4 64 52 28 35 54 68 86 89 21 84 38 16 46 31 75 62 56 17 27 66 37 85 21 80 90 84 24 9 57 47 96 5 97 72 37 88 82 37 100 4 66 87 92 45 83 82 9 90 54 6 41 47 5 91 62 9 96 66 80 5
36 90 49 55 79 52 49 41 71 7 74 66 66 81 62 63 85 80 74 47 66 26 49 64 71 85 83 85 35 50 87 23 85 24 97 78 37 6 94 54 3 40 52 49 63 69 61 26 93 81 61 45 82 66 35 95 40 19 100 37 91 72 36 93 1 39 53 24 15 45 30 3 36 20 36 27 94 74 81 62
6 83 41 38 57 82 98 22 65 27 26 94 34 69 88 25 15 43 3 61 92 38 79 49 78 43 56 68 5 19 51 42 32 57 41 81 46 99 16 15 99 1 72 68 7 19 29 98 26 40 66 45 38 64 15 81 67 19 8 64 9 14 54 61 21 1 72 29 59 66 78 11 56 72 62 32 55 40 99 32
82 20 81 93 28 46 18 45 93 49 27 81 21 26 53 18 60 57 74 13 85 23 23 26 47 38 11 11 93 46 32 24 96 94 5 73 80 76 17 1 57 40 85 100 1 60 59 59 20 44 9 74 38 63 9 3 53 73 17 55 39 10 44 56 49 72 68 73 65 54 26 93 1 42 61 42 63 95 77 78
28 66 4 63 90 47 62 64 64 61 47 2 69 7 14 99 6 84 23 26 79 16 55 13 57 90 70 77 33 93 77 49 53 26 100 95 96 68 41 28 33 94 24 99 93 73 56 100 53 53 91 47 10 54 49 21 19 12 11 58 33 10 42 95 1 55 71 96 38 3 90 33 78 51 75 82 98 97 46 50
74 29 56 46 28 39 16 84 42 14 56 97 36 93 84 50 19 24 71 74 24 25 88 26 20 39 19 12 18 63 27 69 20 87 45 30 93 15 2 67 65 91 40 32 13 21 71 89 49 14 8 86 15 15 24 81 21 84 44 8 53 23 95 9 82 55 39 8 45 34 82 93 12 22 88 66 21 55 52 64
66 1 67 52 50 23 25 27 1 59 21 71 3 21 13 94 50 64 13 79 82 24 39 52 9 79 72 72 94 8 84 85 83 84 58 16 65 78 42 82 42 52 34 12 14 63 15 85 99 57 85 95 38 42 35 52 68 95 22 16 60 74 50 91 17 42 27 83 15 62 89 88 8 83 1 15 8 44 12 86
51 38 21 54 97 23 78 95 19 81 17 35 59 75 65 6 1 35 52 19 80 53 59 15 73 52 33 43 59 11 36 12 22 52 10 79 57 33 27 47 32 97 61 82 4 94 60 37 51 22 14 94 3 96 26 5 86 96 16 21 56 44 60 98 69 50 8 96 55 50 93 59 43 97 17 31 70 21 6 50
100 65 61 31 29 76 89 4 100 53 53 22 43 94 80 85 47 77 35 46 83 19 89 53 87 20 21 85 52 66 44 100 32 59 89 51 43 73 28 30 99 62 39 10 68 60 21 16 39 75 86 66 88 30 92 44 97 64 4 66 92 53 1 2 49 33 37 20 7 47 90 93 92 45 7 94 48 3 14 21
70 92 23 63 99 7 20 84 75 8 71 20 19 26 14 71 37 78 22 15 31 10 90 66 59 72 3 47 14 46 31 100 88 70 44 63 93 7 85 85 50 91 59 81 23 3 72 80 74 21 37 77 67 39 25 56 90 83 6 2 100 30 8 38 73 14 80 12 97 99 21 23 63 14 25 55 85 75 26 60
64 68 88 98 78 38 51 85 94 57 42 66 82 34 24 52 78 59 91 93 56 37 36 15 49 40 62 4 90 2 43 91 55 71 23 47 57 85 56 15 51 82 30 55 48 19 3 74 44 72 41 8 16 12 51 24 45 35 3 80 62 69 99 24 1 34 11 69 22 8 25 17 65 91 41 40 97 97 94 7
35 41 37 72 88 97 21 10 71 12 68 17 93 99 42 69 100 60 60 19 79 85 99 36 34 51 26 19 70 65 84 61 19 45 14 15 63 35 86 2 59 40 3 46 24 13 43 81 54 28 53 5 96 13 43 53 27 68 5 59 61 75 4 61 9 1 27 23 7 25 48 85 67 84 21 27 78 32 55 80
16 20 59 51 5 100 47 42 50 60 22 81 93 16 80 96 23 70 83 2 49 58 87 71 1 31 55 34 74 75 67 79 55 23 88 9 61 5 58 31 15 45 18 62 67 1 18 37 58 79 88 93 6 59 9 78 3 6 95 92 24 40 25 97 46 98 68 27 5 27 32 31 52 89 15 43 19 78 90 27
83 54 30 95 23 99 22 70 50 19 90 90 52 99 89 31 31 47 91 76 14 100 81 88 12 74 63 29 99 24 46 63 15 86 21 55 83 70 91 83 62 29 22 50 96 56 52 1 18 82 41 91 78 42 51 66 27 7 38 70 2 89 68 47 88 59 9 73 11 62 28 16 67 89 72 73 99 99 79 90
63 47 84 11 67 17 89 35 28 58 13 66 27 42 91 23 93 83 11 9 99 23 5 10 11 26 25 44 48 27 31 66 74 75 99 37 75 10 76 25 27 5 94 21 71 88 98 98 69 10 76 67 53 82 74 88 59 60 35 85 49 82 79 85 88 68 4 64 34 82 22 2 60 73 37 89 53 40 81 43
73 93 17 71 42 70 1 26 8 38 25 27 93 86 40 69 64 9 15 15 93 44 54 19 49 99 94 85 35 34 38 3 30 22 88 38 99 88 65 54 86 4 98 27 66 15 78 17 53 29 2 87 100 2 35 66 93 82 56 55 17 94 16 59 44 75 92 6 15 18 33 24 49 44 49 4 94 69 88 37
