20 80
7 48 38 79 17 63 22 2 25 13 18 10 65 37 71 62 6 75 27 24 73 36 1 28 4 59 49 34 77 61 55 29 54 58 20 15 11 32 50 5 47 64 43 60 45 52 70 30 23 56 69 53 51 8 57 16 35 19 44 3 76 39 12 74 42 9 33 26 46 68 78 72 41 21 14 66 40 67 0 31
38 60 75 47 70 18 14 61 33 21 22 57 43 52 2 72 63 50 9 1 42 25 4 23 29 35 56 53 51 46 12 77 74 69 24 41 20 67 48 59 27 76 6 40 15 39 79 68 3 44 73 65 32 58 55 5 36 66 0 49 31 8 34 13 30 7 71 54 26 45 62 19 17 37 11 28 16 10 64 78
21 1 25 17 62 40 50 28 61 38 70 44 72 57 35 27 20 67 30 37 66 16 64 13 29 75 43 19 2 71 77 51 78 31 12 39 36 6 26 34 11 58 55 0 48 60 73 15 63 52 41 3 45 65 46 18 76 69 24 53 74 7 49 14 23 56 32 4 9 47 59 68 8 5 22 42 79 10 54 33
58 52 70 49 54 75 64 73 53 23 50 38 41 12 40 77 16 6 69 1 27 74 78 5 3 9 28 56 25 4 51 24 46 11 60 66 20 22 7 44 55 17 68 67 72 79 65 47 19 10 35 18 21 59 43 61 63 0 71 57 29 62 48 14 2 8 39 13 45 37 76 15 26 42 34 36 32 33 30 31
20 36 22 1 60 72 41 62 0 48 28 23 68 38 39 5 65 7 37 9 54 75 79 42 10 66 47 29 46 13 34 26 57 49 2 4 25 12 19 21 17 77 69 24 15 71 50 59 78 43 35 74 14 73 27 45 16 32 52 63 64 67 40 58 55 18 56 76 61 3 8 44 33 70 31 30 53 11 6 51
42 48 47 14 39 67 6 34 51 2 50 56 20 10 64 52 25 36 71 43 46 37 27 35 77 29 69 4 33 38 57 65 18 1 15 73 61 21 17 55 24 76 45 49 7 75 40 41 12 22 0 28 9 23 70 79 72 3 26 62 54 68 74 13 32 11 8 16 19 31 53 59 30 60 63 5 44 78 58 66
38 31 19 49 8 34 16 57 56 35 20 77 33 11 24 23 50 75 42 25 74 66 45 37 7 1 2 71 73 51 6 76 64 9 10 65 32 21 13 28 48 18 79 69 17 39 3 70 61 15 14 29 0 27 60 40 54 55 58 68 44 52 22 12 53 62 63 46 30 4 47 67 41 72 5 43 36 78 59 26
3 61 24 57 17 65 30 28 38 76 53 20 34 77 27 41 16 6 21 50 58 35 47 74 66 69 49 43 55 75 25 33 73 9 36 67 4 2 18 19 78 59 68 51 10 1 0 62 56 12 7 72 79 26 11 15 71 31 54 29 14 5 22 37 44 46 63 42 70 40 64 48 23 60 8 45 39 52 32 13
38 32 37 4 14 61 46 12 43 53 47 30 77 59 3 41 69 22 44 16 48 1 28 62 13 15 34 25 55 76 63 42 31 57 51 8 45 54 39 49 2 66 20 73 27 68 9 70 64 56 19 50 65 11 21 79 75 6 5 33 24 0 17 40 71 23 10 26 78 7 67 60 29 18 35 72 36 74 58 52
7 50 74 42 5 21 75 58 25 28 41 33 48 1 16 32 49 12 18 44 23 36 19 8 27 53 0 37 39 47 6 60 38 22 52 4 71 20 78 61 67 35 26 73 68 51 56 64 70 46 24 59 9 30 3 65 34 17 13 69 2 66 10 40 45 29 43 57 62 14 72 63 76 31 54 11 55 79 77 15
75 17 48 50 66 16 32 34 5 35 69 56 41 62 76 64 26 36 24 57 38 39 40 73 14 72 43 54 13 27 60 63 44 19 29 6 78 37 30 21 61 12 25 42 49 51 70 53 2 10 65 7 8 68 9 52 71 67 45 1 74 4 58 31 23 0 20 11 22 18 77 47 59 28 46 3 55 15 33 79
48 33 13 63 55 51 39 1 74 25 32 30 50 17 77 45 7 75 52 57 43 11 37 24 70 10 15 35 71 36 16 27 20 62 12 46 44 69 73 23 29 3 8 56 47 26 22 59 79 64 19 31 72 53 5 21 67 54 68 65 28 18 58 4 60 9 6 41 61 40 34 38 66 76 42 14 78 49 2 0
19 3 58 24 60 51 79 8 54 75 50 64 35 65 69 53 46 41 5 71 0 62 25 42 16 6 63 57 32 49 40 73 59 26 31 34 74 30 1 9 17 27 21 7 33 43 47 18 45 76 37 70 55 29 14 61 39 68 66 13 11 36 12 23 77 44 52 22 15 28 20 78 10 67 56 4 48 2 38 72
41 11 39 8 15 68 16 57 47 20 58 46 59 67 29 34 33 26 43 62 24 79 6 55 22 40 12 5 13 60 69 73 36 38 10 56 61 28 21 37 44 30 65 14 23 63 49 32 75 25 71 0 78 48 70 18 64 7 35 66 9 53 74 76 50 4 72 17 2 42 31 27 54 51 77 3 19 52 45 1
64 10 15 16 51 19 21 42 9 71 18 75 11 41 73 70 39 46 66 32 67 79 37 62 22 33 43 53 55 7 13 57 36 61 17 35 40 12 26 34 69 6 65 68 3 60 30 4 20 23 27 74 56 77 44 45 25 54 49 29 78 24 52 1 50 0 59 28 63 72 2 48 14 31 5 58 8 38 47 76
32 68 35 15 49 16 13 29 65 5 37 20 62 11 26 3 7 0 21 25 33 17 18 38 63 51 75 54 61 23 41 66 55 50 28 2 31 42 78 48 58 79 64 73 14 44 19 69 10 9 46 4 12 53 1 36 47 72 71 22 6 34 40 59 76 52 67 70 39 74 45 77 43 56 60 24 27 57 8 30
66 61 68 53 36 27 55 74 78 79 10 51 21 58 46 23 11 16 26 47 25 3 30 67 2 64 14 1 62 73 75 49 77 50 63 35 45 33 29 34 18 41 56 17 32 5 13 52 31 59 24 38 60 0 70 39 22 48 57 28 43 9 37 12 54 40 69 72 76 20 65 19 71 4 7 42 8 44 6 15
76 38 6 59 12 0 55 47 30 68 49 39 2 44 33 19 10 29 18 14 41 69 20 37 66 5 28 61 63 58 45 23 79 77 13 4 78 74 34 54 16 40 17 46 26 3 53 51 73 43 32 56 27 7 42 52 11 25 57 8 22 48 72 60 35 65 71 36 70 75 15 67 64 62 1 50 24 9 31 21
60 9 68 28 16 30 38 69 1 63 2 65 13 62 18 55 52 27 17 53 76 58 42 79 29 67 43 46 10 14 75 26 48 64 7 44 77 12 34 6 47 0 5 11 19 37 54 41 57 45 15 25 21 56 23 36 31 74 51 3 22 59 66 20 49 61 39 32 33 70 40 24 72 35 71 8 50 4 73 78
65 42 3 27 13 39 16 15 77 67 28 68 50 32 52 73 8 18 70 20 43 11 46 64 38 5 24 57 69 51 17 40 75 78 35 79 56 21 9 76 34 0 66 47 33 19 23 2 58 22 62 14 59 54 36 48 25 6 41 49 26 53 55 29 60 30 4 10 72 44 74 7 31 61 37 1 63 71 12 45
43 77 99 34 13 45 1 77 27 11 89 93 81 83 83 1 8 37 16 2 48 60 48 88 23 100 44 90 34 38 47 4 80 97 58 86 87 49 5 45 27 84 26 78 56 14 75 98 78 25 34 42 92 7 44 81 89 80 79 9 36 46 76 91 59 21 49 10 33 96 58 73 3 68 26 84 84 11 91 30
68 89 94 69 35 29 97 55 15 17 65 52 61 94 53 6 84 38 67 94 22 41 39 62 35 84 57 35 2 93 35 65 12 60 51 92 33 67 16 56 34 62 25 97 73 16 100 76 92 37 26 27 7 46 94 13 70 29 27 77 53 92 94 33 44 42 57 29 83 1 92 10 56 3 88 80 60 59 20 42
98 42 65 76 27 13 81 81 42 99 13 37 61 27 37 60 83 97 37 54 76 10 8 73 82 73 83 16 83 57 22 11 45 81 83 51 25 81 91 82 50 96 74 85 30 25 34 9 58 36 33 88 47 34 30 30 48 23 90 61 18 88 57 1 70 17 29 34 92 71 32 87 8 72 81 22 76 86 59 70
98 46 13 39 20 96 36 34 85 73 63 87 94 37 41 85 18 73 39 93 21 43 77 77 58 54 51 14 80 90 74 20 91 29 19 40 91 23 64 50 62 86 95 60 57 30 94 7 84 4 54 37 63 31 23 92 26 99 42 5 51 9 93 20 98 74 3 71 56 29 92 75 50 54 92 87 8 9 89 88
76 79 73 51 11 44 15 7 9 38 54 29 61 24 74 60 22 85 87 50 25 5 91 46 50 3 47 100 95 49 94 88 85 75 67 18 21 27 36 13 62 41 9 91 54 58 3 65 43 89 97 27 97 80 63 70 22 29 82 40 70 11 52 8 96 50 84 37 49 56 100 82 70 43 19 69 41 54 64 82
17 73 46 18 56 50 88 38 42 92 21 11 65 42 24 93 23 76 17 22 92 38 96 16 16 20 9 45 14 22 93 21 44 94 100 36 80 32 87 30 67 86 27 33 62 14 31 85 92 43 23 48 20 19 5 74 79 16 56 57 34 55 35 75 79 30 60 19 9 50 16 16 37 36 26 31 22 17 7 85
99 86 62 53 57 45 22 76 84 100 51 17 79 18 75 88 48 61 96 73 75 50 98 35 81 44 49 40 47 79 64 19 9 69 46 22 33 91 97 5 12 72 36 63 40 25 71 31 30 88 76 52 86 45 95 60 63 46 26 58 7 14 35 96 22 30 28 74 76 19 9 95 26 20 44 40 79 17 17 4
90 29 5 68 13 48 93 27 89 42 94 52 59 67 1 96 18 41 40 62 69 65 47 49 32 70 23 72 26 3 38 88 36 54 10 43 99 42 67 94 73 98 51 72 6 5 76 87 15 37 35 35 87 26 60 67 48 15 44 31 29 50 65 39 30 64 54 8 79 79 84 40 62 29 30 9 73 67 56 18
7 32 40 59 14 68 56 8 2 79 67 42 55 73 42 69 35 37 64 88 4 62 88 28 14 70 29 2 33 35 77 24 32 19 34 98 50 38 19 36 57 49 36 74 77 42 30 52 89 31 29 54 6 46 22 27 8 19 71 51 42 49 91 64 67 38 91 19 58 72 58 34 99 48 84 37 51 39 72 57
47 8 71 97 3 71 67 79 42 82 78 56 16 95 41 3 49 42 18 95 49 44 61 47 12 45 67 24 51 5 68 94 46 67 67 72 43 26 34 97 21 88 42 81 88 44 100 4 31 72 20 18 50 31 3 69 78 61 22 62 43 15 100 92 40 34 98 56 27 39 83 2 5 56 4 10 48 66 50 63
38 94 65 37 14 9 72 75 84 27 83 20 37 91 5 92 67 57 81 39 81 39 7 86 68 49 39 62 100 34 33 27 91 40 4 18 99 27 10 24 58 61 54 71 55 75 93 7 25 57 96 29 43 85 70 23 19 25 3 30 43 9 10 38 49 72 44 58 24 50 37 13 8 62 81 6 12 55 25 97
16 48 14 12 86 98 10 6 52 68 76 95 84 48 50 98 27 15 50 14 59 44 43 4 46 21 79 77 38 42 20 56 39 40 53 12 36 82 6 65 7 54 22 69 5 21 98 5 13 88 56 33 68 34 80 24 17 7 54 57 26 90 33 86 73 57 36 73 43 86 58 48 91 11 46 4 30 69 36 58
43 43 93 97 24 50 92 63 39 34 25 24 83 23 45 27 31 94 45 41 99 83 26 42 19 51 29 4 23 28 82 6 3 58 48 100 27 16 100 43 75 1 71 37 36 3 39 78 57 51 90 34 23 90 12 9 62 18 98 75 51 90 7 97 95 72 3 86 40 83 64 57 23 98 93 28 13 60 44 8
8 25 89 63 97 34 83 85 46 12 54 67 46 76 6 13 96 17 67 37 1 57 71 89 78 88 38 65 77 22 81 85 1 66 20 88 18 23 95 77 77 93 23 69 14 16 89 35 73 90 32 8 43 69 88 35 74 72 85 29 45 29 16 92 67 93 4 50 95 66 93 55 20 30 5 59 50 14 14 71
91 66 50 81 95 97 34 62 12 21 18 68 21 3 73 56 8 29 94 59 78 62 32 50 26 46 81 65 96 38 19 13 29 84 42 43 63 65 93 16 44 100 82 91 56 64 43 46 25 82 60 80 34 70 28 91 45 65 74 17 42 38 38 81 11 24 23 79 92 16 29 36 98 49 44 78 44 77 11 87
99 27 71 79 89 1 59 87 15 92 59 9 42 10 50 95 85 50 61 97 90 56 96 60 13 17 97 49 92 73 100 90 93 92 74 96 36 95 1 61 40 25 43 80 76 15 15 40 87 1 1 91 97 93 14 35 35 89 100 22 48 56 22 79 12 50 13 30 6 79 28 85 98 16 1 71 100 31 21 31
51 7 97 6 39 60 90 55 13 76 25 50 44 29 60 12 70 5 9 44 77 64 42 5 9 68 49 60 96 29 95 70 75 33 40 47 98 61 62 22 94 2 82 95 62 8 37 90 73 30 83 56 67 21 38 68 46 57 77 43 82 18 23 8 92 25 73 29 28 44 75 61 11 64 19 80 83 31 79 49
92 24 1 3 79 64 17 95 10 97 98 60 94 21 58 49 75 82 59 69 86 68 25 52 35 70 48 10 46 78 83 14 95 73 67 20 95 66 5 87 54 69 15 28 70 61 25 50 84 7 74 92 69 79 13 25 54 41 44 14 33 75 20 20 52 3 1 85 24 65 93 84 6 7 85 37 84 84 14 5
99 20 19 78 98 50 92 29 26 63 70 78 41 11 96 5 12 60 9 67 74 40 52 47 38 47 22 11 12 96 65 24 35 30 74 71 76 12 93 91 14 1 68 63 77 54 100 90 88 7 78 16 74 63 4 35 79 10 66 84 40 12 11 73 50 7 56 23 37 58 44 49 85 67 4 10 20 49 24 73
83 15 52 51 66 77 10 92 49 70 31 9 40 81 94 99 24 35 99 100 94 72 19 92 93 25 36 26 89 62 38 100 63 30 20 11 75 22 15 11 58 8 10 64 83 91 54 37 91 40 78 90 66 99 68 69 57 2 80 40 30 67 61 98 13 49 95 80 82 57 59 88 45 26 98 62 37 34 14 99
