20 80
67 0 21 10 16 59 69 28 49 9 30 33 17 3 32 78 45 65 36 55 2 70 35 68 76 22 43 77 72 79 29 63 4 5 47 56 38 40 39 19 75 15 8 58 66 37 1 57 12 31 44 62 53 20 48 6 41 51 74 11 71 42 13 27 52 61 7 23 24 34 64 60 14 26 46 25 18 50 54 73
76 19 29 66 18 6 69 3 11 49 62 23 50 21 60 57 46 56 67 72 47 78 52 30 8 39 54 59 34 38 9 70 27 4 45 73 36 51 55 37 41 44 77 53 71 26 40 33 79 61 68 7 0 5 64 12 14 15 24 43 42 32 17 25 13 74 1 20 31 75 16 22 48 10 35 58 2 65 28 63
43 77 68 18 34 50 5 60 65 61 73 24 58 55 56 66 35 26 69 71 0 3 23 1 27 78 28 37 63 32 46 41 22 20 49 79 19 45 42 57 6 76 33 21 75 64 16 25 10 9 53 59 8 7 51 4 30 54 17 31 11 67 12 47 38 29 70 15 40 72 2 74 36 62 44 13 48 14 52 39
52 54 56 37 43 68 73 38 13 10 23 33 51 46 61 55 29 28 66 49 67 2 58 65 62 74 39 11 79 63 47 71 18 21 25 0 41 24 26 27 9 53 50 76 36 22 35 40 72 8 75 7 12 60 59 6 34 77 31 4 70 30 15 78 19 48 17 32 44 45 1 57 5 16 3 20 69 42 64 14
56 73 23 25 76 59 41 28 49 60 69 51 20 46 13 70 33 35 62 26 75 72 58 47 53 5 42 6 11 77 30 10 52 78 4 54 14 32 29 44 37 68 48 12 55 3 9 8 79 17 45 36 50 21 2 7 0 18 34 15 64 16 43 65 22 38 66 31 19 24 63 71 27 74 61 40 39 1 57 67
26 15 17 14 42 8 37 7 40 69 34 62 75 68 35 70 79 12 1 30 78 47 77 50 22 38 36 49 5 46 58 61 11 64 27 76 52 0 23 41 6 20 32 33 57 19 44 54 43 60 71 66 18 9 55 31 2 53 21 65 45 63 28 4 67 3 13 48 29 10 72 51 56 25 16 59 74 39 24 73
71 65 4 70 40 17 49 31 9 36 33 25 68 3 10 21 64 75 18 39 50 48 59 2 23 7 62 27 35 67 14 74 72 44 38 79 5 54 26 53 13 73 60 51 61 69 29 66 78 28 19 77 30 76 47 16 37 46 22 1 55 24 58 0 20 15 57 56 52 41 32 43 11 63 34 8 6 12 45 42
57 39 23 10 59 52 49 79 35 53 28 31 16 5 71 56 40 29 75 2 74 32 33 13 64 20 27 58 55 67 7 60 1 66 8 17 12 26 19 47 24 54 0 73 63 44 25 34 18 68 30 36 62 38 45 22 37 3 4 69 78 6 21 61 42 46 48 43 72 41 70 11 9 50 51 65 76 14 15 77
17 63 27 25 40 34 5 72 24 2 66 1 44 59 53 26 69 49 67 10 21 9 3 46 6 23 43 75 52 76 22 73 33 50 56 57 45 78 31 42 15 36 19 41 61 47 39 48 62 77 58 13 70 30 71 28 64 8 65 60 55 32 68 37 79 54 11 35 20 7 14 51 74 18 0 16 12 29 38 4
17 58 29 78 57 3 53 24 73 48 13 65 23 69 51 37 75 27 4 64 18 43 66 9 8 15 68 39 25 30 74 0 61 32 46 2 54 31 76 72 35 55 20 21 11 42 60 59 28 33 71 6 19 10 5 26 70 52 47 44 56 7 49 34 50 1 12 36 41 40 22 77 67 14 38 45 63 16 79 62
53 18 29 20 79 16 32 5 24 4 55 25 10 73 38 34 33 48 9 69 28 31 63 46 19 40 12 44 72 43 8 71 6 56 3 11 13 22 50 36 67 41 78 76 26 54 65 52 58 75 68 35 70 30 49 47 37 59 61 27 66 45 62 57 60 74 15 14 2 17 51 39 23 21 42 64 77 0 7 1
54 14 59 9 19 31 67 56 41 12 32 66 23 63 64 0 65 26 21 73 78 27 70 44 50 75 15 46 29 49 28 5 8 74 79 43 39 37 22 62 71 60 35 6 17 76 11 2 72 51 13 45 77 68 61 55 53 40 3 1 42 4 20 69 25 48 57 16 58 10 38 30 7 34 33 52 36 24 47 18
27 76 74 7 43 1 78 33 53 47 49 26 11 42 67 46 69 66 32 13 37 35 72 45 61 25 56 63 9 40 65 12 21 3 10 70 60 16 79 75 29 73 17 41 19 20 57 15 36 39 0 34 62 2 58 44 68 38 8 6 50 22 30 55 59 24 54 23 31 18 4 71 64 14 51 5 28 52 48 77
64 18 72 43 20 1 4 15 73 36 22 33 46 11 51 30 48 24 35 28 74 63 8 55 57 70 29 56 38 6 47 39 10 32 3 14 65 13 50 49 9 67 69 37 40 25 44 68 79 52 0 54 66 59 27 5 71 78 26 31 42 17 76 2 34 12 75 77 7 62 53 21 19 61 16 58 45 23 41 60
59 10 7 20 5 46 8 67 58 73 6 44 79 60 70 37 9 76 61 64 36 29 22 23 66 11 13 74 34 69 54 33 15 72 41 71 56 27 18 28 78 68 19 32 57 1 43 63 26 77 3 38 62 52 45 40 31 25 21 14 16 48 24 4 55 50 30 39 35 42 75 17 53 0 65 51 12 47 49 2
51 77 58 13 72 0 64 37 20 56 48 28 8 38 14 67 73 11 63 24 74 39 32 68 1 18 60 47 34 10 79 25 16 45 15 29 76 23 66 35 75 41 31 4 33 52 44 69 19 55 49 36 65 57 9 59 40 71 27 50 3 62 43 54 61 5 6 78 42 21 7 46 2 17 12 22 70 30 53 26
68 6 53 51 69 46 38 17 60 62 48 78 7 2 54 20 22 49 35 70 64 1 30 5 29 23 58 24 33 26 41 14 45 47 75 16 15 32 19 59 50 36 67 73 77 10 25 76 9 56 74 55 37 34 57 61 40 79 71 44 27 43 31 0 39 65 8 12 52 18 4 72 28 21 11 3 63 13 42 66
45 35 16 62 8 71 33 39 6 67 44 21 60 58 40 13 68 12 72 64 65 1 9 30 31 4 20 18 15 73 3 5 69 37 55 50 26 63 34 36 27 78 14 42 0 74 24 51 38 11 61 47 52 57 66 59 7 10 43 32 56 75 19 70 28 25 23 79 76 2 49 48 53 17 22 29 77 41 46 54
79 19 10 58 70 17 43 54 73 65 22 29 46 57 26 55 9 44 50 62 48 2 74 34 33 24 28 41 64 72 12 49 25 16 15 5 21 1 23 32 18 40 27 45 75 66 56 0 3 6 11 67 13 51 20 8 59 77 35 31 68 61 7 53 60 30 47 14 4 38 78 37 39 36 76 63 52 42 69 71
5 60 52 49 41 45 47 51 31 9 75 4 27 12 28 33 26 40 74 15 53 30 43 69 77 42 3 20 56 38 18 35 66 6 1 76 65 37 44 39 10 73 68 24 29 25 0 57 78 8 19 21 34 62 48 16 79 67 64 54 11 22 2 14 61 63 32 72 55 50 7 13 58 23 70 71 46 17 59 36
20 70 75 4 9 6 26 85 80 80 87 33 59 28 87 37 8 49 17 54 5 33 10 12 48 87 76 2 80 18 64 55 89 61 67 43 13 39 38 83 16 44 20 91 29 74 3 23 10 47 43 32 90 86 32 97 83 69 58 84 50 4 95 25 16 20 96 70 12 84 59 36 8 43 14 45 81 55 28 50
17 9 98 8 28 97 18 13 80 77 46 58 88 7 5 16 99 29 83 18 84 86 11 22 33 69 71 5 7 4 29 81 13 23 67 63 48 85 100 68 72 82 95 25 77 5 34 28 59 51 56 9 16 86 6 87 89 12 68 27 3 50 72 46 100 60 22 83 62 3 24 47 92 62 52 9 46 6 60 28
97 53 51 57 72 12 38 57 68 78 12 92 7 1 32 95 22 35 23 92 46 76 35 86 69 66 12 65 96 17 98 81 30 84 10 87 59 45 52 93 97 5 3 56 88 60 35 2 91 19 95 40 99 26 96 82 98 42 15 19 29 97 82 55 93 86 94 35 91 49 89 70 27 69 71 43 80 24 38 39
71 27 41 29 64 13 85 86 53 96 32 42 19 4 81 1 37 24 76 98 66 85 63 51 98 57 69 68 42 84 44 27 77 78 38 67 59 29 34 64 35 30 51 23 7 21 83 30 83 42 17 46 95 80 46 26 2 58 46 88 32 35 59 93 10 46 6 81 16 71 64 62 77 24 44 76 96 84 41 84
79 71 13 72 25 72 29 81 48 42 19 47 79 52 63 28 98 46 25 3 30 87 3 4 82 43 44 76 34 49 40 33 79 49 60 62 37 67 28 7 10 66 19 16 8 4 67 50 74 63 31 43 46 76 29 23 29 61 37 65 9 76 30 60 94 70 7 78 5 19 24 100 48 18 59 96 56 56 65 57
74 28 52 64 24 43 71 17 4 41 62 81 13 47 12 47 62 10 43 66 13 80 41 24 4 33 56 84 11 10 26 98 80 1 74 42 71 6 46 25 28 86 43 18 90 74 6 52 4 69 57 95 62 28 10 38 17 36 60 80 64 32 91 67 85 74 85 61 31 19 28 73 85 1 54 46 22 82 39 32
90 2 98 10 19 38 55 56 59 77 62 55 32 55 88 24 61 25 11 37 69 81 90 94 97 85 17 84 65 4 44 60 18 35 41 32 44 2 89 55 61 40 9 30 39 65 31 47 94 76 94 20 7 88 52 62 40 96 52 55 66 96 57 67 34 45 96 18 89 42 1 28 3 10 99 38 43 43 33 81
16 12 25 94 33 44 10 74 47 49 59 33 13 77 29 57 86 32 22 48 68 20 56 55 41 25 83 92 15 12 58 85 7 41 27 45 91 70 54 10 54 24 41 42 49 90 66 29 9 77 41 89 73 42 52 50 18 100 86 12 16 94 3 72 36 58 13 94 8 91 45 19 75 17 13 71 91 33 52 24
35 78 55 5 89 75 48 51 83 67 44 54 88 39 12 35 65 88 65 51 4 78 53 47 82 85 91 52 53 1 37 45 15 94 65 59 47 97 32 46 33 77 24 40 11 38 24 19 61 42 46 100 21 24 91 85 70 74 71 40 22 60 7 67 42 22 72 78 81 91 60 60 38 98 53 42 4 40 67 65
7 20 40 13 23 68 17 66 13 94 53 91 56 80 82 100 12 51 99 49 61 31 41 81 31 50 2 43 18 86 11 17 64 59 41 14 46 56 28 5 29 30 93 9 35 82 59 44 48 90 50 98 86 36 29 53 83 23 43 2 56 27 16 100 9 78 61 51 43 47 20 23 2 97 80 59 46 85 65 2
1 65 15 68 69 77 15 93 83 11 60 23 39 94 48 76 95 82 86 87 79 2 98 63 7 100 34 93 11 37 83 35 60 34 19 54 97 88 1 53 66 40 94 25 10 42 82 71 14 26 65 40 27 30 76 60 49 3 10 93 17 80 70 25 100 98 16 95 47 13 17 3 15 66 43 88 56 41 70 96
75 81 82 48 48 24 29 86 37 41 17 77 87 44 84 46 13 98 79 24 19 74 68 69 63 60 50 14 84 12 30 55 19 9 19 7 84 33 56 12 16 51 39 53 88 76 68 52 27 11 1 19 89 74 46 62 93 26 84 26 88 31 1 60 41 29 47 71 19 59 12 87 69 20 74 27 69 99 79 55
12 62 86 86 100 93 57 48 23 68 16 91 20 15 37 97 15 37 88 12 60 5 38 23 35 6 24 32 35 19 40 33 80 47 31 61 3 52 28 28 19 35 16 22 77 96 84 61 23 63 2 99 20 69 17 5 68 4 55 62 78 7 5 99 46 61 87 92 59 41 32 70 99 52 14 22 51 8 72 37
87 70 5 18 62 88 57 61 19 16 57 88 86 46 99 25 6 98 2 34 33 78 75 54 40 32 39 100 7 9 37 57 57 32 79 13 49 38 42 82 7 70 96 44 41 78 71 56 88 75 54 59 38 65 54 6 68 58 94 47 58 24 22 27 40 16 54 16 16 31 31 11 3 84 2 7 96 22 19 12
13 91 7 1 77 60 4 3 43 48 1 82 46 77 97 25 78 98 50 63 78 35 65 58 26 76 37 62 74 27 71 54 17 60 39 17 86 31 55 33 97 85 4 2 29 77 40 26 11 84 69 66 92 7 54 6 21 44 95 12 69 2 76 30 22 95 11 91 54 29 30 29 100 13 54 18 94 34 64 41
65 73 48 73 54 40 76 53 54 12 28 1 46 25 21 96 12 55 56 78 28 42 45 97 3 16 89 23 57 27 61 83 23 29 85 88 92 41 79 37 39 55 84 6 63 28 5 76 90 81 81 91 92 31 48 78 17 65 63 99 87 55 79 74 70 94 75 68 13 38 88 69 79 65 3 55 23 63 16 30
88 96 59 73 91 21 39 98 33 83 81 91 44 64 46 49 44 4 25 76 79 75 14 56 62 9 99 55 94 20 70 87 67 46 3 60 59 66 7 96 40 1 95 96 34 16 52 1 31 82 78 85 40 34 90 17 29 82 20 55 3 68 52 23 31 90 23 73 45 81 60 14 16 83 55 74 71 42 43 25
16 50 97 71 59 75 63 57 93 63 79 95 22 5 38 12 31 3 100 79 68 69 94 66 71 85 35 63 48 8 16 63 18 71 59 48 87 33 84 45 7 19 59 63 15 2 37 71 67 20 77 78 12 81 11 88 97 3 80 81 57 43 73 34 97 25 100 56 11 19 95 15 10 11 79 45 15 18 41 61
43 19 47 42 12 3 93 51 72 79 65 67 51 15 45 24 52 19 24 37 40 7 82 41 26 42 49 63 73 23 24 15 80 10 34 28 69 87 66 75 78 89 49 40 69 28 63 100 73 74 52 69 44 32 41 25 21 1 42 80 51 74 47 75 47 82 84 48 33 14 63 74 90 17 6 13 63 46 24 40
94 69 94 49 50 18 5 42 15 93 96 63 18 39 11 92 34 90 32 19 12 36 5 17 54 24 28 85 28 75 41 65 20 47 34 85 20 55 29 8 83 77 2 25 50 20 19 89 14 59 30 81 52 70 3 19 66 81 82 37 17 38 58 98 56 89 41 60 86 76 43 19 47 93 100 94 60 6 44 79
