20 80
41 55 15 2 79 21 68 31 51 71 60 48 9 0 40 69 67 20 57 73 6 14 19 39 8 37 25 35 77 53 10 38 16 24 23 4 3 42 26 61 59 27 5 62 34 13 63 12 65 32 49 74 36 18 43 64 72 75 52 28 66 29 78 50 45 56 47 22 46 17 54 33 76 30 44 7 70 58 11 1
33 25 63 75 66 30 73 34 19 5 67 4 50 43 72 44 48 79 14 54 56 29 41 45 7 74 2 60 69 42 21 64 15 13 11 77 78 3 76 46 65 26 12 71 53 24 31 28 49 52 1 32 68 18 36 16 27 23 0 57 59 22 6 62 51 58 39 37 40 70 17 10 55 47 35 9 8 38 20 61
13 56 40 58 68 44 50 65 37 1 73 21 3 41 22 70 28 10 29 64 27 19 46 2 57 26 47 4 78 14 63 32 8 18 42 54 16 59 49 25 33 11 35 7 67 15 76 30 62 45 72 20 38 51 0 66 39 31 36 69 17 6 24 34 5 52 74 61 43 75 12 55 23 9 53 79 71 48 60 77
8 25 77 14 78 31 4 33 12 34 28 17 40 73 60 0 63 6 32 72 18 76 71 66 51 24 30 35 42 74 50 27 55 44 38 39 49 22 43 10 15 9 11 41 7 45 64 48 3 65 2 1 54 69 68 70 53 47 58 46 59 79 21 52 56 23 26 62 5 13 20 19 57 36 61 37 16 29 67 75
63 56 47 41 30 15 24 43 57 10 3 65 73 17 18 28 49 70 33 64 76 72 19 45 34 58 29 38 66 77 4 52 67 6 44 60 39 16 12 71 55 36 75 59 32 42 7 46 2 23 0 21 11 53 5 61 50 22 9 62 48 78 79 26 1 37 27 13 8 25 40 14 69 35 68 20 51 54 74 31
66 69 10 37 13 19 39 50 22 59 18 26 28 9 62 46 68 34 38 78 45 64 7 1 52 29 43 53 54 23 8 4 58 77 25 42 41 32 67 21 57 56 40 33 75 44 5 36 48 55 0 65 24 30 49 72 63 74 3 31 6 11 51 17 20 61 16 73 27 14 2 71 12 76 70 15 79 60 35 47
24 59 72 48 39 2 77 69 28 12 32 79 27 51 3 21 40 64 68 0 70 71 10 78 26 19 15 35 56 41 37 65 61 76 33 52 75 45 23 13 25 34 29 67 16 38 14 44 18 63 49 60 62 20 54 66 73 46 57 9 36 5 8 42 30 53 74 58 1 4 22 31 50 6 55 47 7 11 17 43
66 29 16 69 32 28 45 68 41 38 3 48 75 21 12 33 78 64 27 59 70 55 57 36 14 63 46 9 6 30 10 8 60 13 47 61 20 79 15 42 56 49 1 52 25 18 4 24 35 31 40 23 54 51 0 22 58 53 65 74 39 76 34 2 77 67 73 71 5 62 11 7 17 43 72 37 50 26 19 44
32 50 25 5 61 7 49 44 1 76 41 55 18 51 65 34 3 9 63 16 8 39 78 57 53 37 77 22 24 73 72 79 46 71 68 20 47 59 40 54 58 14 29 13 38 52 66 23 56 69 74 35 0 6 4 45 21 36 43 30 15 27 12 2 70 67 11 75 62 31 10 60 33 64 28 48 19 17 42 26
21 36 3 50 33 45 39 76 60 61 51 62 40 1 20 19 66 41 10 73 43 58 13 53 77 4 31 27 65 70 0 7 23 11 14 5 16 25 34 32 63 17 44 71 2 22 42 24 54 47 46 69 78 59 26 9 29 57 38 15 74 30 49 64 48 72 35 67 52 18 12 75 68 37 6 56 55 8 28 79
36 31 68 0 52 6 46 76 28 37 72 29 43 69 39 55 48 71 13 32 58 14 59 38 74 19 26 17 65 67 16 40 47 8 27 57 75 7 56 18 10 50 54 22 35 11 21 20 49 77 63 64 79 78 45 41 73 51 9 33 25 15 30 2 23 34 66 1 61 4 53 12 5 70 62 24 60 42 44 3
78 8 60 16 43 71 59 65 47 29 15 27 12 35 17 4 0 31 22 5 24 58 26 64 7 28 57 39 53 32 44 6 38 46 69 19 77 40 11 54 9 36 10 52 37 48 2 30 73 72 70 76 55 42 34 45 41 63 50 68 62 74 51 56 20 18 66 25 23 1 33 61 67 14 3 49 79 13 21 75
38 0 9 76 62 6 11 24 79 18 59 50 77 70 78 47 43 16 33 32 22 66 5 37 53 75 74 68 51 58 10 48 41 25 19 20 61 34 17 40 56 69 57 15 3 65 30 44 55 23 73 35 13 36 54 26 2 67 14 31 27 60 4 42 52 12 28 1 45 29 7 46 8 39 21 71 72 64 49 63
0 70 78 66 50 36 22 19 31 28 21 7 16 29 34 67 10 72 62 57 68 33 48 69 45 15 73 79 52 5 39 20 1 32 43 46 4 60 47 11 53 56 37 14 17 23 40 49 74 63 64 8 51 61 76 54 38 55 41 27 12 44 18 25 58 3 30 35 65 77 2 9 26 71 75 42 6 24 13 59
70 27 17 77 31 68 73 37 23 35 54 56 63 47 39 19 72 11 5 75 76 51 1 66 22 53 20 59 52 36 55 14 45 65 60 64 57 46 2 74 43 12 69 34 0 49 16 7 25 33 15 79 58 44 48 8 50 4 24 67 40 6 18 28 42 78 13 71 21 32 26 41 3 9 61 29 10 38 30 62
39 67 44 15 40 14 76 57 1 49 64 21 36 16 12 18 48 46 6 45 59 37 72 41 55 74 79 71 58 63 27 5 8 53 42 13 43 17 20 22 0 31 69 7 77 65 33 38 2 28 50 3 35 19 29 75 11 32 52 9 34 54 78 10 73 26 47 70 62 24 61 23 56 66 68 30 51 25 4 60
50 10 43 57 59 66 79 42 19 56 27 33 76 70 51 38 22 61 18 75 30 0 69 34 8 15 29 52 28 47 44 36 68 14 74 12 48 23 41 16 26 63 2 65 46 72 71 78 49 40 77 37 17 6 58 55 62 67 24 39 32 7 54 9 25 21 35 1 4 3 53 11 13 20 5 60 64 31 45 73
53 55 66 5 54 48 30 46 4 47 31 75 13 12 23 44 10 36 61 6 21 9 51 50 7 42 22 19 43 64 63 11 65 26 56 40 8 68 45 35 41 2 39 71 0 27 18 79 20 37 1 25 38 78 73 17 15 74 58 28 76 67 62 70 59 32 49 72 69 14 33 16 77 34 29 24 60 3 57 52
52 10 27 8 44 9 1 19 57 54 46 60 51 30 26 50 66 48 31 42 36 4 78 2 53 14 77 7 6 11 15 21 69 22 23 33 28 3 75 58 24 20 67 62 16 25 55 17 61 0 76 29 65 35 32 72 74 38 41 56 39 64 73 63 45 43 49 59 79 68 5 12 70 47 40 13 71 18 34 37
37 15 19 53 69 10 41 47 78 35 13 38 12 31 36 23 54 55 28 3 9 43 50 39 72 1 62 77 58 5 71 27 16 42 68 66 76 0 7 45 56 18 24 22 11 64 21 4 60 44 26 32 70 65 73 51 67 30 6 8 33 29 46 48 52 40 79 2 75 61 14 57 49 17 63 34 20 59 74 25
26 60 99 43 57 54 28 62 1 61 33 32 86 52 90 57 94 93 96 7 34 49 2 82 46 31 80 81 42 68 21 45 20 11 54 20 42 66 75 6 76 65 41 65 1 45 24 35 42 19 99 20 75 36 25 7 19 75 70 98 23 88 17 90 27 38 6 43 32 26 12 45 92 53 38 1 2 25 69 73
55 77 81 24 40 38 67 30 50 55 19 51 34 12 18 93 44 51 95 79 63 1 85 95 80 11 16 31 4 19 71 33 84 92 96 72 93 32 97 67 14 14 40 5 46 31 56 81 20 29 64 78 84 48 90 67 9 27 57 90 18 2 36 13 86 88 41 64 61 27 81 36 9 16 55 37 97 30 95 80
99 96 6 27 51 84 38 34 60 3 76 74 85 21 67 90 74 67 67 7 32 90 94 30 21 52 31 80 90 84 74 67 27 1 85 53 17 3 25 95 23 68 32 24 54 11 29 69 74 62 61 25 92 8 74 35 66 1 48 45 66 98 82 39 21 68 52 50 32 54 18 22 4 45 12 21 47 21 2 50
100 28 51 58 82 95 31 21 73 11 91 88 19 69 89 17 63 60 49 2 12 14 64 80 24 17 81 91 8 99 85 81 36 19 66 53 23 68 75 27 81 42 1 31 49 69 88 47 36 15 50 26 75 22 56 77 41 84 66 53 33 51 18 49 18 56 45 74 10 27 90 87 81 95 41 7 47 37 57 98
2 76 35 11 48 92 71 27 86 18 25 9 35 34 44 10 72 99 73 21 67 72 62 11 1 38 69 47 97 10 99 49 56 36 43 80 24 84 12 4 83 83 60 88 39 25 11 42 16 63 23 69 7 34 89 95 97 84 42 45 34 20 56 50 97 5 92 43 56 36 40 91 96 60 35 5 13 10 3 38
17 99 63 25 24 25 93 13 78 2 98 12 3 87 100 13 6 21 15 97 95 97 81 31 46 69 7 22 34 71 88 95 33 67 72 65 60 53 54 38 24 69 37 93 51 37 47 43 37 21 63 12 19 70 17 73 45 73 100 44 92 21 57 7 12 98 93 36 2 8 61 33 10 1 36 89 88 21 80 26
45 54 66 58 91 19 87 99 41 30 76 75 79 60 63 70 18 66 67 99 11 10 79 99 11 78 43 65 42 36 80 29 81 80 25 5 27 59 46 24 25 9 46 30 67 40 4 29 73 15 29 2 100 50 62 31 35 24 48 23 94 78 16 21 78 50 48 81 52 52 40 30 36 4 16 97 78 21 21 19
92 79 82 89 97 72 66 54 60 39 25 4 83 51 65 97 82 20 86 27 35 11 38 77 65 53 36 81 47 96 33 16 69 53 3 20 45 82 8 91 31 14 47 27 100 49 78 74 7 36 47 87 9 65 93 18 88 56 69 96 43 13 30 30 83 44 37 12 98 57 58 97 37 80 9 50 72 91 44 98
14 98 29 19 18 4 7 93 95 71 41 44 91 24 19 98 8 81 95 91 9 93 7 21 5 8 44 84 23 28 78 2 4 79 65 18 17 68 54 59 60 14 30 79 63 28 74 99 93 69 74 22 71 33 48 62 78 24 26 25 76 76 97 33 67 34 35 44 79 54 17 21 65 77 25 41 94 93 29 17
55 40 49 12 53 98 65 10 99 82 17 56 7 73 61 42 78 28 5 35 15 69 21 28 89 5 71 22 99 83 100 73 42 53 75 22 75 24 32 53 21 53 94 45 49 21 63 46 56 67 97 94 55 36 31 84 52 81 96 13 5 97 73 77 46 38 81 52 91 72 83 6 8 41 89 10 46 25 9 16
65 81 40 97 63 9 7 74 27 45 16 55 90 1 27 13 61 100 25 47 84 35 73 7 100 2 56 2 51 42 85 18 27 72 13 50 69 41 65 94 1 55 68 30 31 73 45 84 94 95 65 40 53 76 70 34 9 63 36 58 98 18 30 60 31 60 69 58 52 6 83 22 13 25 2 22 19 2 95 11
87 39 83 42 18 89 92 90 10 36 2 4 4 67 89 6 72 72 64 85 37 16 20 57 71 69 30 3 86 48 41 49 43 45 73 96 39 52 92 16 44 73 57 34 46 29 14 7 57 36 15 40 61 91 15 41 3 45 68 71 88 13 51 74 72 93 78 89 14 68 1 16 34 59 26 30 29 34 13 86
66 68 52 94 38 100 78 39 39 86 26 19 73 14 34 29 74 90 91 91 52 48 36 12 56 94 57 2 48 90 35 74 54 57 71 80 100 29 28 7 91 44 22 39 36 24 31 9 90 19 86 71 30 55 6 74 59 93 70 44 45 74 13 28 15 15 57 13 97 54 49 72 94 66 42 38 30 58 93 100
20 13 35 100 85 36 50 10 40 35 75 61 51 88 47 9 87 98 69 76 1 76 36 68 41 75 43 27 20 80 12 15 10 50 82 40 51 60 76 78 69 5 29 57 87 3 100 40 55 97 41 53 53 80 13 100 19 53 70 65 76 66 89 68 34 20 78 97 58 26 90 73 63 46 98 7 70 66 33 28
100 97 95 49 42 79 84 50 16 44 1 59 50 7 47 3 11 3 42 20 1 5 86 66 61 12 31 50 41 55 87 36 67 17 79 76 78 58 75 14 7 12 54 56 45 33 95 55 72 25 15 47 1 89 94 51 44 70 2 66 83 34 64 6 53 28 90 67 7 95 60 22 80 67 28 79 68 46 98 12
82 1 75 32 89 25 13 93 95 35 66 58 78 17 13 82 6 32 67 32 59 28 46 68 94 45 37 28 70 24 66 46 63 68 3 13 32 85 66 90 94 77 88 3 63 4 11 27 85 23 72 74 70 43 56 41 26 6 18 4 16 73 13 66 18 31 92 89 41 17 45 85 90 48 26 4 32 70 33 93
56 51 33 77 95 48 13 57 21 54 90 93 46 75 83 54 35 25 61 62 79 32 19 84 81 11 28 6 66 8 62 26 84 75 7 5 78 13 47 12 31 99 92 84 60 10 26 59 85 20 99 81 46 45 22 58 18 67 17 56 78 36 55 79 40 93 44 22 88 99 14 87 47 46 37 51 6 80 29 40
41 47 78 41 26 12 23 18 97 49 4 11 19 86 22 3 66 93 15 11 63 18 71 46 73 65 87 58 74 79 54 33 11 98 55 98 80 86 69 41 53 84 34 67 24 92 60 30 73 14 45 52 99 96 5 60 25 48 90 39 80 9 87 17 25 58 46 95 18 70 19 34 33 99 40 50 40 86 33 72
8 76 7 1 32 30 38 93 89 82 87 36 35 21 70 2 44 55 38 30 44 31 47 86 64 50 30 58 46 87 27 70 15 52 28 97 28 100 57 72 24 43 43 91 4 12 17 68 83 19 49 19 31 62 96 93 8 41 70 90 16 95 84 45 13 100 63 38 9 31 26 61 23 95 86 90 50 68 51 85
71 92 62 13 70 25 55 73 69 73 33 72 34 75 57 92 10 61 46 64 5 94 15 9 11 13 17 37 41 33 12 74 61 4 92 98 67 80 59 99 90 19 94 43 8 27 98 66 64 19 73 42 75 30 31 61 39 62 96 97 94 47 47 12 19 71 95 76 26 84 31 96 90 4 49 40 23 47 32 78
