20 80
55 16 59 72 22 20 10 75 58 31 25 11 49 45 61 27 21 5 46 69 34 60 40 73 24 53 8 48 78 54 36 37 13 7 62 30 47 44 57 39 71 56 38 70 32 4 64 15 12 43 0 50 18 35 26 41 79 2 28 51 19 63 52 76 14 42 17 1 74 77 67 68 3 66 9 65 33 23 29 6
54 20 37 56 47 9 30 11 21 50 15 75 22 63 29 78 74 57 64 40 28 46 36 76 79 26 16 39 33 77 65 10 23 7 67 38 70 52 72 58 19 55 41 42 14 18 27 1 59 53 17 69 45 13 68 24 25 43 51 60 0 31 4 12 66 49 71 8 73 62 48 6 44 34 3 2 32 61 35 5
78 72 13 65 74 40 61 76 18 66 11 75 14 4 45 19 23 57 58 62 27 20 54 26 29 30 33 0 2 31 48 70 71 7 39 42 41 44 8 49 43 50 59 64 12 3 79 69 37 5 6 34 67 28 47 63 21 15 77 22 60 24 52 25 55 17 51 53 1 46 73 36 56 35 38 10 68 16 32 9
38 75 10 79 72 18 49 44 0 63 65 58 66 20 73 69 23 52 71 77 11 55 9 39 36 1 62 51 68 31 60 70 8 28 59 41 19 37 50 32 6 35 54 46 76 30 27 13 47 22 4 5 7 57 40 25 29 3 74 67 48 26 34 14 61 45 17 12 2 33 78 56 21 43 42 53 15 24 64 16
42 18 28 25 4 15 17 57 61 13 51 11 52 76 79 12 2 75 67 74 49 77 7 56 14 33 55 6 40 29 45 72 58 19 30 39 36 69 53 65 22 38 37 60 9 70 3 5 78 64 46 32 73 66 59 31 44 21 1 27 34 0 23 43 20 68 54 48 26 71 24 10 63 8 35 47 16 41 50 62
46 20 49 16 62 72 47 43 1 68 38 7 51 11 19 32 79 75 2 67 22 33 73 26 18 10 70 60 65 23 54 5 8 9 29 42 39 30 3 41 69 34 56 35 14 48 12 17 36 0 31 27 59 77 66 55 63 57 45 15 24 4 64 37 71 61 40 53 28 78 58 25 74 52 13 76 44 50 6 21
45 25 57 26 18 64 32 24 77 56 10 70 68 23 31 61 50 15 42 51 43 22 6 63 19 33 2 65 49 11 39 1 36 78 7 14 69 66 62 48 74 76 20 52 53 47 13 4 71 28 21 27 0 73 79 41 5 17 12 16 75 58 34 44 37 67 38 46 59 54 72 30 35 55 3 29 60 40 9 8
25 64 18 17 13 34 37 45 10 2 65 4 23 55 43 39 35 76 12 29 73 59 71 16 38 31 32 20 5 6 8 24 28 63 30 22 60 46 79 77 67 69 47 36 1 74 72 9 44 27 26 51 61 78 11 58 48 62 50 7 56 33 14 19 54 41 15 70 68 66 75 21 53 40 3 52 49 42 0 57
31 47 69 67 9 12 28 32 6 78 37 52 20 10 17 50 23 76 34 56 42 53 15 64 40 18 35 21 2 11 22 26 62 19 49 73 29 38 16 61 7 77 13 65 39 71 54 79 0 36 60 72 3 43 68 51 57 1 41 4 48 55 14 5 27 8 44 63 30 75 25 33 45 70 74 24 46 58 59 66
62 41 36 45 47 68 78 21 37 53 11 57 72 2 39 14 38 30 22 27 73 71 76 7 34 23 0 69 3 40 26 15 63 16 20 42 1 50 6 28 54 59 55 66 18 61 79 4 60 32 70 24 49 58 25 12 64 13 77 35 56 67 74 9 75 44 52 31 46 5 51 8 19 10 48 65 43 17 29 33
6 40 61 71 42 11 58 56 10 63 35 39 78 3 22 29 2 73 74 62 75 43 33 64 69 8 13 54 12 38 17 0 47 55 48 20 45 44 57 1 67 26 15 50 65 68 49 9 70 4 52 77 59 34 32 72 31 53 7 51 36 23 16 46 25 19 79 14 27 18 76 21 5 60 28 66 24 41 37 30
72 50 40 53 3 36 70 26 47 76 39 46 30 48 51 44 64 14 34 52 20 74 63 66 67 29 38 2 79 56 17 28 60 61 32 31 27 57 25 77 69 8 68 12 37 43 75 7 73 15 55 33 10 23 54 59 13 11 71 45 58 1 16 24 65 49 22 5 35 42 21 0 18 41 62 19 4 78 6 9
78 41 32 11 59 49 74 23 52 72 28 26 14 36 0 73 21 43 71 69 40 9 4 68 1 3 12 6 63 16 65 38 46 61 35 47 67 55 39 33 76 30 17 45 51 25 31 70 2 24 58 27 64 15 50 79 34 8 53 44 37 20 29 62 77 75 54 19 13 18 5 66 22 60 56 10 42 57 7 48
40 18 78 28 58 30 31 60 38 21 69 20 71 57 45 54 42 43 34 47 39 10 6 77 37 33 63 15 22 25 74 19 24 66 27 4 2 56 11 67 9 3 75 72 46 53 68 41 73 55 32 7 65 13 51 50 29 62 64 14 16 70 8 79 17 35 48 44 26 12 61 59 49 36 23 1 5 76 0 52
37 6 14 52 45 18 58 35 33 20 16 70 76 25 54 57 0 36 17 68 41 2 77 5 8 65 79 72 67 31 73 69 48 61 32 74 22 44 64 7 75 43 27 51 11 39 21 71 62 59 49 13 19 4 38 30 56 60 50 9 47 29 15 24 10 66 1 23 28 12 26 3 78 53 63 46 42 40 34 55
65 4 0 46 58 62 31 24 11 68 15 28 12 75 76 72 45 44 56 22 36 42 52 1 59 37 79 69 64 73 21 26 78 63 8 48 27 18 14 77 53 74 54 47 7 35 61 6 23 20 13 66 3 16 25 49 60 71 67 10 32 40 38 57 39 55 19 70 17 5 34 43 33 2 30 50 29 51 9 41
76 18 27 8 1 5 21 4 58 29 44 3 42 9 36 2 61 41 33 43 64 51 39 19 12 68 6 60 40 75 63 66 14 38 49 48 24 25 70 79 46 73 47 55 35 16 78 65 10 11 45 31 67 17 56 23 59 71 50 53 69 62 20 13 54 32 34 26 28 37 57 77 74 22 7 15 52 72 30 0
46 79 0 53 19 16 49 70 39 22 71 58 26 44 24 36 51 56 74 17 75 48 2 32 63 72 30 25 77 15 21 73 55 3 65 13 41 50 23 66 18 43 37 61 78 67 47 8 11 64 9 57 1 60 68 40 31 29 76 35 52 34 45 12 69 54 27 33 7 4 14 20 42 28 59 38 5 10 62 6
55 17 42 51 3 58 12 15 29 0 44 63 28 75 61 22 43 49 74 45 24 60 27 14 34 38 69 76 25 5 39 31 73 13 47 23 56 53 36 1 72 21 71 65 79 77 10 32 37 7 16 18 68 9 26 57 62 8 35 48 64 70 54 66 11 46 67 19 2 40 50 4 30 33 78 59 20 6 41 52
24 4 34 5 26 77 19 6 62 74 75 28 47 11 2 35 18 1 56 22 7 49 66 52 44 8 67 29 60 39 50 48 25 16 65 59 46 9 23 53 36 40 17 73 78 21 72 51 12 79 64 27 20 30 68 33 37 31 13 63 61 0 58 14 42 76 3 54 38 10 55 71 69 70 32 41 43 15 57 45
37 90 99 10 85 4 89 9 8 95 31 30 42 33 93 76 31 35 55 16 3 96 79 55 27 32 96 98 34 56 48 60 54 37 88 49 85 74 44 39 92 16 73 57 56 36 35 27 2 93 97 83 47 24 31 27 73 22 88 57 68 3 79 96 74 11 24 24 70 73 36 77 81 20 98 6 58 85 65 3
76 47 35 61 77 15 88 26 74 51 57 43 83 39 90 8 23 83 87 31 59 45 5 52 6 46 94 93 51 6 57 27 88 14 15 72 54 35 39 28 20 45 14 26 6 29 14 9 81 79 74 28 22 55 15 50 74 99 20 28 46 66 77 35 59 3 61 88 33 35 1 32 68 20 26 33 97 88 61 88
22 19 5 8 89 75 33 100 86 14 14 31 99 22 22 90 30 49 91 99 84 81 40 54 70 74 31 9 6 9 48 33 97 83 78 81 86 66 40 56 30 47 97 34 51 29 13 54 76 79 6 48 8 84 17 99 80 41 37 52 14 97 10 91 51 59 20 6 53 24 13 83 100 71 41 36 82 45 54 17
77 36 53 51 94 13 85 89 36 55 73 49 65 49 38 38 15 16 100 37 51 45 31 31 11 18 48 16 18 4 42 31 12 35 70 42 58 86 33 47 80 23 27 52 88 64 2 100 75 43 62 41 55 6 13 67 7 19 15 8 44 30 26 69 15 63 55 50 68 98 82 7 61 20 47 6 48 51 26 50
94 47 86 16 45 37 73 93 99 45 33 87 72 76 18 55 11 100 82 26 74 22 38 100 98 64 35 38 75 58 39 5 98 27 68 98 57 31 16 4 70 35 97 59 43 85 67 64 50 66 80 50 69 74 51 29 54 13 44 11 70 40 29 78 24 51 47 86 25 40 4 88 59 29 54 46 36 49 17 11
8 43 73 79 100 77 10 51 55 1 35 93 46 18 59 56 26 53 32 88 58 22 38 88 78 48 48 11 94 57 99 13 18 58 39 2 97 77 87 72 80 38 71 10 38 68 36 77 58 68 80 10 91 68 36 16 94 19 31 60 11 27 35 35 30 77 86 3 81 16 31 20 10 47 79 79 7 23 43 14
29 75 37 40 46 93 16 70 69 24 77 97 83 33 33 80 42 77 86 99 32 63 86 21 58 8 60 84 100 57 30 3 94 12 65 24 86 41 27 22 84 16 35 88 68 49 50 6 67 10 41 45 64 28 20 93 39 75 52 49 55 49 35 15 25 71 24 18 77 96 58 70 73 77 67 84 31 56 94 16
13 59 12 60 71 27 97 15 56 44 6 95 27 39 80 64 61 49 24 3 96 20 98 59 4 41 15 23 55 56 89 5 46 99 48 21 66 87 70 92 92 71 57 92 13 24 24 82 59 28 95 34 13 87 84 60 93 41 5 86 98 58 51 58 47 71 72 61 1 18 97 93 10 79 74 39 39 75 61 51
3 27 65 68 58 91 11 36 99 8 78 81 35 14 2 80 45 23 21 16 85 15 20 17 41 53 27 61 36 11 70 52 21 80 20 36 10 18 65 71 6 57 4 96 77 49 81 82 23 18 22 74 66 49 59 35 26 3 30 42 72 74 80 26 8 60 36 26 39 84 25 5 88 92 59 11 97 31 73 26
32 15 90 25 27 80 29 1 94 51 51 49 40 43 71 82 33 76 90 66 54 8 61 35 54 25 32 88 2 53 1 100 54 49 7 95 63 16 61 22 12 80 11 25 12 60 37 58 61 73 23 7 13 92 94 64 33 43 15 8 54 31 74 85 35 5 21 65 100 75 15 86 92 22 55 35 39 28 16 6
28 42 43 12 77 85 4 74 56 35 1 11 74 65 54 21 49 74 10 51 89 79 29 61 43 2 49 36 80 54 10 98 90 39 43 92 37 60 67 58 75 89 13 70 44 21 94 18 42 68 24 96 91 85 53 13 80 99 82 58 99 8 74 71 77 38 36 56 86 94 17 48 3 2 67 55 99 68 2 79
37 43 89 28 55 38 26 97 28 90 20 59 12 67 27 11 28 50 26 28 29 69 30 36 25 72 27 78 27 6 55 84 12 40 25 31 79 12 42 23 48 34 8 63 73 60 17 71 85 87 73 83 30 15 6 4 49 56 52 18 8 38 86 46 22 94 49 5 6 5 12 78 55 98 88 94 10 64 82 3
99 98 61 37 7 33 82 57 93 88 29 5 32 90 46 23 91 23 74 99 66 33 12 11 33 43 51 65 16 15 15 66 80 67 17 18 9 45 50 55 65 29 52 11 34 89 4 41 38 10 42 8 47 74 37 46 20 56 12 33 74 22 43 43 73 51 32 59 19 89 47 44 32 43 32 48 76 82 44 49
13 30 39 34 75 79 58 76 10 9 8 61 23 63 2 72 66 55 70 76 78 46 59 91 74 49 25 5 42 32 54 87 45 72 71 47 58 24 10 91 67 43 18 58 37 90 41 38 78 18 22 75 58 90 93 88 30 95 8 45 88 67 33 95 47 90 100 54 88 18 21 3 45 11 36 12 88 60 25 10
86 30 3 87 95 86 52 42 54 18 96 85 19 4 23 80 82 28 59 59 51 7 60 52 2 88 20 55 19 20 87 100 55 72 26 59 13 39 81 69 54 38 15 57 17 93 65 18 70 35 44 51 16 95 15 12 36 9 9 29 84 99 42 29 22 44 24 89 74 11 6 13 35 11 75 86 15 80 57 41
26 4 81 41 81 95 32 73 23 57 88 98 31 62 25 44 43 53 24 41 9 88 59 51 82 28 30 31 79 19 10 73 16 57 22 39 98 62 46 59 26 97 52 87 46 47 29 89 84 100 41 79 96 45 58 83 93 51 55 49 68 27 98 19 8 65 29 18 8 99 78 68 72 1 3 91 40 42 20 11
77 87 63 69 31 21 18 42 35 99 38 8 26 78 29 61 49 62 17 38 87 1 65 31 70 55 88 40 71 73 65 52 91 63 44 59 27 52 77 56 81 63 56 80 31 46 50 28 76 33 51 19 91 98 41 17 98 98 8 48 81 60 22 95 27 38 49 25 95 45 99 67 74 7 33 83 17 47 22 14
46 44 22 33 36 72 35 37 76 47 99 57 37 33 51 30 16 65 19 22 12 56 92 5 51 75 24 22 33 2 7 53 11 39 51 67 19 3 49 96 15 100 7 30 37 12 78 29 35 29 100 76 71 87 71 87 37 49 3 56 85 51 2 13 88 55 11 45 97 56 95 14 35 56 11 21 88 34 58 61
31 98 81 63 50 99 88 44 3 3 69 71 13 51 15 69 32 21 54 54 77 4 92 93 3 68 57 1 82 70 39 95 73 98 57 31 37 40 89 24 80 91 8 1 79 43 60 1 57 10 16 81 68 1 79 34 43 76 55 13 67 23 42 16 100 77 63 76 26 10 85 82 86 52 92 40 60 15 93 25
50 58 55 17 72 58 42 53 66 52 99 71 76 89 57 48 66 95 65 25 9 56 85 67 76 69 23 99 31 99 24 54 52 63 73 67 75 75 67 29 45 37 21 71 82 16 9 80 56 9 18 10 88 86 55 63 68 27 12 26 97 94 90 51 37 18 79 25 93 48 42 39 35 96 40 8 1 44 12 10
