20 80
4 47 59 54 19 74 44 73 79 51 43 41 55 30 70 67 8 16 60 0 76 14 78 33 69 20 64 12 24 35 36 1 72 38 31 26 40 42 57 50 23 2 66 58 11 49 29 62 17 75 22 61 56 65 68 52 46 7 21 15 28 13 18 32 9 77 3 45 5 39 37 71 53 63 27 6 34 48 10 25
77 23 5 58 60 24 55 2 47 41 40 15 51 10 30 79 78 27 7 14 68 63 70 12 29 26 0 54 36 33 21 44 1 18 56 50 49 22 67 46 6 19 9 52 13 53 62 65 25 66 20 57 72 45 39 61 35 43 71 17 8 3 34 31 75 73 42 76 69 11 64 48 4 38 59 32 37 74 28 16
79 74 14 4 12 16 39 52 27 41 71 33 45 66 40 42 57 28 30 48 76 1 61 10 51 36 67 59 20 70 2 47 24 9 25 23 49 46 18 3 54 7 65 50 6 68 38 64 32 72 55 13 15 44 43 63 35 53 56 34 62 19 58 77 78 8 26 73 22 60 0 29 75 17 69 31 11 21 37 5
5 78 18 4 42 27 69 29 39 33 66 53 6 0 49 7 41 36 71 38 12 54 31 11 45 25 20 40 57 43 22 48 55 73 37 59 58 2 72 14 47 21 51 62 76 19 60 10 77 74 70 3 9 46 8 24 79 44 26 28 63 34 67 16 35 17 64 1 68 61 52 13 65 15 30 50 23 56 32 75
62 40 52 29 11 13 44 0 1 30 6 7 3 23 48 49 67 9 41 28 74 57 61 26 46 5 10 21 37 24 54 31 32 79 47 59 55 14 27 65 73 71 15 64 38 53 20 72 70 77 19 66 45 56 76 36 75 12 78 58 4 34 16 60 68 25 42 63 43 69 51 22 50 35 33 2 17 18 8 39
45 34 26 72 27 53 28 55 79 78 71 70 74 46 9 52 69 50 7 41 68 75 44 65 0 16 38 13 73 4 37 51 14 76 58 43 22 2 31 66 54 25 35 40 33 57 17 39 64 59 19 30 24 63 42 6 36 47 49 12 32 67 15 56 18 62 29 1 60 77 8 61 5 3 48 11 20 10 21 23
14 44 36 16 65 15 50 21 23 75 35 59 17 38 63 71 5 1 2 37 70 47 11 8 72 60 27 7 62 52 13 56 66 54 69 46 19 77 68 32 53 40 9 48 42 79 28 4 43 30 41 34 6 78 49 55 20 33 29 73 0 64 25 10 39 12 61 45 51 31 3 26 74 57 67 24 18 58 76 22
31 46 27 36 0 14 33 57 76 49 77 34 56 54 35 37 10 62 72 58 4 16 17 71 9 61 64 15 5 59 75 78 70 38 43 3 48 30 7 44 42 6 1 29 67 50 2 11 52 28 8 20 73 66 40 45 79 13 39 74 47 26 68 55 69 32 51 25 24 65 18 63 60 21 41 53 12 22 23 19
35 41 58 38 55 44 4 77 16 75 49 25 24 11 66 22 46 54 53 7 8 15 78 30 27 76 62 40 74 79 71 14 52 61 69 34 17 56 32 18 42 3 36 51 20 21 60 12 9 70 23 37 10 5 26 43 47 31 72 2 67 13 19 0 68 64 6 59 65 48 1 45 57 33 39 29 50 28 73 63
18 52 24 47 21 29 48 10 71 50 55 9 76 12 40 77 7 79 62 20 23 64 13 70 17 25 46 38 56 66 49 73 19 8 11 78 60 39 27 16 54 65 28 14 63 4 30 26 42 6 67 3 68 59 1 2 0 15 33 51 36 41 69 32 22 72 45 34 58 43 44 74 37 5 75 31 53 35 61 57
18 21 50 64 4 39 9 49 40 48 54 25 6 68 28 16 27 8 11 71 23 73 65 74 66 51 47 29 12 59 69 26 37 62 42 79 75 61 19 76 34 45 56 10 63 67 24 13 41 2 31 60 3 55 7 33 14 17 58 30 43 1 57 38 78 44 36 46 5 32 22 53 0 77 35 72 20 15 70 52
20 21 31 40 37 55 45 71 13 38 49 6 46 18 76 63 59 54 1 22 0 61 33 74 56 68 17 2 10 70 29 41 52 11 44 72 5 9 47 35 62 57 14 19 78 4 50 43 3 65 16 30 26 51 77 58 32 48 12 67 73 24 66 34 8 7 64 28 53 39 25 42 79 27 23 36 60 15 69 75
76 23 51 1 16 70 41 34 9 77 36 4 67 58 66 21 19 49 26 56 62 68 28 43 37 52 40 63 24 75 78 31 44 39 20 15 61 48 73 72 55 30 50 33 45 65 46 54 8 32 2 53 79 35 69 12 14 5 25 0 17 10 3 22 42 74 7 60 11 47 27 6 57 64 18 59 71 29 38 13
41 30 79 32 35 57 76 51 42 33 19 73 21 58 26 53 4 63 18 56 64 7 78 3 59 48 15 17 71 10 68 20 66 39 5 60 55 43 23 44 65 38 74 54 16 36 34 1 50 70 62 27 37 52 47 22 49 2 6 75 77 25 9 0 28 14 72 69 29 67 40 12 31 46 45 24 61 8 11 13
38 3 32 21 10 44 49 58 14 7 79 43 34 73 51 31 53 37 39 27 18 6 70 45 1 68 63 57 62 17 13 24 40 12 67 47 4 16 56 65 28 69 5 19 50 20 52 74 36 76 8 42 64 55 77 72 60 11 22 26 29 75 66 78 30 48 59 23 46 25 9 15 2 0 54 41 61 35 71 33
51 5 3 45 49 38 27 41 14 8 39 77 9 72 56 36 53 7 25 58 34 32 33 74 52 28 47 1 79 30 19 42 76 11 73 66 70 63 16 22 64 46 2 43 18 31 12 35 69 10 65 6 78 13 21 29 50 60 57 68 26 59 55 67 75 0 15 24 48 20 44 23 17 40 71 37 61 54 4 62
21 29 79 4 30 47 15 16 42 68 34 66 12 13 31 37 17 76 1 11 62 8 50 43 48 20 52 19 54 69 35 3 75 28 0 65 25 18 56 60 49 46 2 5 10 63 9 44 36 64 61 27 59 74 72 70 73 53 32 71 26 24 41 33 55 39 14 67 51 58 22 45 77 23 38 78 6 57 40 7
25 37 63 19 69 17 10 57 74 9 24 77 53 51 73 15 44 46 26 20 58 62 0 79 75 55 5 64 32 50 76 30 14 33 1 13 35 48 18 45 71 60 59 16 34 4 21 72 52 6 39 70 3 29 8 7 66 28 56 23 11 22 36 47 65 49 68 54 31 27 43 2 40 67 12 61 41 42 38 78
44 19 37 54 78 42 60 51 74 1 62 16 7 50 63 14 0 35 68 3 64 40 67 10 71 56 57 12 5 9 52 13 28 49 33 73 43 2 59 30 45 8 23 11 36 61 17 6 27 79 18 20 66 53 25 15 29 76 26 70 39 65 34 47 32 72 41 58 31 4 69 46 22 55 21 75 48 38 77 24
17 3 62 37 24 68 67 11 29 47 13 45 55 33 4 74 71 36 38 70 60 20 72 63 25 44 9 35 21 10 56 14 19 28 1 42 69 7 27 78 46 75 54 41 15 61 66 39 34 65 76 49 8 18 30 0 40 48 16 77 59 23 31 64 32 2 53 73 26 57 43 58 51 50 6 12 22 79 5 52
100 1 22 67 30 48 51 30 76 92 89 94 72 97 50 43 63 62 30 10 100 39 7 83 38 12 21 51 28 74 68 97 2 27 18 32 23 14 19 41 68 60 26 81 58 66 20 3 6 8 20 29 63 88 76 20 59 47 31 66 35 30 44 41 32 79 93 21 57 22 12 42 81 55 66 78 83 86 42 2
8 59 25 40 52 93 19 73 82 95 33 60 99 10 54 57 36 78 13 47 77 54 1 26 35 90 62 44 75 24 33 54 90 36 93 12 94 84 14 51 87 3 57 41 92 19 66 26 45 43 10 93 55 78 15 94 5 72 29 4 7 31 41 41 80 3 53 85 80 2 78 13 77 64 76 22 13 23 3 47
61 96 81 58 95 45 39 27 1 17 15 73 88 39 20 28 34 36 27 33 38 41 16 82 31 15 6 73 68 56 83 85 40 49 86 67 31 94 82 72 38 94 35 16 71 90 68 85 18 10 44 61 45 51 56 4 15 75 81 26 55 24 61 5 37 81 38 47 66 76 6 8 65 26 76 92 83 98 26 62
93 30 5 9 87 18 82 91 56 74 51 29 6 20 86 3 92 93 74 52 88 27 56 20 45 28 38 3 14 83 13 41 52 67 3 22 54 83 12 2 75 71 71 71 1 15 51 25 18 34 5 52 72 56 93 83 41 86 91 82 66 91 12 3 5 32 100 72 34 79 100 77 72 49 88 71 98 74 43 53
52 46 97 18 35 10 82 35 87 95 17 80 88 99 12 24 3 21 31 3 33 76 34 44 100 82 95 12 46 14 75 53 67 76 64 28 60 95 30 36 70 89 76 5 46 10 51 78 9 77 77 49 59 67 16 48 27 21 32 79 41 75 22 88 98 95 27 48 30 47 92 79 17 38 25 29 43 98 83 66
2 80 11 82 8 49 51 52 59 29 28 84 64 63 84 90 24 6 81 9 78 44 85 74 58 63 51 25 99 79 84 49 13 37 57 36 3 64 78 30 25 6 96 82 91 11 61 8 20 72 71 70 22 84 93 7 1 28 99 40 13 82 95 25 24 55 26 80 7 84 54 2 63 90 18 1 11 82 12 14
87 88 96 3 7 10 16 56 41 94 73 23 30 32 68 89 1 13 24 76 88 6 35 18 42 59 63 26 26 48 89 27 72 2 27 23 77 60 52 20 83 10 98 87 6 87 83 44 41 1 79 32 46 4 37 27 60 93 97 76 44 81 87 43 70 72 70 27 45 67 42 61 45 53 34 83 86 84 1 34
23 57 55 1 54 28 63 8 52 26 59 98 28 68 4 40 4 10 4 18 78 23 68 30 74 96 29 23 77 67 19 21 74 62 41 31 30 27 94 42 56 78 36 90 72 66 79 90 5 100 2 27 49 42 7 6 42 43 36 54 61 40 44 61 1 76 55 21 22 89 85 82 37 42 26 69 5 31 41 89
20 80 42 86 14 7 100 75 36 93 83 53 3 6 99 7 54 5 5 97 38 62 59 52 45 36 87 5 76 71 54 27 57 58 75 74 21 89 10 11 92 64 79 6 69 48 61 38 100 48 80 13 38 28 94 87 92 17 98 40 7 49 67 37 18 96 47 96 99 5 17 3 76 8 100 63 92 52 46 56
68 88 5 67 49 3 89 21 96 57 81 8 36 42 87 100 85 13 49 94 24 47 55 51 28 73 100 89 77 66 79 68 38 28 63 17 81 54 7 68 68 68 92 21 95 41 7 77 77 59 74 11 42 53 13 29 38 33 6 80 27 27 20 13 78 69 3 91 98 67 91 95 4 77 34 98 57 26 4 95
13 59 67 32 49 53 23 22 54 94 14 63 8 43 67 15 76 3 4 100 36 61 40 69 57 66 55 34 95 58 21 56 34 85 27 13 75 1 82 25 4 61 52 74 34 98 63 99 41 93 78 27 31 13 4 44 20 67 17 77 35 14 95 57 97 34 2 27 33 80 100 19 18 28 16 27 68 16 42 13
41 39 72 97 67 27 95 88 76 79 63 63 25 33 8 14 4 2 73 30 92 88 66 15 52 30 98 29 10 23 49 5 100 52 53 78 62 76 33 62 83 8 53 89 73 60 21 28 73 35 99 40 43 70 91 46 5 76 34 61 15 1 37 31 26 44 66 87 100 37 71 69 70 98 9 24 70 62 20 96
4 5 63 6 54 86 84 65 28 57 98 78 49 43 11 94 9 32 44 92 82 26 44 20 25 48 42 10 96 42 78 39 60 34 36 35 6 72 14 61 95 34 81 75 15 97 15 81 2 8 63 10 20 83 51 21 44 42 25 24 4 34 42 83 42 85 33 18 80 70 25 65 3 82 22 44 19 80 45 79
47 43 10 82 35 92 17 4 41 19 85 92 72 72 64 65 6 70 13 11 92 42 32 4 24 38 100 42 42 52 79 15 10 42 32 66 83 29 49 41 86 90 67 95 17 46 43 84 34 49 56 70 73 42 10 26 95 73 5 42 42 4 7 81 98 15 16 71 56 52 69 79 37 6 71 57 4 59 17 76
47 84 73 60 72 18 87 30 61 79 74 33 83 75 86 7 76 73 1 67 88 74 88 9 98 3 86 39 43 57 79 62 83 2 80 50 65 73 67 83 10 24 13 99 34 20 23 95 40 99 32 30 75 92 95 93 69 18 12 22 64 5 46 68 42 95 48 94 64 37 25 91 67 15 25 27 78 74 88 52
32 36 13 4 18 98 71 17 23 14 46 41 48 61 59 75 79 65 33 31 80 36 4 57 63 40 47 10 67 32 59 64 18 83 23 33 92 65 53 97 77 5 30 2 26 38 96 33 55 69 76 22 46 92 34 25 82 35 75 99 60 89 92 55 8 83 94 74 58 62 8 80 39 17 98 65 46 51 11 74
12 9 46 5 68 86 13 30 69 10 42 59 33 80 36 28 18 12 10 32 43 22 29 49 76 27 11 21 72 92 47 100 55 81 80 53 46 15 41 83 42 76 79 69 80 24 21 90 44 15 71 52 100 13 48 85 7 25 79 56 41 45 30 83 26 84 64 3 71 2 59 76 36 92 21 98 24 44 16 49
81 4 11 16 72 90 79 80 23 54 48 49 21 86 31 10 84 7 76 41 73 28 13 81 9 57 68 50 88 16 78 69 69 7 81 5 83 85 3 72 86 43 36 51 2 36 24 95 18 33 12 74 56 80 35 12 6 21 70 61 99 18 74 15 15 13 91 12 7 64 71 20 76 58 65 99 52 6 39 52
80 6 77 85 40 20 44 83 28 20 37 78 78 99 28 93 88 38 75 10 69 35 70 78 70 50 27 36 65 71 36 9 63 7 77 18 39 96 97 49 89 57 69 86 17 48 53 38 84 4 20 87 2 3 23 72 85 51 93 55 18 65 40 56 24 46 93 48 83 13 72 50 19 15 57 84 69 15 88 74
8 40 18 75 53 84 9 11 2 57 85 84 33 10 73 43 77 80 20 46 52 61 9 21 47 65 99 44 11 74 4 35 74 33 71 84 48 41 57 8 49 56 28 67 80 2 2 28 90 32 25 85 51 36 40 63 100 10 80 56 47 92 14 78 19 7 13 42 34 12 93 89 62 26 90 33 22 93 84 52
