20 80
63 56 76 26 35 13 10 66 15 19 9 72 67 37 52 43 61 47 78 77 41 45 48 29 74 2 64 44 49 46 59 53 12 32 22 54 62 1 42 18 57 34 36 14 6 68 55 17 24 21 70 5 50 60 11 39 16 28 4 40 65 7 23 0 3 30 38 73 20 8 33 51 58 71 69 79 31 75 25 27
5 57 59 9 56 42 16 0 75 13 63 19 58 39 38 62 55 70 44 72 45 74 18 2 78 33 54 29 48 77 66 37 52 51 6 26 71 36 68 8 30 49 53 34 46 31 43 23 1 69 15 41 64 10 12 47 40 61 7 25 35 24 3 32 28 60 14 50 73 17 4 27 20 79 11 65 76 22 21 67
70 10 63 61 75 62 54 50 34 73 16 5 20 30 0 79 18 48 57 1 56 35 71 4 15 36 9 8 39 17 13 27 23 55 12 14 40 67 52 60 64 7 32 68 38 6 44 28 43 69 74 45 11 53 59 77 41 26 25 21 19 3 2 24 65 22 46 72 51 76 47 42 37 49 78 29 31 58 33 66
69 72 65 64 68 6 2 38 26 0 34 43 16 21 9 67 70 14 71 27 40 51 4 62 7 1 63 76 52 33 22 61 25 78 28 77 56 32 54 11 45 10 79 39 57 29 42 48 36 15 3 18 30 60 35 53 50 55 12 66 5 19 46 23 17 59 37 41 13 58 20 8 47 31 49 73 24 75 74 44
40 76 29 20 27 32 0 18 13 64 31 2 35 58 34 61 11 52 24 57 6 3 60 42 37 62 66 79 45 9 67 43 54 49 15 36 77 7 50 74 23 26 51 73 44 75 14 19 47 55 39 69 68 25 71 28 70 46 8 48 59 63 41 30 33 65 78 21 12 1 22 5 72 16 38 4 17 56 10 53
40 39 27 47 0 71 3 42 67 76 6 78 54 26 37 29 22 24 36 16 63 2 23 75 46 49 34 17 41 58 69 12 70 10 65 33 14 59 15 64 43 77 79 68 30 48 18 53 31 62 45 8 28 56 51 19 61 20 57 66 35 52 44 25 55 13 38 32 5 60 50 21 7 11 4 9 74 72 73 1
42 70 63 15 49 30 5 58 60 53 7 34 0 55 66 26 16 12 47 11 57 39 1 33 24 45 18 67 75 40 52 13 6 48 31 25 54 78 50 46 19 71 14 29 65 23 4 61 8 9 2 73 20 59 38 17 76 32 37 35 21 74 64 27 72 41 79 10 68 22 69 28 51 62 3 77 36 56 43 44
8 19 49 65 6 42 68 54 69 64 71 14 10 63 9 13 56 7 21 5 55 79 40 59 75 17 77 34 27 3 37 53 38 0 48 18 51 60 73 26 41 28 29 70 32 44 46 36 57 43 67 35 52 24 11 76 25 15 72 2 47 74 22 45 33 39 20 50 61 78 16 4 31 23 12 1 30 62 66 58
66 51 8 60 0 43 6 27 73 33 41 10 40 63 18 35 59 57 65 45 76 68 42 14 11 44 39 48 16 50 1 70 49 62 26 78 30 77 17 19 53 25 61 23 52 9 75 28 67 56 24 58 69 38 72 2 55 4 22 64 37 7 71 36 74 79 5 32 21 34 47 13 20 3 15 31 29 46 12 54
14 63 24 53 32 48 12 60 41 40 42 18 73 44 79 7 59 3 78 5 54 46 31 62 52 70 74 10 0 71 1 34 26 76 16 72 50 30 64 8 29 66 56 6 36 67 38 65 19 4 75 58 51 11 35 57 47 43 23 17 15 13 55 37 27 21 68 61 22 77 49 25 2 28 33 39 45 9 20 69
31 45 0 26 17 4 14 40 47 50 63 77 27 73 41 48 9 60 10 21 76 7 32 62 68 78 71 28 37 55 65 35 46 16 67 58 12 57 8 19 79 51 52 23 64 11 25 54 53 61 39 18 6 69 5 42 34 74 22 49 70 15 3 2 56 38 59 29 66 30 33 36 72 20 1 24 13 75 44 43
24 77 2 37 61 75 3 44 65 47 4 46 0 20 18 15 16 73 23 51 11 49 66 33 60 41 79 8 28 59 7 34 36 74 30 6 68 35 10 5 69 57 76 25 71 9 13 39 58 50 70 67 52 45 43 62 17 54 31 12 72 40 53 1 38 78 32 19 26 56 55 63 29 42 27 14 48 22 64 21
2 13 9 59 18 55 75 76 54 19 12 52 40 21 20 11 78 57 50 74 63 30 65 34 72 51 15 44 42 38 1 16 24 4 70 41 5 22 67 56 37 60 32 53 28 58 6 29 36 46 79 26 17 77 73 69 45 33 23 48 47 61 3 8 7 64 10 62 66 14 49 0 31 71 43 39 27 35 25 68
77 49 65 47 41 42 60 20 39 10 36 7 53 43 21 0 27 15 74 28 45 25 34 63 18 33 8 26 13 68 3 50 30 51 23 1 69 35 58 61 22 56 12 57 66 72 4 31 79 75 19 46 52 62 67 16 55 78 14 54 38 5 71 2 59 24 32 9 44 48 76 73 70 17 11 6 64 37 40 29
23 63 12 41 27 5 46 56 70 16 58 9 78 18 76 53 3 45 30 68 8 67 74 79 49 55 50 44 34 65 48 60 13 59 1 51 72 47 11 36 19 2 31 37 0 42 64 24 35 17 43 20 22 21 40 14 7 52 32 57 73 75 71 15 28 38 69 66 62 29 10 6 61 77 25 4 26 33 54 39
66 23 39 13 1 2 65 35 73 61 48 14 31 30 47 43 41 21 40 74 77 79 5 76 49 17 33 71 69 55 46 59 68 34 52 72 44 29 24 11 37 32 51 38 20 54 12 27 25 26 8 36 3 64 19 10 28 4 50 15 7 62 53 75 70 78 63 58 9 22 42 67 60 18 16 0 57 56 6 45
1 37 14 52 73 62 0 76 9 19 55 26 35 47 32 79 56 6 33 65 59 54 50 30 12 57 17 23 39 18 44 16 4 53 68 29 49 61 58 21 2 7 75 40 69 25 10 42 28 34 46 41 71 67 45 5 38 48 31 78 15 36 8 63 24 77 13 27 74 51 11 72 22 70 3 43 64 20 66 60
30 50 18 12 42 44 52 34 4 5 71 56 35 66 13 51 73 67 59 77 6 60 3 31 39 48 45 33 58 8 32 11 79 10 37 78 54 62 64 23 36 41 1 22 21 53 2 74 26 63 28 17 55 46 9 61 25 75 24 47 49 72 43 65 20 7 14 68 40 38 76 29 16 27 19 57 70 69 15 0
38 42 8 27 12 26 72 74 11 15 57 78 18 20 3 40 34 65 58 62 50 69 54 66 5 59 35 56 2 24 61 45 28 37 60 41 51 9 25 64 52 36 73 17 55 63 39 29 67 48 13 16 21 46 71 10 30 32 53 1 7 70 6 44 43 79 47 0 14 31 76 4 23 68 22 49 75 19 77 33
41 65 3 13 74 60 57 10 36 1 9 72 48 45 19 46 39 44 43 73 71 77 4 37 75 31 53 23 33 24 64 68 52 6 20 18 66 22 12 67 49 42 55 59 2 79 32 70 27 8 35 62 61 76 56 58 50 0 5 17 25 21 63 40 11 28 30 34 69 7 38 14 78 47 54 51 29 16 15 26
33 89 31 32 63 41 10 40 9 2 39 94 82 42 57 74 47 43 32 81 85 37 41 33 63 72 30 46 95 94 59 26 13 40 65 11 86 9 32 34 69 56 20 55 27 37 83 74 48 10 50 54 47 52 70 95 58 13 80 97 3 89 72 69 100 18 11 86 100 38 53 78 7 22 82 67 59 85 97 57
29 30 74 87 84 6 44 53 37 24 91 53 55 99 100 75 89 91 5 20 26 76 81 63 60 69 87 76 68 34 57 100 14 72 94 83 12 83 35 67 72 60 75 12 99 5 46 34 58 36 36 49 55 85 38 45 44 39 39 64 54 14 85 29 74 96 90 43 77 83 6 56 42 14 5 71 87 29 35 99
95 54 83 14 97 54 69 50 9 29 9 25 76 97 56 48 62 72 56 48 58 34 96 14 69 49 91 22 51 43 41 84 21 67 74 24 87 3 90 21 93 62 81 21 31 19 62 40 36 35 82 99 77 49 58 46 67 42 40 98 47 10 51 99 95 54 24 52 47 75 22 76 49 57 13 45 83 80 60 69
99 43 39 73 99 19 57 9 68 57 18 11 42 95 42 25 81 14 65 58 39 73 20 98 18 15 18 23 83 75 72 88 78 78 95 63 5 95 36 49 92 80 100 63 88 85 46 18 19 32 76 5 68 96 94 29 86 18 35 90 40 61 60 70 85 69 21 20 6 12 55 17 22 5 91 89 91 64 10 6
86 97 95 6 57 1 29 99 82 42 15 80 46 100 50 20 42 81 10 37 18 75 30 92 27 100 60 66 54 49 92 97 91 54 45 67 37 67 94 65 100 38 67 19 59 41 47 9 65 18 56 45 26 26 57 9 23 39 85 38 79 93 53 12 51 1 59 38 39 18 84 99 59 20 83 61 83 65 3 79
85 40 71 18 88 61 56 52 41 84 78 46 92 26 42 91 72 47 66 18 87 26 78 38 67 14 93 36 26 13 83 63 55 34 57 41 95 62 8 67 5 7 33 2 33 68 29 32 56 99 14 57 9 95 82 77 56 86 1 90 98 77 33 45 34 70 68 75 51 71 63 75 17 86 25 65 42 98 32 3
84 39 98 22 72 2 82 56 3 79 25 94 97 58 56 23 76 40 49 80 76 67 80 62 93 71 12 37 9 77 44 8 86 15 72 5 74 19 81 96 29 3 58 82 54 70 27 34 76 50 60 40 73 57 38 51 65 85 59 95 76 12 63 96 52 37 42 52 38 46 21 7 3 10 77 59 100 63 19 24
12 34 51 2 43 60 93 57 26 49 33 39 48 80 38 76 51 23 8 3 59 12 10 40 35 42 40 74 49 93 96 54 89 33 44 80 89 20 22 58 78 31 40 1 9 97 48 81 50 23 44 51 27 11 50 68 68 75 59 31 87 34 94 45 57 61 38 15 45 52 95 33 25 89 65 3 37 94 15 41
72 53 99 15 87 48 41 79 27 93 10 84 84 67 27 7 70 53 5 76 30 13 67 72 87 88 77 63 82 88 47 84 51 74 43 86 50 76 100 56 38 55 100 76 2 3 11 63 20 1 56 61 57 7 71 74 4 43 86 71 24 21 55 96 64 34 8 18 31 19 68 34 97 100 45 36 57 10 83 99
7 40 34 84 71 42 58 2 39 68 80 50 63 15 55 61 12 63 65 74 33 36 48 28 19 65 96 14 89 77 93 15 38 17 23 2 14 59 29 48 61 90 9 89 88 3 53 72 92 20 6 97 53 98 69 17 91 21 41 56 28 30 98 73 28 4 87 84 50 84 19 8 11 64 25 89 52 33 85 96
53 92 20 81 65 57 18 83 1 6 56 83 5 26 25 88 18 1 92 95 16 36 91 74 46 28 48 21 5 65 8 73 93 6 67 22 13 12 76 27 63 24 77 26 76 1 24 69 97 17 8 37 82 8 34 9 16 96 41 98 17 67 27 97 83 15 66 94 44 84 55 31 33 85 80 29 65 76 31 23
53 65 79 11 21 60 44 80 17 78 67 40 16 69 85 80 39 49 27 42 11 45 27 56 16 1 34 65 87 80 35 72 15 22 80 23 87 36 23 20 29 9 20 58 20 88 26 82 61 68 38 48 25 66 70 71 81 88 52 10 9 86 97 97 70 12 98 77 67 29 68 29 31 68 97 35 30 37 60 56
18 79 56 31 73 97 91 94 78 49 96 16 16 53 87 72 17 76 9 4 21 59 93 30 74 37 33 6 87 66 99 1 18 100 49 56 96 68 68 53 20 32 57 91 28 61 96 75 11 71 41 93 74 74 15 31 18 8 36 41 40 63 48 44 68 48 97 75 10 75 25 80 72 2 30 7 40 40 42 75
11 40 11 19 9 97 10 73 79 57 9 3 49 95 10 84 1 65 1 2 65 43 16 4 80 16 44 69 69 19 48 27 67 40 84 73 3 32 48 61 32 30 53 71 27 43 97 79 71 87 37 12 35 68 28 45 83 53 99 17 91 78 15 51 7 25 52 97 54 46 37 96 35 100 63 50 41 64 85 14
60 30 72 43 82 75 59 23 25 25 60 49 28 87 80 53 27 36 48 79 16 21 2 16 22 30 4 88 63 13 92 49 39 16 82 89 38 2 62 4 27 97 14 83 31 7 71 85 59 73 94 6 27 63 68 8 79 55 19 56 77 67 62 93 91 2 85 50 91 44 97 96 62 7 27 90 76 37 9 67
54 98 31 100 71 91 25 23 30 80 17 83 15 8 74 59 65 73 62 31 18 29 64 70 69 58 35 74 84 95 51 19 15 17 66 52 15 58 56 90 43 8 13 16 32 4 37 24 15 9 52 48 15 69 51 78 27 52 2 80 66 34 61 89 85 85 90 7 78 72 51 88 76 27 44 80 90 78 36 55
35 1 5 32 2 61 32 27 52 83 42 75 41 58 53 24 69 37 57 42 42 9 22 82 64 57 80 59 40 87 6 85 91 57 68 39 44 62 50 1 35 49 37 28 54 14 15 2 60 87 5 32 81 42 62 19 100 29 13 67 35 22 20 5 1 4 20 86 75 38 89 3 24 31 98 15 53 46 32 83
79 50 46 10 93 33 58 49 92 1 20 4 46 18 94 82 10 76 16 23 41 93 1 26 87 62 17 54 19 54 37 33 93 84 44 6 80 93 95 26 74 94 95 54 93 99 4 23 46 60 49 59 1 94 21 37 10 42 44 71 82 95 35 4 37 85 20 65 100 48 44 41 6 49 5 9 90 93 12 99
27 39 27 59 58 23 54 18 38 60 96 68 62 73 95 14 82 52 10 21 56 3 77 15 11 68 64 47 59 25 38 10 9 93 95 4 46 41 26 85 48 11 43 33 2 64 35 42 6 69 57 23 31 20 61 66 57 87 27 6 18 71 77 46 98 26 99 40 51 56 66 93 13 74 31 7 45 32 18 26
55 75 40 54 83 1 29 1 23 41 21 28 7 7 100 99 44 82 55 65 13 95 83 98 67 94 35 74 63 79 98 94 49 52 62 4 27 91 35 59 94 19 41 81 62 80 68 96 89 71 20 55 54 66 90 52 23 22 9 90 83 42 25 25 28 34 65 64 46 32 51 36 89 17 4 35 70 97 48 14
