20 80
41 13 27 61 65 69 34 22 71 62 29 11 58 30 7 5 72 24 52 6 8 55 0 60 10 67 49 43 33 68 59 36 46 63 39 2 53 16 40 57 64 42 54 31 14 32 48 78 20 47 66 28 74 25 18 9 26 44 23 4 79 21 3 15 50 51 45 19 17 76 70 73 77 1 56 35 12 38 37 75
57 16 17 49 40 15 22 66 34 8 37 71 0 26 44 68 61 30 31 54 18 70 65 1 41 55 4 7 50 27 2 5 38 59 23 29 74 58 52 36 78 6 20 33 11 28 62 77 45 53 39 42 51 19 63 47 24 69 14 12 75 9 64 32 73 21 25 60 72 67 35 10 56 46 3 79 76 48 43 13
29 11 51 57 42 73 74 68 36 35 41 47 48 6 10 33 37 52 4 24 16 12 15 69 77 62 32 1 14 0 71 8 5 64 44 61 65 75 25 28 9 43 67 17 7 34 63 66 60 55 19 21 58 27 3 78 53 40 2 31 39 45 49 70 26 30 46 20 72 38 54 22 59 79 76 56 23 13 50 18
21 71 78 1 26 61 36 0 10 4 39 25 50 72 53 9 27 47 15 3 18 57 38 74 30 73 66 31 24 2 33 77 40 14 28 12 16 11 35 55 48 20 75 7 54 52 65 63 8 29 32 60 34 67 17 79 13 42 51 23 22 59 56 62 19 76 70 49 58 43 69 5 41 68 37 6 64 44 46 45
42 41 24 69 57 5 9 14 13 46 78 32 38 65 11 34 53 74 49 29 39 35 28 31 72 67 73 25 22 56 68 18 70 21 64 10 50 54 44 36 16 52 0 48 43 59 66 40 7 51 79 76 15 60 47 17 27 61 45 12 58 75 71 19 62 77 4 8 1 30 26 2 37 23 63 33 3 6 20 55
29 20 41 0 47 66 7 64 73 10 71 5 30 44 57 12 23 77 18 43 1 19 78 17 9 24 62 2 33 32 37 31 58 21 46 51 11 16 72 56 74 79 49 15 52 38 59 54 45 69 39 8 40 76 50 67 26 42 3 48 22 34 4 53 60 68 36 61 70 28 75 63 14 6 55 25 27 13 35 65
53 62 66 50 34 49 27 76 9 28 16 60 56 33 30 11 31 8 72 75 73 58 69 78 35 74 21 6 25 7 26 42 38 18 41 65 0 13 32 45 71 17 57 20 70 37 14 61 24 2 48 44 10 64 15 63 55 39 19 29 5 68 40 51 47 46 79 4 36 59 54 12 52 67 43 1 3 77 23 22
65 44 42 56 62 57 3 46 21 45 47 53 2 9 77 37 12 0 67 20 60 10 5 41 52 27 19 23 22 48 18 24 55 1 40 73 28 11 39 33 4 14 17 49 29 43 75 34 6 51 50 36 78 58 71 63 64 7 31 30 70 13 25 69 72 38 76 79 74 26 8 35 59 61 54 32 15 68 16 66
6 61 33 43 45 26 52 65 57 39 54 14 35 17 42 62 59 68 12 32 71 20 34 31 37 79 72 8 56 19 30 23 9 13 3 77 22 70 47 10 25 11 18 4 29 67 53 41 78 76 16 64 49 44 27 15 74 46 24 66 5 63 73 58 40 28 38 36 21 2 51 50 7 55 75 0 48 60 1 69
73 16 12 75 77 48 42 49 57 20 72 19 76 66 59 6 17 78 45 61 15 68 18 26 62 11 14 28 38 0 23 60 2 24 8 36 52 74 40 29 25 53 13 71 10 27 35 37 51 41 67 33 63 30 65 22 32 58 1 64 47 69 5 56 44 39 70 9 46 21 43 54 79 4 50 31 55 34 3 7
61 23 11 35 59 8 1 38 70 49 68 30 2 51 72 37 55 40 31 27 67 10 41 50 53 16 5 64 57 21 47 46 36 65 79 28 39 19 33 42 14 34 71 48 17 56 76 15 32 60 3 7 77 73 43 45 20 29 26 0 69 24 4 63 75 54 66 58 9 13 44 12 18 6 74 78 52 25 62 22
17 42 5 1 72 65 73 15 30 76 37 29 35 21 45 60 9 4 49 28 13 71 36 23 10 44 48 43 75 3 57 77 34 14 19 22 58 69 33 67 55 66 6 70 63 50 68 41 27 59 16 0 11 74 26 20 78 51 52 25 18 64 38 53 12 61 31 40 56 32 62 46 24 7 39 54 79 47 2 8
30 32 28 25 44 51 16 41 70 40 72 31 56 73 10 75 78 77 21 24 50 45 19 23 42 29 60 46 61 79 35 47 1 57 59 66 33 4 13 22 48 12 52 63 65 8 49 58 36 5 71 6 39 74 76 27 20 26 3 0 54 53 18 14 38 11 37 43 15 64 34 68 2 67 9 62 17 55 7 69
74 46 70 4 34 58 20 45 40 38 1 27 64 67 44 13 53 6 35 66 59 16 48 63 11 68 55 19 56 18 60 50 5 37 10 8 61 9 29 77 76 15 17 49 25 69 0 73 22 71 41 26 51 79 39 31 65 42 24 7 72 32 21 23 3 30 62 36 54 52 43 47 12 33 14 57 2 75 78 28
22 69 41 38 79 12 18 70 71 28 61 36 54 76 58 63 8 11 14 30 2 7 23 17 77 40 16 6 0 31 65 44 4 3 27 33 35 1 15 46 24 57 59 64 73 10 21 26 51 42 55 60 68 34 75 20 9 66 72 67 13 62 47 48 32 25 74 29 39 43 19 52 49 45 53 56 78 37 5 50
4 75 58 68 62 72 31 16 34 0 48 1 40 65 61 22 66 53 69 6 55 79 51 78 29 45 74 35 11 33 76 5 43 26 77 8 50 42 37 39 17 14 56 59 44 18 38 36 21 7 20 73 23 64 47 3 19 2 27 15 71 70 10 46 63 41 24 28 49 67 25 32 57 54 9 52 60 30 12 13
23 29 20 74 75 24 17 32 38 10 70 51 42 1 21 47 63 67 56 41 72 71 16 66 76 9 0 48 30 60 15 7 14 64 18 37 34 11 59 79 43 53 4 54 13 39 73 6 49 31 2 36 3 27 58 77 50 5 45 12 68 57 44 61 8 62 22 65 35 33 40 25 55 52 19 26 46 28 78 69
50 41 47 74 48 22 64 39 5 77 61 19 10 49 54 12 57 11 9 53 76 42 46 6 0 63 3 18 32 23 15 45 78 37 16 55 75 44 34 66 43 21 1 24 29 33 58 72 62 13 27 56 51 70 30 28 17 2 59 36 38 52 65 35 26 40 67 31 7 73 14 68 69 71 25 20 4 60 8 79
41 11 39 73 53 42 78 38 7 66 64 32 56 79 34 72 43 51 4 71 77 26 18 3 31 68 36 23 74 60 22 25 70 27 35 52 15 67 21 10 50 65 76 61 12 1 46 55 63 5 28 14 2 49 0 59 33 13 40 17 57 54 44 8 9 30 69 19 62 24 75 47 58 48 20 6 29 16 45 37
37 73 9 31 43 23 19 51 79 48 77 74 2 75 26 45 38 6 27 15 69 5 65 41 72 34 4 52 49 55 22 78 14 24 58 13 18 33 30 16 70 50 36 71 10 25 3 8 17 35 12 76 54 53 62 42 60 67 39 64 21 66 63 32 57 40 44 68 56 7 20 46 0 28 59 47 1 61 11 29
59 82 82 73 51 59 96 27 16 32 82 86 89 64 2 52 11 25 57 32 94 81 58 70 10 54 81 38 70 74 59 86 1 58 13 77 98 99 91 15 77 79 38 46 83 41 72 47 59 77 27 40 67 62 88 24 8 58 84 85 100 6 26 13 27 14 1 82 19 79 88 23 62 43 3 33 4 82 62 3
25 56 12 65 85 11 54 23 72 39 10 76 26 70 3 97 62 55 97 65 95 2 88 14 20 59 89 96 17 18 37 85 86 78 69 65 54 35 87 13 11 69 27 12 18 78 32 81 30 16 85 33 71 8 17 89 99 75 85 98 46 54 92 56 86 35 74 20 59 71 73 57 72 61 72 37 97 86 98 73
12 70 95 69 46 44 68 54 84 55 67 46 21 81 86 11 5 26 78 67 40 44 5 8 4 88 89 7 65 68 99 19 83 76 18 15 52 28 58 40 50 51 30 60 23 97 39 48 90 68 95 46 83 68 73 87 47 14 90 32 75 54 97 16 50 42 57 87 100 18 41 27 67 29 64 57 70 85 51 85
70 44 30 40 84 9 44 96 94 71 88 66 22 15 45 56 94 73 14 89 91 15 38 99 100 29 57 46 57 99 96 49 85 76 88 22 89 61 49 76 87 43 62 53 11 42 89 98 87 97 67 72 68 64 58 3 74 30 70 81 40 73 3 29 67 5 35 93 69 25 73 71 18 52 63 30 75 72 70 40
82 28 69 56 97 70 83 32 96 96 14 34 23 90 83 92 95 50 85 100 54 81 51 6 83 69 47 40 23 14 66 60 64 48 25 78 49 90 71 83 1 46 90 51 54 98 49 49 43 86 85 77 96 66 72 12 44 59 13 97 98 39 47 8 64 84 95 35 59 41 20 30 93 26 37 15 11 68 96 11
89 23 54 14 25 44 64 100 85 13 60 45 44 18 17 76 98 38 25 74 70 43 5 65 33 20 57 94 43 79 99 92 17 59 81 91 15 34 49 33 96 7 87 98 75 37 19 83 33 2 73 68 85 61 76 4 54 36 8 86 20 13 95 19 50 41 89 19 19 48 65 75 31 1 99 48 39 38 59 47
35 59 77 100 36 20 98 5 82 67 21 33 67 1 4 47 9 36 61 75 4 33 31 45 3 44 56 96 70 87 81 15 25 75 5 22 61 60 12 53 18 29 9 68 11 46 53 35 83 94 28 45 63 59 93 16 90 58 28 62 68 51 32 95 25 88 77 93 42 49 84 65 37 69 71 7 55 65 72 51
44 56 20 18 4 75 26 58 90 21 44 57 34 84 28 38 41 28 80 98 75 29 77 46 35 72 26 57 15 32 66 59 54 35 85 61 89 17 84 74 38 7 61 66 88 77 16 11 48 84 16 25 46 96 99 63 42 67 8 91 11 97 76 67 60 1 33 80 45 93 58 79 64 6 53 51 46 19 30 37
45 51 53 78 87 47 37 90 62 64 59 39 32 34 37 16 17 36 90 13 89 85 98 57 40 39 26 94 97 89 41 100 4 57 79 11 52 29 46 37 57 42 62 7 84 49 6 54 100 8 4 35 3 68 49 50 77 55 13 1 76 57 76 20 47 60 46 62 43 9 58 23 89 29 31 87 88 69 25 66
8 40 76 61 60 44 42 91 3 58 77 50 34 100 86 28 92 67 85 22 5 21 69 2 94 30 96 71 50 61 23 76 38 43 41 46 78 45 10 26 21 96 60 88 19 72 81 87 8 22 12 1 17 38 39 96 43 88 77 20 65 56 7 92 82 18 83 81 48 13 17 51 15 72 69 72 92 37 99 83
78 47 17 4 72 100 21 32 64 65 9 66 16 88 76 9 6 58 83 98 1 78 48 15 56 86 27 24 32 62 98 8 59 1 38 72 49 77 74 21 2 56 97 42 86 22 13 84 59 34 58 3 72 51 65 98 74 85 23 90 33 69 45 96 81 92 18 9 33 40 59 97 37 54 25 46 54 89 1 96
70 98 74 41 41 52 31 23 71 26 66 16 69 59 65 61 13 36 56 17 10 47 62 89 94 62 33 63 21 92 9 27 68 91 4 97 85 49 35 52 42 80 95 78 100 97 80 38 47 63 27 8 21 17 92 32 37 64 39 11 46 100 70 46 28 64 24 78 50 75 81 89 40 29 34 91 31 4 15 6
32 47 67 36 95 99 4 72 55 39 14 85 58 79 81 27 1 88 57 45 48 30 47 21 10 92 65 9 34 10 52 29 12 12 80 98 75 60 92 21 6 95 47 17 10 85 87 96 48 28 3 36 83 63 52 62 39 34 78 54 13 45 79 14 66 24 68 30 51 91 61 49 90 16 32 63 13 38 74 1
65 41 53 2 4 24 81 72 55 98 24 33 29 71 8 68 51 52 4 74 85 28 23 34 39 55 41 87 77 5 66 28 69 33 53 54 76 86 40 20 67 97 90 59 22 79 63 8 6 23 21 99 58 30 8 9 25 12 13 26 81 29 88 73 70 75 9 60 68 97 50 66 79 96 41 27 32 81 53 76
21 56 4 6 38 72 61 59 96 52 62 16 45 73 94 41 20 10 31 46 67 76 18 61 83 18 46 49 74 52 69 45 29 57 44 100 54 35 95 20 88 75 2 87 80 55 83 12 86 68 82 25 61 99 95 10 78 13 19 92 76 53 73 56 61 81 23 34 18 75 70 35 100 99 5 83 56 94 54 58
35 7 53 28 74 48 80 40 97 61 98 68 52 51 36 81 67 48 33 11 47 88 15 42 95 70 86 50 55 26 26 4 39 24 37 20 28 80 93 49 43 25 4 100 65 32 27 34 17 79 94 58 61 29 87 51 29 86 68 38 39 22 23 44 64 25 55 95 43 22 81 100 65 17 52 98 31 62 86 82
65 32 61 62 90 47 82 63 49 61 86 64 100 18 84 62 10 39 43 66 100 55 8 77 67 48 69 66 56 92 5 3 96 71 4 42 31 82 93 6 94 84 74 91 96 88 33 53 41 25 41 10 35 88 49 65 63 11 34 94 22 91 33 59 30 12 87 55 39 49 86 8 89 89 99 10 52 63 13 31
4 49 40 100 53 12 96 42 17 96 95 71 52 6 68 7 37 84 13 12 24 70 10 7 56 34 66 78 52 15 44 99 64 70 90 31 65 95 69 10 73 15 29 15 80 66 25 83 18 17 7 84 15 96 79 75 21 87 68 74 74 49 36 56 35 77 53 66 14 55 10 19 14 49 26 64 68 17 86 30
19 81 95 14 8 71 70 26 78 42 51 4 59 54 21 82 50 32 1 76 8 27 36 46 72 57 84 86 61 17 22 1 7 47 22 53 41 93 57 24 20 86 100 88 89 46 17 16 21 52 93 35 33 11 5 96 39 62 46 92 75 94 36 5 2 81 21 62 76 12 14 6 47 69 45 13 38 28 92 69
28 38 8 86 73 43 92 31 94 11 41 56 84 35 14 43 92 48 86 88 59 40 78 25 34 36 17 58 35 37 100 91 83 36 35 36 76 23 61 83 100 66 67 35 93 89 51 1 19 46 78 41 32 90 21 95 34 23 66 21 57 62 27 65 46 85 75 80 19 40 78 7 72 22 93 37 73 60 61 95
