20 80
38 9 55 39 30 79 11 73 61 14 15 37 13 45 54 58 51 26 68 0 70 27 17 43 31 10 75 40 3 28 67 44 2 22 32 52 64 47 59 23 25 36 8 62 20 4 65 21 57 46 29 24 5 53 19 35 56 71 69 76 1 18 48 6 34 72 66 50 60 41 74 7 16 63 77 42 49 12 33 78
59 50 66 47 2 71 8 27 77 35 70 17 46 19 32 30 72 26 68 15 51 9 3 29 75 55 4 41 58 38 37 44 14 18 65 57 74 78 25 52 0 34 23 39 1 7 16 42 60 61 28 31 43 53 13 24 54 64 48 12 56 20 10 21 6 79 67 62 22 69 45 33 36 40 76 11 73 63 49 5
78 67 54 60 46 68 16 75 9 72 0 24 77 35 13 76 25 3 33 5 55 50 18 42 58 63 44 17 37 6 22 12 7 31 57 15 47 56 2 40 59 20 8 73 62 48 23 30 36 11 69 27 61 10 70 51 65 28 74 52 1 32 71 79 26 43 21 64 38 19 53 39 34 45 14 4 66 49 41 29
37 61 5 34 64 28 76 72 1 25 20 30 39 70 31 65 21 38 74 53 42 79 23 51 58 59 9 4 44 24 22 19 3 49 6 45 63 35 54 57 75 77 67 78 18 68 73 17 40 16 2 12 43 26 29 41 36 14 60 46 71 7 27 33 62 15 13 0 11 47 55 10 8 32 52 56 50 69 66 48
55 78 46 67 40 19 65 9 5 20 58 6 73 75 64 22 49 24 37 18 1 42 48 27 62 3 7 51 15 77 35 45 39 0 21 63 74 26 72 32 54 61 30 56 8 50 57 43 28 13 60 10 38 71 11 23 2 4 29 52 44 34 70 41 14 79 12 69 53 16 17 25 59 33 36 68 66 76 47 31
31 73 66 58 76 54 15 25 17 43 24 75 71 70 69 72 13 22 62 5 19 18 42 57 59 32 7 4 2 14 26 11 60 53 39 79 34 65 23 41 28 20 30 46 49 33 50 55 48 16 29 78 47 44 8 27 51 12 52 38 36 63 67 45 6 64 61 56 35 10 0 9 77 74 40 3 68 37 1 21
52 72 5 42 45 35 78 1 16 2 39 48 79 76 59 47 43 31 37 24 13 55 77 63 27 12 7 68 36 0 70 54 22 33 4 44 75 9 25 18 60 17 74 46 3 56 57 41 26 61 49 40 53 21 51 65 30 20 34 8 62 50 28 69 32 58 11 64 15 10 71 73 23 6 14 66 29 38 19 67
68 36 66 37 65 35 15 8 39 46 33 32 18 19 70 67 57 78 53 30 11 10 73 60 69 4 12 79 52 54 24 14 50 21 42 38 75 47 29 9 58 45 61 44 5 2 40 31 72 23 48 71 16 13 56 3 20 6 27 34 7 0 74 25 55 62 49 17 41 1 22 77 76 59 64 43 26 63 28 51
7 9 35 30 77 8 46 41 25 32 34 55 52 19 51 45 66 68 4 1 18 54 53 48 57 36 78 16 17 61 26 31 22 73 24 72 14 62 60 47 63 33 71 67 29 38 39 10 6 3 79 64 28 49 44 27 13 40 50 37 11 21 58 76 0 59 65 75 5 70 74 20 56 2 69 42 12 43 23 15
61 32 17 52 31 79 38 14 69 68 25 23 2 76 67 46 58 62 40 37 66 16 9 55 33 12 36 24 22 8 27 15 59 10 78 50 28 21 29 74 44 35 53 70 20 77 19 1 65 71 41 26 54 72 45 43 11 60 56 42 30 34 7 64 6 18 63 75 49 39 47 73 51 5 0 48 4 13 3 57
27 31 38 58 66 22 20 50 49 15 71 10 52 40 26 18 0 63 5 33 35 44 47 12 73 1 16 48 3 29 43 68 24 55 13 37 70 4 46 56 19 25 59 60 6 65 11 64 45 30 17 39 32 69 9 41 79 2 75 78 21 42 72 14 77 67 34 7 74 54 36 57 28 62 51 23 76 53 61 8
45 44 7 29 9 59 40 2 35 56 10 63 72 31 33 52 19 25 8 51 73 24 74 58 61 12 47 69 78 67 5 11 68 30 15 65 55 14 37 60 13 53 32 1 43 34 57 26 48 77 28 79 17 27 4 62 22 3 39 66 76 46 36 50 49 41 20 71 54 64 6 70 18 75 0 16 23 21 42 38
60 25 47 12 79 61 13 36 73 63 72 2 11 16 78 8 42 35 62 53 33 5 15 29 9 70 32 26 67 50 51 34 23 65 74 22 48 4 31 20 30 21 6 66 1 58 37 28 71 55 46 68 76 41 39 69 7 17 10 43 54 52 57 0 38 59 75 24 64 19 49 40 14 18 3 56 77 45 44 27
47 31 60 26 64 78 67 29 68 40 45 32 73 57 76 4 3 56 77 79 21 11 43 65 49 22 18 52 23 12 6 74 55 5 44 59 71 75 50 33 63 8 19 54 61 28 39 34 48 66 2 46 70 35 24 37 9 15 69 51 14 42 13 1 36 38 25 53 10 62 17 27 72 20 7 41 0 16 58 30
21 64 32 41 6 49 5 62 4 61 76 3 8 63 13 35 50 12 54 68 53 45 10 51 72 15 37 2 48 31 25 60 1 7 18 26 71 39 28 46 57 47 14 40 70 66 79 58 9 77 23 30 43 73 24 34 44 65 74 67 38 36 33 11 0 55 16 75 27 22 69 19 17 42 52 78 20 56 59 29
21 46 33 68 16 34 40 74 75 61 13 47 6 1 10 72 20 22 63 23 77 19 37 67 7 4 78 71 62 79 60 27 70 26 52 15 44 59 43 3 2 12 66 48 38 55 8 41 64 36 30 56 31 29 11 73 0 49 65 69 51 14 17 18 53 25 32 9 39 45 57 42 76 35 50 58 28 24 5 54
78 77 26 66 48 5 46 4 79 31 53 62 30 6 55 57 61 50 15 11 2 37 59 52 42 8 41 43 12 16 34 51 65 17 44 32 0 45 58 21 68 28 38 23 25 7 39 63 67 76 64 3 24 27 9 49 56 29 72 33 54 40 60 36 70 18 1 75 35 22 10 19 73 20 13 14 74 69 47 71
63 77 13 1 42 20 14 58 78 34 30 29 7 43 54 79 26 52 73 69 3 6 57 27 61 4 28 64 22 19 0 16 47 55 65 9 68 74 37 45 5 23 18 75 59 46 17 11 24 71 2 15 31 21 51 25 8 32 35 44 33 72 36 39 10 56 76 12 62 50 70 49 38 53 41 40 48 66 60 67
27 40 16 4 0 51 1 50 38 32 52 61 44 15 55 28 18 74 3 29 48 23 77 47 57 58 43 41 2 37 68 71 60 39 17 14 24 35 65 26 53 8 64 73 21 19 11 70 54 31 36 62 69 76 78 13 6 75 63 42 66 33 67 5 10 7 30 49 46 9 45 79 12 59 20 22 25 34 72 56
58 72 25 76 35 63 61 73 36 34 2 29 59 44 13 4 0 11 66 27 22 52 21 62 54 38 23 75 26 49 20 47 31 53 32 12 70 3 68 55 10 67 30 41 77 69 9 17 24 64 79 40 19 71 56 8 50 15 46 57 14 28 51 39 7 33 1 45 78 18 60 6 16 65 48 74 43 42 5 37
60 23 92 66 93 86 79 29 96 40 49 9 89 48 63 68 64 62 72 28 9 82 100 12 4 88 16 46 96 98 35 96 25 36 82 81 95 17 86 58 12 8 98 16 97 88 98 17 24 4 9 92 99 60 95 21 49 91 63 16 1 26 90 27 67 37 6 11 90 100 32 82 62 95 71 93 53 20 13 14
5 53 50 42 87 2 85 82 21 27 79 8 74 2 13 81 27 49 87 60 12 54 73 9 65 63 51 87 40 56 26 72 22 28 40 62 88 3 32 72 73 30 74 38 74 31 62 31 58 23 92 50 99 11 43 46 10 71 27 71 71 36 22 73 31 28 5 64 53 63 33 74 63 69 58 9 94 3 45 55
4 21 25 1 67 7 68 86 100 4 60 14 61 69 84 71 99 96 84 22 29 75 90 13 13 61 1 94 49 85 12 80 95 56 89 52 45 79 69 79 79 69 58 85 20 23 10 38 37 25 16 15 70 94 37 66 50 97 22 70 69 23 63 15 68 30 30 44 85 56 46 97 92 28 76 79 58 83 14 95
25 62 87 79 71 14 82 88 19 67 59 33 54 68 81 84 32 84 26 7 64 44 96 15 71 27 81 31 50 28 65 80 69 46 77 24 39 16 6 69 43 34 55 79 89 29 17 54 45 28 5 29 79 76 62 81 84 63 45 59 6 10 13 9 34 91 58 93 24 44 33 65 28 8 22 8 66 42 21 31
44 100 29 40 98 85 85 21 83 44 29 9 46 100 59 11 37 5 28 27 32 50 11 10 60 47 1 93 21 54 75 59 77 51 95 25 56 2 61 39 8 14 44 98 41 89 44 29 41 81 97 55 19 25 35 46 63 11 87 77 97 17 35 14 16 60 6 8 60 34 68 67 60 74 4 13 70 24 79 40
97 37 8 97 3 5 52 38 35 28 2 54 25 80 36 48 68 65 90 2 23 64 29 8 22 78 89 73 7 91 35 72 13 76 82 4 26 47 50 48 13 68 45 40 44 84 31 39 97 89 45 45 31 49 38 75 33 18 89 28 23 68 44 37 41 37 63 87 12 43 35 87 69 20 61 51 88 40 34 74
8 66 21 89 65 82 53 82 5 23 87 21 64 83 42 46 86 60 89 33 41 86 53 61 10 45 21 67 99 37 68 3 45 72 96 20 2 93 64 96 59 54 75 34 58 53 95 100 31 99 30 2 86 89 21 58 29 39 49 82 95 72 78 95 93 78 42 24 47 100 92 35 60 99 60 13 60 54 56 21
68 22 90 31 33 11 45 50 91 9 3 88 10 97 75 13 9 61 84 42 87 13 65 94 69 24 37 10 95 76 62 63 19 40 77 51 98 26 70 28 33 76 62 63 67 90 71 3 7 4 28 18 2 7 67 76 37 29 31 11 2 8 56 61 84 63 1 96 1 25 18 11 47 58 32 82 47 66 77 31
33 68 58 22 96 17 81 29 38 82 66 75 15 59 72 11 8 7 28 25 73 93 33 53 67 95 29 54 66 8 15 77 81 75 14 83 71 33 33 75 22 34 43 92 81 35 56 65 21 60 10 33 1 35 53 55 14 3 81 38 31 56 80 9 90 57 91 34 34 95 66 68 36 75 49 66 24 57 67 75
11 13 86 11 75 84 89 7 52 71 57 15 40 29 8 39 79 23 96 15 71 23 76 63 68 81 3 49 39 54 66 10 8 1 91 25 89 8 11 61 100 81 62 95 80 44 18 91 31 47 16 46 8 61 16 76 53 51 25 87 53 28 59 65 58 96 15 17 18 89 80 68 58 53 73 20 14 23 86 24
15 95 42 92 87 2 31 12 50 66 23 84 77 95 70 97 31 8 58 50 73 11 54 80 7 68 100 55 90 77 93 91 74 31 22 97 97 72 32 53 59 93 4 13 57 80 32 46 27 36 31 13 86 36 35 17 52 26 68 95 53 27 35 97 95 66 6 91 10 40 12 45 45 43 1 27 70 47 4 50
99 45 31 35 48 48 72 35 13 24 9 43 100 71 91 86 90 22 97 62 59 24 59 83 50 85 89 36 98 22 83 21 16 96 7 80 89 1 62 40 100 49 21 85 73 33 11 20 79 26 38 2 37 26 15 2 45 91 74 57 91 21 1 14 64 47 77 70 81 4 25 18 39 71 78 27 87 88 40 46
75 9 80 69 86 23 85 54 10 63 17 28 16 74 36 75 90 45 95 46 67 79 3 52 18 47 11 36 54 57 94 29 52 11 47 84 40 66 61 83 44 82 78 67 37 40 69 4 12 82 44 35 45 43 72 59 84 48 57 46 31 58 79 92 78 94 86 78 10 37 31 73 83 97 20 93 12 50 51 75
13 50 40 91 31 32 35 81 24 85 99 93 66 36 84 6 86 56 21 52 28 48 49 58 61 57 24 13 91 17 24 21 85 75 40 90 39 34 44 7 69 21 28 60 65 99 19 46 77 4 6 85 93 32 72 95 12 85 4 74 2 73 18 42 49 78 91 57 30 54 35 33 65 15 47 48 80 58 81 5
31 56 68 33 20 56 54 61 88 30 35 11 72 43 62 94 14 99 1 94 38 85 66 58 53 18 7 88 93 29 30 21 91 46 79 48 94 76 5 37 62 57 21 31 67 85 63 99 17 35 70 72 45 62 68 68 39 19 50 65 5 54 58 99 86 71 95 75 56 78 97 68 48 20 85 94 41 84 61 24
58 11 3 64 44 65 75 24 56 80 5 19 20 87 98 40 27 46 56 63 61 92 22 92 25 85 12 88 92 62 2 22 31 56 98 12 48 10 96 17 43 56 69 55 59 8 65 81 33 58 12 25 78 23 10 59 51 38 31 59 87 6 27 98 93 20 9 91 72 16 17 48 46 82 32 5 16 18 72 22
9 68 53 60 94 14 83 42 100 92 61 4 71 23 5 68 8 4 50 47 44 99 89 98 48 41 85 82 82 14 62 15 43 73 57 83 96 42 59 9 97 96 52 2 44 35 84 48 84 62 32 72 7 16 53 9 51 47 79 22 7 91 3 32 20 56 59 51 60 19 85 61 27 48 46 26 50 11 29 83
78 20 56 98 19 54 33 65 38 12 34 67 18 66 83 55 10 47 11 81 15 28 94 99 82 52 12 13 56 69 34 26 63 40 67 77 72 11 13 69 69 35 47 71 95 3 98 49 23 20 29 88 79 17 82 88 28 8 61 7 55 80 70 99 42 12 10 45 84 90 97 39 51 21 32 24 45 43 54 13
42 4 29 16 49 48 5 52 25 82 22 58 56 83 54 39 8 50 87 11 46 35 48 1 31 97 51 78 89 18 28 67 69 82 87 92 72 43 55 74 7 1 99 13 5 49 75 6 87 52 36 99 5 66 29 23 63 76 24 12 72 65 28 58 91 90 46 40 97 33 89 65 97 20 5 29 94 2 8 58
93 69 46 77 78 79 98 34 28 74 64 56 83 48 36 29 91 11 21 51 14 66 19 75 18 16 36 53 23 50 8 72 68 78 23 27 3 90 9 37 71 94 72 46 49 71 81 32 5 2 96 20 5 54 26 43 81 44 12 40 22 2 22 4 80 84 14 9 12 36 97 17 21 40 1 39 86 79 70 30
