20 80
29 58 53 28 27 71 14 60 0 45 40 68 20 24 75 41 37 18 7 4 26 6 48 13 25 11 61 51 21 47 34 50 70 67 3 62 31 49 59 19 63 66 65 74 38 17 23 9 39 10 79 35 72 73 1 44 33 2 78 56 64 55 36 76 22 12 57 5 30 77 8 32 46 43 16 54 15 69 42 52
36 34 43 60 33 63 66 40 1 70 62 39 11 53 65 23 18 17 13 51 15 21 75 57 47 30 25 0 55 78 56 9 49 29 52 20 38 4 8 67 3 59 58 16 35 6 72 2 76 10 32 46 64 19 26 22 69 12 61 45 48 37 14 68 31 24 71 28 50 42 44 41 74 5 54 77 7 27 73 79
49 35 76 67 19 33 63 43 70 15 78 59 32 4 18 61 47 60 22 74 58 1 40 26 48 41 17 5 68 46 30 31 9 25 7 2 11 3 13 28 56 45 0 50 29 23 16 36 21 62 12 51 66 37 20 44 53 65 57 39 52 69 75 77 38 8 10 24 71 73 42 55 54 14 27 72 34 6 64 79
46 29 59 25 6 70 35 60 47 34 18 36 52 30 42 9 67 57 20 37 15 8 44 33 5 66 28 3 75 76 19 14 54 79 62 69 24 71 41 61 7 39 55 49 10 21 63 50 2 23 68 65 56 58 1 17 0 16 51 4 22 12 48 64 77 74 53 40 13 31 11 72 26 32 73 38 27 43 78 45
18 26 47 57 72 25 5 9 28 50 62 19 24 76 53 1 3 40 65 20 2 23 34 44 61 56 8 17 68 54 51 41 42 39 79 52 10 16 73 30 36 0 46 32 37 66 78 6 13 22 64 12 74 15 31 21 63 69 70 14 60 77 58 38 4 49 45 71 67 11 27 35 43 55 75 7 29 33 48 59
27 45 67 25 32 16 46 42 36 22 38 74 21 56 76 3 14 18 1 7 58 40 8 50 71 69 6 66 73 15 23 9 55 34 49 75 39 44 13 52 33 30 26 64 61 70 60 57 19 77 41 79 31 29 59 17 78 28 51 62 11 47 54 53 10 72 24 48 65 0 37 35 4 5 2 12 63 68 43 20
21 71 11 63 5 53 22 58 10 6 7 50 76 30 77 28 39 52 26 47 38 79 27 4 31 16 19 23 8 49 13 68 54 18 34 78 25 41 74 56 32 70 24 14 45 62 12 72 65 57 3 29 17 59 46 36 44 0 55 64 66 51 33 69 61 73 15 20 67 35 9 75 48 1 37 2 60 40 42 43
34 67 47 13 37 31 75 63 20 72 5 50 3 2 43 68 73 8 29 17 32 44 76 40 78 18 4 16 35 65 54 57 61 51 64 1 38 52 22 49 48 46 9 21 59 55 30 14 74 62 11 10 26 70 25 58 41 15 28 66 7 36 39 60 42 33 53 19 12 45 79 56 69 27 71 6 0 24 23 77
20 3 1 60 79 58 59 55 42 0 47 2 64 56 34 49 73 52 78 5 16 38 75 63 44 53 45 41 24 74 17 18 48 40 11 9 57 15 32 33 70 21 10 68 19 71 51 31 69 65 67 66 62 29 14 72 26 12 8 36 28 39 43 30 77 76 54 46 4 13 6 25 37 61 23 27 50 22 35 7
70 2 50 8 31 26 19 34 71 73 43 39 30 48 61 79 13 46 16 44 49 25 37 56 21 22 51 17 54 60 4 78 64 75 10 59 35 12 24 76 69 3 1 28 58 62 63 18 27 0 7 57 40 11 29 32 55 33 38 9 45 53 36 15 77 42 47 14 52 5 65 6 23 67 41 66 68 74 20 72
15 19 2 12 42 8 51 53 13 29 36 25 10 31 38 58 62 17 76 57 75 7 59 30 6 11 40 26 32 46 23 24 79 52 14 41 77 0 49 56 64 16 37 35 5 4 61 20 70 68 69 67 78 3 28 43 22 45 27 73 39 60 63 54 44 48 50 9 1 71 72 21 33 55 65 74 34 47 66 18
77 53 18 27 2 69 72 74 26 75 4 31 11 54 33 17 42 7 30 38 51 35 67 22 63 43 46 3 34 10 24 73 66 40 76 65 71 21 56 29 50 49 64 28 79 36 8 12 13 45 5 70 47 60 25 62 78 14 52 6 61 20 55 58 48 16 44 9 68 15 0 59 41 37 1 23 19 57 39 32
2 37 25 77 30 16 60 79 78 71 42 48 69 45 14 12 34 31 67 0 64 22 33 50 41 13 7 52 56 74 21 53 24 65 20 70 62 66 28 73 47 76 36 26 49 55 5 3 54 10 40 46 68 61 18 38 39 29 72 35 4 44 32 17 11 19 57 1 9 43 6 59 63 51 58 8 23 75 15 27
79 39 5 53 58 2 11 13 66 41 73 77 22 32 25 44 20 67 56 37 3 76 57 52 51 30 8 63 17 45 75 43 33 38 50 40 34 12 48 7 9 21 60 78 72 42 31 27 16 14 18 4 62 55 64 23 54 47 26 29 15 24 35 46 68 74 49 61 36 70 10 65 28 69 0 6 59 71 1 19
73 66 41 56 0 27 8 11 6 54 39 35 68 43 58 24 67 7 70 46 15 65 60 75 23 5 4 1 72 33 30 51 64 44 49 69 32 53 38 61 77 63 42 17 28 25 18 52 48 74 16 26 62 10 47 29 14 76 13 71 36 31 79 40 3 21 57 12 37 2 59 34 78 50 20 55 19 9 22 45
0 60 71 79 73 45 37 69 76 30 2 58 43 47 13 56 57 34 33 48 7 53 9 41 46 40 16 17 10 74 54 77 24 70 27 1 11 8 49 19 38 64 15 67 22 28 5 20 63 4 36 3 66 21 51 52 44 29 25 42 62 18 26 78 12 6 35 14 31 50 55 65 72 61 75 23 39 32 59 68
38 63 78 14 34 15 24 44 31 26 71 33 32 59 41 23 76 48 42 69 6 79 0 3 61 77 40 43 25 7 16 21 37 60 19 5 52 62 47 29 27 51 72 70 28 67 66 68 56 39 45 8 36 22 9 35 50 20 53 1 55 13 4 64 30 75 10 12 54 73 17 2 65 58 11 18 74 57 49 46
34 72 48 12 20 65 40 14 35 36 15 62 25 52 55 37 70 43 58 13 60 7 4 18 50 53 71 28 0 32 44 75 67 9 66 77 39 5 26 38 8 24 69 57 73 22 16 10 2 64 76 11 47 42 79 56 1 63 31 30 61 78 59 49 27 74 41 21 68 29 54 19 51 17 33 45 23 3 6 46
59 57 8 39 76 12 41 46 16 58 4 2 45 66 53 1 36 73 31 72 38 44 26 69 49 51 47 54 20 61 7 60 5 48 13 32 43 62 11 37 75 68 23 0 24 71 9 27 74 15 65 33 42 77 34 55 18 30 35 64 78 19 70 79 29 67 63 40 6 22 25 21 10 50 28 3 52 14 17 56
74 1 63 62 4 56 71 67 9 37 36 35 10 30 3 64 42 8 17 11 47 54 51 5 14 43 2 48 6 28 58 26 55 15 60 33 12 18 50 27 25 72 20 24 46 31 40 41 49 32 69 44 76 16 13 39 73 78 79 22 21 29 77 68 75 23 53 7 34 61 65 59 19 45 70 52 0 57 66 38
23 64 42 35 85 23 52 64 40 76 16 94 97 69 2 6 39 33 18 87 68 71 31 32 64 91 43 95 54 95 96 5 55 19 82 42 96 37 27 66 15 97 68 40 68 72 93 36 88 32 95 82 46 51 56 41 43 73 99 56 10 83 85 3 63 18 28 81 63 7 93 16 72 42 81 52 81 67 27 11
9 73 4 53 56 42 85 2 16 77 19 76 26 74 7 84 80 94 75 73 63 76 87 63 70 27 96 47 85 7 46 6 94 28 44 82 87 29 22 44 79 100 51 99 73 32 82 42 31 19 10 89 66 26 87 9 46 60 1 90 31 29 65 71 79 36 69 64 83 69 31 88 89 86 48 85 80 26 97 84
14 93 48 39 52 28 78 89 68 75 51 17 66 40 42 35 41 11 59 61 49 92 95 39 17 18 9 41 90 74 40 13 66 64 96 81 81 11 52 29 87 54 31 38 45 38 50 30 26 91 2 26 90 23 42 25 36 11 33 76 38 62 59 40 87 4 25 57 6 60 83 11 58 41 50 69 62 51 71 48
75 96 93 27 60 96 65 11 84 38 8 60 58 54 47 58 67 25 34 8 87 99 84 31 6 66 37 99 56 60 2 34 87 87 19 51 71 55 48 83 17 2 81 73 41 71 54 95 93 72 24 6 67 52 97 49 32 44 12 49 33 82 15 40 39 71 40 2 3 6 14 7 49 66 26 66 31 31 54 38
45 66 79 81 28 41 51 82 20 66 17 54 29 44 16 21 54 63 83 99 7 94 65 31 59 43 63 45 13 45 36 71 78 9 34 96 71 7 25 52 19 20 45 89 23 25 99 5 37 14 36 38 84 64 90 90 55 40 35 48 24 91 14 23 81 25 66 49 29 85 24 93 71 70 16 53 77 50 17 7
76 59 94 11 51 39 97 95 27 39 61 18 45 24 100 18 83 41 87 6 61 30 8 7 69 97 28 28 78 49 99 98 8 3 27 85 43 2 94 45 10 53 91 75 59 96 69 77 68 98 31 60 83 8 77 21 82 13 24 27 48 39 43 46 97 81 18 44 86 79 16 27 77 76 89 77 51 30 43 49
33 38 59 13 45 68 25 64 69 69 2 29 54 36 21 95 8 76 57 83 27 2 53 8 91 34 24 91 16 66 81 87 48 70 56 40 21 63 96 9 54 10 44 82 19 94 22 92 34 10 22 49 62 51 66 25 7 85 81 87 87 30 67 95 36 44 76 8 40 79 69 43 51 39 41 81 88 45 14 52
72 74 48 23 49 80 95 84 29 26 94 89 56 3 8 13 80 90 69 14 89 10 81 76 2 42 2 45 18 29 93 48 16 56 89 16 43 70 56 6 96 21 99 5 82 29 55 80 34 72 76 21 48 21 43 96 23 61 32 8 6 78 95 55 13 17 32 77 68 55 25 72 17 59 65 68 17 51 59 49
4 59 55 13 6 48 94 20 24 88 68 48 40 71 51 54 83 53 33 82 7 4 35 33 14 70 60 26 45 98 12 62 44 88 46 13 24 56 45 94 1 36 69 39 77 18 13 22 79 96 8 56 6 30 33 43 51 12 5 95 99 45 88 46 51 17 38 71 43 55 40 96 95 18 86 16 24 36 62 100
78 3 70 4 53 43 43 20 23 77 26 25 1 20 26 69 35 100 82 36 50 6 69 18 6 19 39 87 99 50 11 17 65 40 62 34 62 47 91 83 100 69 16 42 70 78 44 42 36 15 53 16 77 26 37 38 46 89 89 86 39 89 47 6 93 5 45 79 58 20 58 11 15 85 61 94 29 65 87 65
20 96 7 29 45 14 23 9 72 59 91 48 83 78 58 13 36 86 56 8 36 98 23 67 83 24 48 50 92 70 52 45 44 74 97 64 22 91 95 14 78 45 27 91 67 1 99 55 87 81 66 39 45 15 67 55 4 1 26 100 51 25 66 8 83 70 28 84 60 60 68 49 76 75 9 28 90 27 65 95
4 60 61 3 48 38 33 64 9 1 83 69 73 95 22 27 63 33 42 21 6 93 51 6 71 2 50 82 1 86 89 70 55 41 60 94 70 25 72 36 95 72 91 5 25 35 40 60 54 16 17 23 62 16 89 72 5 85 49 17 62 37 85 18 90 75 24 96 62 92 85 15 83 94 13 77 26 14 44 29
85 75 96 1 89 64 29 85 53 55 45 32 57 16 61 45 9 22 97 8 98 65 56 86 54 79 88 83 84 84 45 23 75 29 18 45 65 46 55 76 5 100 68 59 73 46 28 80 40 89 17 65 20 100 17 64 2 24 32 8 9 17 31 72 72 85 41 54 13 64 76 75 83 4 4 1 68 55 63 99
59 79 11 95 45 98 13 66 3 60 90 16 56 71 92 22 7 18 50 69 46 97 67 43 93 9 13 2 19 66 47 84 49 94 19 77 40 18 15 93 54 53 2 64 50 43 47 31 88 63 75 77 83 96 43 100 92 35 20 94 36 75 70 63 83 93 5 90 83 18 89 35 94 31 91 57 34 49 85 45
72 86 36 43 46 80 60 44 45 28 48 62 47 72 18 18 89 2 53 46 20 94 2 76 55 45 31 78 84 6 65 40 65 27 27 79 71 13 71 15 34 53 73 81 74 94 67 3 90 81 76 69 72 88 100 100 74 90 37 93 41 15 84 77 80 36 88 11 58 99 14 45 54 87 70 41 68 83 100 9
49 4 19 19 51 37 87 56 98 78 8 25 88 49 23 52 28 67 8 33 26 77 57 98 26 88 83 21 32 40 69 26 88 39 7 19 45 5 3 97 56 60 86 93 88 57 99 41 81 93 2 41 14 15 62 54 32 37 88 73 59 60 75 71 68 98 76 34 41 10 10 63 21 59 69 2 99 91 78 39
71 16 81 91 55 36 71 91 40 77 95 51 22 62 58 98 14 3 75 3 46 84 87 37 21 66 74 74 82 42 53 96 50 58 64 50 61 83 76 83 34 78 40 53 45 87 63 82 13 56 14 34 3 19 92 41 3 52 95 55 92 55 85 53 37 13 74 99 15 43 33 37 48 8 80 91 51 22 26 53
86 83 62 46 13 25 3 36 85 56 1 57 14 85 87 97 18 69 14 24 80 49 23 14 36 90 48 25 18 21 63 64 35 31 64 15 27 98 91 63 25 5 16 92 61 59 89 67 92 19 10 21 8 29 57 67 3 61 18 20 12 59 4 91 30 98 1 100 40 92 7 69 39 70 40 73 32 59 28 15
30 4 88 87 41 2 25 40 37 97 99 43 52 19 33 26 58 99 97 57 12 38 76 91 39 33 62 80 32 72 47 1 17 45 98 96 17 50 8 20 89 86 90 96 81 89 50 21 71 60 19 35 48 12 41 38 28 75 22 32 74 83 100 37 38 13 80 81 1 31 41 54 69 14 98 79 79 69 63 52
22 44 30 72 59 81 69 46 22 39 7 97 68 6 71 73 62 38 45 64 1 23 27 61 64 18 42 87 45 60 97 72 66 99 55 95 17 63 91 53 80 26 70 48 76 24 54 98 60 92 33 51 43 76 42 14 11 61 75 97 36 92 6 76 43 22 31 59 61 58 12 61 81 11 42 61 91 58 93 22
