20 80
21 57 61 38 17 14 7 31 25 27 78 12 22 0 73 15 11 79 2 44 51 53 47 24 56 9 66 55 48 20 60 19 6 3 23 34 62 74 30 41 65 4 70 59 37 40 28 43 1 77 26 58 5 16 49 29 75 63 68 10 72 18 50 54 39 8 42 36 45 71 52 32 67 35 64 69 46 76 33 13
13 38 24 9 27 20 62 76 42 45 36 32 11 15 49 10 1 52 74 19 14 72 17 23 21 7 39 77 71 18 44 47 3 56 75 73 57 2 54 26 66 35 65 59 29 48 67 22 41 40 37 58 5 51 28 55 64 68 50 25 78 70 60 12 46 33 0 79 69 8 34 63 43 31 61 30 4 6 16 53
42 33 53 41 61 62 12 56 52 55 47 31 1 26 29 75 10 69 22 43 78 38 39 63 5 54 36 79 7 21 76 23 40 4 15 57 49 72 32 27 30 0 25 13 16 9 28 37 24 58 44 65 74 17 71 19 20 67 3 34 77 46 59 68 50 45 70 73 8 51 66 6 60 14 48 2 11 64 35 18
61 54 33 64 72 36 19 56 17 15 6 23 10 0 31 8 29 66 74 2 65 30 11 76 28 5 52 75 37 78 53 44 12 35 7 49 9 55 46 63 47 58 27 25 18 39 38 60 40 51 4 48 42 41 70 68 59 14 1 62 20 3 22 69 57 50 45 67 77 79 21 34 16 43 13 71 24 32 26 73
55 11 49 22 19 32 79 23 58 51 2 52 46 1 30 25 3 66 9 35 17 71 14 21 20 13 65 15 67 74 41 34 39 4 24 0 43 60 50 45 62 27 26 33 64 78 29 44 75 56 76 16 77 42 7 8 57 5 73 53 36 63 72 10 18 47 61 68 69 59 6 12 40 70 31 54 48 28 37 38
5 35 64 49 21 45 22 38 39 28 77 44 2 33 14 63 62 73 67 9 46 65 30 68 54 23 7 48 36 1 0 56 51 15 25 10 6 66 42 71 40 57 34 41 52 3 76 17 32 24 58 75 29 55 70 59 78 50 13 4 72 47 8 69 18 11 20 61 31 37 26 74 27 79 12 19 16 43 53 60
2 68 37 44 0 26 20 18 38 49 23 19 27 60 62 31 61 51 25 36 35 59 30 3 74 39 42 5 73 34 10 77 40 63 29 64 58 41 48 4 11 8 75 56 57 14 6 21 69 46 70 45 47 50 78 33 12 15 13 32 7 65 22 53 52 79 28 66 17 67 24 1 54 55 16 72 9 76 43 71
63 1 69 36 19 50 24 54 13 58 37 68 25 56 33 11 51 44 21 8 40 72 71 26 49 31 43 74 67 16 9 14 20 39 46 62 47 73 61 10 15 42 77 30 75 34 23 28 70 22 7 3 66 53 29 78 64 45 65 35 55 6 48 41 57 38 79 59 27 4 2 0 18 52 5 17 12 60 32 76
45 48 69 32 2 13 12 76 63 36 41 4 70 79 24 49 66 77 44 43 1 78 6 39 57 35 28 9 3 31 55 38 73 33 71 8 54 30 21 50 65 20 74 27 52 25 5 59 56 46 37 23 34 29 61 47 42 51 53 11 40 68 72 14 58 75 60 18 17 7 0 15 22 10 16 26 67 19 62 64
5 79 10 69 6 16 21 46 45 61 52 8 44 66 67 72 78 37 18 19 12 65 40 28 62 70 51 38 42 50 34 49 0 74 35 54 47 63 58 1 32 17 11 60 64 24 13 14 4 31 57 56 73 71 30 7 26 33 41 36 3 15 68 48 55 39 22 53 25 29 76 59 27 75 23 2 9 77 20 43
56 3 49 53 42 33 27 6 69 37 0 62 64 78 9 77 47 61 32 65 11 76 51 54 52 38 30 39 74 75 17 13 16 48 73 10 66 2 79 5 28 45 14 68 1 72 24 70 44 20 63 22 60 18 31 67 36 59 46 57 23 29 71 15 35 58 8 19 4 34 41 43 25 7 40 12 26 21 55 50
67 62 64 78 6 0 39 26 13 33 21 16 23 46 68 27 58 7 52 70 2 22 50 18 38 12 60 17 76 15 73 42 69 30 47 77 54 56 32 36 66 19 57 4 79 48 5 3 14 53 40 41 44 29 75 65 25 74 37 20 31 9 8 55 1 34 61 59 49 24 11 45 10 63 43 28 71 51 72 35
22 21 5 79 17 27 48 62 9 16 29 51 41 8 50 13 14 53 52 42 40 31 43 65 44 35 47 61 38 73 72 75 34 26 6 74 0 68 45 63 77 55 7 18 19 76 64 30 59 20 37 57 32 67 49 4 70 1 28 78 56 15 12 10 60 46 24 66 58 25 2 71 33 39 11 23 69 54 36 3
54 14 2 31 70 79 72 58 38 75 57 25 40 9 52 33 16 20 47 30 44 69 4 28 18 53 10 62 55 46 11 34 7 22 29 51 48 50 3 60 8 42 39 73 15 21 35 74 0 67 32 49 78 5 27 45 64 23 19 36 68 6 56 65 37 12 43 61 13 71 41 63 77 26 76 24 1 17 66 59
6 65 69 3 10 12 16 45 72 55 28 50 24 53 79 61 51 46 35 31 13 18 54 4 1 29 44 60 14 21 2 78 11 63 5 73 77 74 70 71 23 38 37 57 76 43 30 26 62 39 75 67 15 9 47 7 52 22 68 0 40 8 59 17 19 64 49 48 36 42 56 25 20 33 27 32 66 34 41 58
33 34 1 56 31 60 70 12 68 55 57 25 53 64 54 29 35 9 36 37 43 42 49 13 32 72 58 11 15 52 50 41 62 73 7 45 48 47 65 69 16 19 10 39 44 18 77 26 27 24 79 75 61 3 78 71 14 76 5 46 30 40 4 28 67 38 0 23 66 51 21 74 20 22 8 17 6 63 59 2
73 29 48 69 49 5 52 76 11 67 63 77 10 61 45 40 1 39 32 78 54 59 75 20 41 50 72 79 74 65 22 15 30 8 42 55 58 25 2 23 16 17 27 19 38 0 14 71 26 60 34 57 44 35 70 24 3 43 56 36 62 51 47 66 53 6 18 7 64 46 28 13 12 21 33 31 68 4 9 37
2 22 18 68 16 35 55 23 6 4 56 63 73 48 72 47 74 71 42 62 0 70 33 34 64 51 38 5 45 36 54 79 52 50 15 65 61 78 67 77 8 17 58 41 29 40 10 26 43 3 27 69 39 76 24 30 53 37 75 1 66 21 60 57 11 44 32 9 59 20 46 25 13 7 31 28 12 19 49 14
11 75 72 4 28 44 63 61 54 53 26 51 45 59 10 1 56 17 37 69 47 64 14 31 36 12 20 8 5 16 58 30 66 40 7 32 15 6 0 77 38 62 19 71 22 79 73 34 24 33 18 74 55 41 68 2 70 25 78 27 67 52 29 9 39 48 49 21 50 23 35 76 43 65 3 42 60 46 57 13
79 26 4 37 9 5 55 67 13 12 69 6 39 14 21 23 41 3 27 46 24 42 64 1 47 70 10 31 68 60 65 71 29 36 73 16 48 57 19 50 32 78 35 52 34 20 49 40 63 51 43 45 58 66 54 76 53 33 77 0 2 72 17 30 75 62 25 15 59 28 61 18 11 7 8 38 56 22 74 44
20 20 66 23 1 76 5 58 56 42 6 19 42 47 24 69 95 32 34 58 41 68 8 32 33 18 77 35 52 32 44 70 100 51 40 5 41 27 39 48 80 78 16 85 25 18 37 58 39 52 69 51 36 43 89 7 40 70 20 80 16 96 20 42 11 80 57 23 49 26 49 7 19 8 93 23 75 60 91 85
63 21 64 44 50 13 35 49 53 66 70 14 70 7 98 27 12 55 92 2 43 37 26 77 49 28 76 81 2 57 22 98 1 17 92 75 87 88 47 9 1 92 32 71 36 47 20 78 94 8 10 6 45 32 35 65 34 99 95 50 83 49 56 9 87 67 81 78 1 89 61 25 51 61 83 64 8 62 24 66
26 49 8 42 85 7 100 58 57 75 74 38 51 70 5 91 19 83 38 24 16 53 94 68 94 65 89 61 88 63 61 80 18 40 6 82 35 37 74 99 65 27 18 72 22 57 11 55 27 53 47 24 47 38 10 85 25 99 82 14 73 96 73 63 7 69 11 68 46 33 50 74 23 54 47 28 84 38 26 63
89 93 61 28 6 82 50 47 70 9 6 76 35 61 33 74 5 40 78 83 54 80 95 55 60 53 35 11 16 36 37 81 69 12 99 13 86 40 32 47 13 20 34 26 12 24 50 97 8 80 44 75 21 96 60 24 60 32 95 62 17 46 4 1 36 19 77 38 72 63 7 57 97 51 86 64 31 5 64 65
54 63 46 35 59 54 5 77 91 76 87 50 35 64 92 54 30 5 11 70 66 60 78 92 62 62 98 94 20 30 27 90 2 89 24 54 99 23 95 24 16 71 35 61 96 39 62 28 56 36 70 63 24 70 17 100 84 42 3 81 32 28 60 82 29 50 48 58 95 52 23 78 39 15 41 41 78 83 16 60
50 95 79 47 55 42 16 29 38 97 33 83 1 89 18 79 75 28 7 87 96 91 9 52 19 33 87 2 53 68 71 80 36 80 28 50 26 23 13 50 19 42 39 18 53 49 70 4 84 28 66 74 92 3 19 17 14 2 97 82 66 81 11 81 74 76 49 11 91 85 48 100 85 53 94 31 42 42 76 2
39 6 50 37 33 70 62 45 69 99 88 33 90 56 48 66 46 97 36 80 81 70 66 43 31 12 6 16 66 27 22 12 72 11 70 40 34 84 27 12 44 80 50 61 51 44 24 39 16 3 5 85 58 9 31 66 11 65 8 40 60 60 100 45 99 96 23 67 2 31 41 68 49 29 43 45 35 6 78 75
52 95 5 49 84 24 67 57 66 97 46 92 44 22 29 23 34 20 85 26 88 63 40 51 38 61 81 5 69 74 29 49 54 47 17 85 38 90 20 98 59 73 7 32 68 66 28 97 92 24 80 43 40 9 63 90 10 72 100 52 91 15 50 52 55 50 91 62 22 64 50 39 55 73 3 35 98 14 19 4
51 12 63 34 2 74 49 66 90 40 1 20 29 42 19 65 55 16 47 65 54 97 61 72 98 60 86 63 94 84 92 79 38 53 22 30 22 62 63 10 8 46 14 34 72 94 3 69 1 44 39 67 57 49 90 75 45 15 53 70 79 64 20 98 16 60 30 52 92 71 40 47 49 63 20 81 36 39 80 35
49 29 59 62 35 92 85 71 81 82 38 17 52 55 92 67 77 95 98 95 53 91 16 37 46 17 42 35 30 47 45 83 95 13 43 80 42 65 51 100 49 8 29 34 59 81 66 83 87 56 94 81 55 28 11 79 65 71 99 97 98 21 7 42 78 33 91 84 15 10 15 100 86 6 98 49 52 55 78 88
63 51 82 38 56 52 60 19 22 3 43 89 85 77 31 30 51 100 6 31 61 37 34 73 6 62 70 16 26 11 91 55 26 61 94 84 6 27 73 87 32 35 31 67 28 54 38 81 21 4 7 17 90 17 3 57 45 11 32 14 86 1 64 38 75 55 46 14 3 76 57 50 58 66 42 81 39 25 87 91
14 42 17 40 29 40 27 61 22 57 17 96 45 62 90 94 39 5 84 23 51 42 34 89 34 60 19 1 63 43 38 47 56 21 35 54 66 2 14 29 72 72 11 80 83 32 2 73 21 8 76 85 21 73 93 74 99 6 70 23 73 5 23 62 86 81 72 38 37 73 73 16 58 95 61 96 5 3 30 50
100 1 66 15 77 43 71 33 45 65 42 79 79 92 89 92 37 76 79 83 42 52 23 5 31 7 48 60 88 37 33 66 82 6 35 66 91 18 1 1 41 42 2 100 39 82 11 60 77 20 91 21 48 37 61 1 6 84 31 27 73 43 74 11 39 80 14 47 29 50 96 33 25 46 59 73 77 97 14 16
30 32 26 57 65 17 27 64 53 85 1 73 16 41 55 4 91 3 41 64 76 60 53 64 19 13 29 5 29 48 73 15 57 61 83 24 70 10 79 37 56 17 20 12 3 51 47 45 59 84 66 78 35 24 17 73 67 82 46 81 92 44 68 8 16 79 60 38 22 75 13 29 90 80 88 6 49 81 77 26
18 65 34 92 36 30 31 58 68 29 58 93 10 58 2 95 91 35 17 41 78 94 5 8 95 80 60 70 29 67 58 61 85 64 44 9 32 40 11 34 49 10 30 57 79 1 7 72 33 14 59 66 67 82 84 18 96 98 24 46 22 25 3 62 94 15 70 8 32 90 17 49 94 91 53 68 60 57 48 4
1 90 17 49 17 68 44 46 49 86 98 50 21 91 100 14 89 86 74 70 24 31 37 2 64 97 29 76 41 45 43 76 13 13 33 16 1 74 65 87 62 53 63 39 38 73 20 34 6 19 27 66 63 42 27 79 63 74 23 51 64 22 54 48 55 99 39 64 7 53 23 79 71 22 10 59 55 31 85 88
34 50 20 33 41 45 71 23 99 38 49 46 70 46 35 40 16 25 24 17 89 74 50 92 55 30 5 10 39 21 36 18 53 11 64 17 53 24 63 16 36 15 96 36 2 71 60 32 58 13 64 96 29 38 16 36 55 95 74 8 35 73 56 47 100 86 82 83 32 34 5 44 64 81 63 22 68 89 10 57
77 97 44 34 16 97 91 29 33 70 38 69 80 26 22 23 68 47 38 48 38 29 12 52 36 18 77 91 49 21 86 8 10 70 37 36 78 18 18 70 53 45 33 83 75 28 83 48 27 94 24 26 91 72 46 64 62 84 94 28 30 45 37 80 88 93 51 37 98 18 49 9 17 51 41 65 86 86 27 6
60 14 23 3 99 40 64 31 99 81 68 96 3 86 74 78 7 98 60 97 53 53 73 39 54 43 63 48 42 64 21 39 8 74 75 78 84 72 44 68 23 75 66 86 60 80 52 70 41 14 81 55 30 37 17 6 17 28 70 73 87 49 86 94 35 28 14 32 22 17 48 72 43 4 60 44 82 100 91 64
65 97 2 81 33 22 100 69 68 68 57 17 35 14 94 52 34 9 28 22 72 73 17 38 32 88 66 84 42 76 40 19 16 75 56 54 4 97 20 55 47 27 17 25 28 68 31 29 50 6 53 11 74 67 85 52 21 69 80 38 61 2 41 53 28 87 31 99 43 28 4 37 39 40 21 65 90 50 12 12
