20 80
10 46 34 35 25 2 6 51 53 1 60 42 44 0 9 45 38 18 50 19 72 64 75 3 62 43 58 26 54 31 48 56 4 55 71 22 79 40 68 41 30 20 61 24 52 17 74 39 49 59 67 13 65 37 12 28 33 78 32 36 15 11 57 63 66 16 8 70 73 14 7 77 76 21 69 27 47 29 23 5
41 40 76 62 73 7 56 50 23 74 54 30 58 29 57 6 60 75 48 63 52 35 47 14 55 77 66 21 11 9 16 65 38 64 22 25 1 2 0 27 39 42 49 5 72 10 61 17 15 68 34 4 31 67 26 53 18 20 46 13 3 33 69 43 44 70 37 45 24 36 79 28 59 51 19 8 32 78 12 71
0 54 38 53 62 43 36 31 24 70 42 51 71 23 59 6 76 48 37 5 74 79 50 27 11 2 73 40 64 12 30 32 7 21 49 16 35 44 1 66 41 75 25 77 47 28 10 8 17 18 29 72 78 33 20 13 26 68 34 55 61 65 4 45 58 14 3 22 57 63 69 15 46 60 52 67 9 39 19 56
18 45 61 48 73 77 27 41 29 3 54 69 22 70 1 59 38 56 36 65 43 16 7 37 60 51 10 31 6 2 13 47 9 20 4 23 68 66 46 44 53 67 30 15 8 64 0 21 72 62 5 74 57 35 52 17 75 71 42 33 40 63 34 25 79 24 19 55 76 78 50 39 58 11 14 26 32 49 28 12
69 70 72 36 17 71 15 2 43 39 55 24 42 18 34 56 64 25 19 1 21 27 47 33 4 9 60 58 76 46 50 29 13 59 16 5 73 38 78 23 44 6 68 49 7 28 12 8 74 63 40 61 14 35 30 10 32 3 41 52 54 0 53 51 77 75 11 66 65 20 37 67 79 57 22 48 62 26 45 31
5 4 35 62 76 3 12 21 17 56 39 65 54 38 50 16 1 47 22 34 51 24 26 45 11 36 41 63 48 18 31 32 19 37 69 52 46 67 43 71 72 28 64 77 70 9 25 0 61 78 68 59 13 58 7 20 74 66 29 10 57 53 27 40 14 42 6 73 30 79 55 49 75 23 15 60 8 33 44 2
13 77 50 53 39 42 44 69 58 7 74 48 28 79 4 25 43 65 46 35 62 2 18 14 17 22 41 24 73 51 31 8 9 61 45 59 40 34 1 37 63 21 76 75 26 57 15 16 30 12 54 11 27 38 20 5 47 49 55 36 23 71 67 19 64 32 70 0 66 72 52 3 29 60 56 68 78 33 10 6
45 5 71 35 4 61 60 39 21 59 15 10 74 3 12 11 34 51 73 19 38 78 64 0 7 70 58 56 1 42 37 69 28 66 63 40 17 43 54 46 52 67 47 77 8 48 25 44 76 49 18 2 33 50 32 65 14 16 9 53 6 41 72 26 27 23 22 68 13 29 79 20 24 75 31 55 62 57 36 30
2 60 28 21 67 8 56 36 13 24 75 70 71 23 10 4 9 76 42 34 69 58 12 50 77 45 68 22 35 14 54 6 32 43 29 18 44 63 16 41 74 20 72 0 49 51 62 11 31 79 57 30 53 46 48 64 37 26 1 40 7 59 19 33 25 38 47 39 66 27 78 65 15 73 17 52 5 61 3 55
47 52 39 40 15 9 30 53 28 71 11 2 74 22 79 23 0 68 7 25 27 19 50 21 48 45 12 61 43 14 57 6 41 60 78 70 20 64 34 33 42 59 65 13 18 51 54 3 38 58 26 75 5 62 37 49 73 4 32 10 67 8 1 77 24 69 44 17 29 66 55 72 16 36 56 63 76 46 35 31
51 61 49 3 52 45 6 27 1 11 53 57 26 0 72 46 13 59 48 68 47 10 37 64 12 31 69 75 54 66 43 76 19 42 16 65 56 24 20 14 78 62 33 55 60 30 21 41 8 22 28 18 32 58 38 15 70 35 9 2 63 7 79 77 5 74 34 44 25 23 71 67 50 4 39 73 17 36 29 40
46 9 39 30 66 54 6 42 14 50 20 55 10 79 40 5 16 69 60 33 13 77 61 28 48 11 64 26 37 27 52 51 17 63 59 35 65 56 49 57 67 71 31 32 43 70 3 24 2 76 47 78 44 22 4 53 41 73 58 8 21 74 7 36 25 62 45 75 1 19 38 72 34 29 68 0 18 12 23 15
37 75 63 59 54 50 42 9 26 58 12 57 47 10 24 21 71 61 56 7 41 13 32 25 62 19 0 70 16 49 68 33 46 55 78 65 36 48 5 22 43 52 2 15 40 64 51 11 74 79 3 34 38 39 69 18 23 73 45 4 6 27 17 8 30 20 76 67 35 29 44 72 14 1 66 60 31 28 53 77
4 72 71 1 65 64 54 5 19 53 35 17 46 38 20 79 8 34 51 33 76 12 61 36 29 21 47 6 7 56 9 15 3 73 31 40 30 48 25 27 23 26 10 32 49 57 66 69 59 18 78 52 75 2 44 28 50 67 14 62 63 11 41 55 24 58 13 70 74 37 45 39 0 22 77 43 60 16 42 68
64 25 50 56 57 55 2 31 65 68 17 47 38 33 8 15 7 75 78 69 9 52 6 42 76 51 61 16 49 39 62 32 21 44 79 4 22 5 3 12 46 54 23 36 60 28 53 18 14 1 63 11 59 0 34 73 35 24 41 72 26 19 40 67 66 29 13 48 30 70 43 20 10 45 27 58 71 37 77 74
78 41 63 33 16 26 69 28 61 19 38 15 57 55 67 58 12 18 3 73 31 50 8 43 11 29 54 51 1 10 37 5 17 72 40 56 53 0 71 24 74 25 39 79 7 44 59 48 49 66 22 45 52 32 34 6 75 46 14 76 23 47 65 77 70 36 13 30 2 68 9 60 4 27 42 62 64 21 35 20
23 56 68 34 76 29 65 45 54 43 31 5 22 57 36 26 6 66 73 50 42 58 7 44 18 37 70 21 71 40 79 51 4 19 74 17 60 27 12 32 16 67 48 13 9 52 38 62 41 63 75 78 15 77 61 14 33 64 25 35 24 2 55 39 28 30 72 69 8 3 47 53 0 11 46 10 49 20 59 1
57 28 22 40 27 6 78 34 39 43 52 65 36 71 79 77 29 64 23 68 50 74 2 45 31 9 18 73 42 35 26 7 12 60 20 41 69 0 10 66 48 32 4 47 17 33 11 16 14 67 46 58 76 75 1 25 24 13 54 55 62 30 59 63 53 8 38 61 15 19 21 51 49 44 5 3 37 70 56 72
31 45 21 60 65 34 17 47 13 73 36 41 64 69 77 8 53 55 42 57 35 51 43 50 61 32 33 27 6 14 4 70 58 30 12 23 79 56 75 15 52 10 1 74 67 26 49 40 22 0 20 46 38 2 71 76 19 5 54 59 29 18 63 24 66 37 48 62 9 25 28 39 68 44 7 72 3 16 11 78
23 5 45 58 61 18 4 75 64 55 6 12 30 29 78 76 62 17 70 36 71 66 53 79 22 46 73 57 24 33 21 32 56 43 69 74 44 41 35 50 54 8 25 47 65 34 48 67 72 15 0 49 1 14 10 20 68 2 40 7 16 31 63 28 77 13 11 9 38 39 52 59 42 27 51 26 3 60 37 19
28 69 28 54 82 30 80 2 22 90 19 2 45 98 75 33 12 1 96 100 61 25 15 30 53 92 12 35 1 38 91 13 24 37 72 66 62 38 4 29 8 86 12 27 69 25 100 17 57 71 60 74 81 98 12 90 92 53 77 81 49 87 21 19 47 48 80 25 52 21 16 10 66 98 43 68 52 43 88 67
90 20 74 3 85 38 48 41 86 89 86 25 35 90 48 9 24 62 89 53 99 60 57 86 50 79 58 96 99 24 12 11 73 83 100 94 14 32 35 36 32 18 82 39 88 49 79 99 89 70 61 87 15 24 91 21 85 64 49 14 52 35 80 35 11 50 87 88 60 73 92 66 31 6 70 89 69 95 44 94
96 69 2 9 82 46 99 91 3 86 88 79 96 98 52 54 9 70 49 42 72 39 22 91 13 96 58 98 11 89 70 73 1 31 29 1 84 38 24 94 68 40 51 16 22 60 62 68 6 71 97 2 54 91 71 69 65 42 76 83 39 84 45 48 64 71 51 53 61 61 48 60 64 41 74 85 8 7 83 87
39 1 63 48 45 92 47 68 88 88 69 29 36 29 70 38 20 69 79 40 60 85 57 70 2 77 88 71 34 53 29 3 73 83 4 78 41 53 31 57 7 28 56 68 15 5 3 39 46 51 28 43 23 71 35 71 13 2 65 75 19 49 41 78 41 77 29 69 67 27 32 48 91 8 30 65 92 58 86 58
24 63 38 52 85 26 94 88 97 33 98 35 70 61 32 37 74 90 54 67 67 13 39 74 60 9 15 65 29 63 89 53 86 17 94 94 59 77 87 93 24 83 100 54 16 41 15 56 15 35 35 63 25 32 30 64 60 19 64 26 71 29 37 59 65 46 39 53 80 58 12 77 94 3 32 4 50 64 3 36
97 53 90 96 69 47 58 69 98 8 53 38 66 36 84 24 72 53 4 6 72 8 44 66 70 19 22 84 15 60 52 54 51 62 93 12 42 52 8 93 22 3 81 70 34 58 71 50 17 93 35 16 20 29 62 34 42 25 76 13 80 33 76 58 14 93 45 66 23 96 33 65 23 83 42 26 32 16 62 27
64 67 4 49 99 80 73 49 21 76 18 28 33 2 25 5 91 26 30 58 80 62 51 67 47 13 77 91 52 23 53 68 40 10 99 58 58 30 91 3 64 44 24 13 52 24 65 38 44 46 47 100 40 37 67 78 77 62 60 90 12 60 35 63 73 66 64 50 87 24 51 48 33 95 22 35 76 44 81 73
91 66 78 37 92 14 43 12 83 19 8 48 73 10 45 14 8 100 52 40 12 74 28 13 30 60 35 10 80 87 79 99 20 50 94 59 24 73 74 20 17 2 83 36 70 52 11 75 35 99 50 27 90 76 84 50 94 13 36 43 28 9 64 22 39 67 5 32 64 13 5 13 9 98 30 9 99 68 86 55
100 40 92 30 9 16 54 71 5 56 51 12 78 59 78 10 83 33 83 87 35 3 44 59 99 83 17 26 27 6 23 69 58 74 55 16 15 72 83 12 91 74 96 17 37 97 25 87 33 90 97 30 62 56 66 77 5 61 40 93 81 86 19 8 42 99 73 5 10 55 5 64 56 97 11 6 95 55 25 100
55 19 51 51 51 87 70 50 71 64 90 31 36 32 62 72 68 76 60 97 89 45 83 65 60 78 62 70 23 16 45 45 97 67 50 65 88 31 12 18 92 97 50 84 30 58 47 89 83 22 29 18 1 37 75 12 88 4 9 33 28 6 33 79 22 13 51 61 27 98 73 18 91 34 85 59 34 52 88 74
57 23 82 37 59 80 77 12 100 93 41 67 67 47 19 51 2 53 48 80 92 49 38 21 68 59 73 14 48 4 4 100 95 97 8 14 3 5 7 93 28 80 47 27 65 44 1 31 47 94 55 72 77 90 22 85 26 94 93 84 60 33 90 55 58 78 4 94 13 14 32 50 59 14 27 46 44 75 99 91
28 45 77 57 83 71 12 3 47 28 27 75 99 95 76 22 2 53 61 23 5 26 22 23 11 6 46 32 12 61 25 35 24 75 43 44 31 90 86 10 22 20 19 85 59 46 84 5 12 66 11 64 74 65 85 1 27 88 81 3 36 23 28 94 69 10 75 21 57 6 11 10 69 99 42 22 28 57 21 92
84 84 30 42 47 69 36 43 2 65 26 68 86 57 22 24 37 6 88 85 24 86 22 41 67 74 65 7 83 63 71 41 52 64 45 49 16 32 94 73 25 36 61 14 86 57 75 81 44 65 18 82 92 5 12 15 12 15 6 81 39 91 41 70 85 100 57 26 70 69 66 49 33 32 99 69 83 32 38 77
72 11 43 93 54 86 100 97 82 58 56 47 29 72 80 78 29 86 38 85 12 71 89 66 4 58 3 68 85 17 57 80 20 75 2 41 37 78 18 41 3 56 45 26 86 94 70 48 60 86 99 49 77 7 99 91 93 48 69 82 25 95 75 37 12 39 51 35 76 28 77 79 57 31 53 99 50 16 82 61
97 76 18 62 27 75 2 40 44 93 61 30 37 47 65 93 47 8 69 9 59 77 95 46 53 63 59 12 6 85 7 22 25 94 97 56 66 66 13 74 77 67 22 14 33 97 88 54 19 57 45 46 4 62 44 40 84 40 17 22 53 26 96 4 48 84 67 13 52 21 53 94 19 55 80 25 95 27 69 91
66 11 52 50 55 8 81 12 91 16 34 55 84 18 14 73 37 5 12 69 47 32 46 11 89 9 38 7 69 52 86 64 93 78 7 88 52 36 51 43 61 93 46 24 18 15 61 67 53 36 43 78 94 36 17 12 3 23 97 69 74 86 13 53 7 47 68 27 12 68 61 7 23 88 78 93 4 11 93 62
24 45 87 26 27 83 85 93 94 34 65 41 15 55 58 85 29 45 44 6 92 54 67 47 67 21 43 100 57 71 77 8 52 48 49 53 18 82 19 91 93 71 16 34 50 86 98 51 22 100 1 32 76 8 63 65 10 72 38 57 44 24 14 57 26 78 56 15 77 80 86 3 17 83 2 89 85 74 51 72
61 7 27 22 27 95 99 96 78 60 99 32 99 97 99 93 62 42 27 44 25 31 94 69 22 39 36 53 59 98 75 15 18 57 76 64 33 88 80 92 59 63 100 35 86 78 39 5 88 17 55 62 57 59 20 2 30 64 33 2 41 85 100 27 51 68 53 87 31 60 77 37 33 7 55 68 14 69 24 71
7 50 21 94 77 20 82 70 77 48 10 57 85 50 7 75 10 42 35 51 95 89 53 96 65 39 73 99 95 46 16 54 36 99 92 4 53 30 82 62 39 17 79 49 31 67 9 32 90 14 18 89 53 100 93 4 83 19 18 68 69 18 95 66 63 22 47 10 49 95 31 51 9 44 92 28 61 98 47 94
69 88 90 57 93 82 37 73 31 98 9 53 57 2 92 58 56 74 6 61 70 89 42 85 23 17 52 39 96 88 71 30 55 61 99 62 79 71 65 31 78 57 14 39 16 21 84 72 28 28 4 37 27 83 86 46 81 78 76 15 42 16 93 22 15 21 51 25 80 2 7 84 13 97 74 24 20 49 83 60
