20 80
25 28 16 68 60 64 0 32 51 24 15 27 17 9 74 59 26 52 48 72 49 65 23 5 3 43 21 22 45 35 50 40 38 71 10 63 41 29 78 30 14 19 47 42 79 33 8 77 4 18 66 61 44 62 37 73 39 58 56 55 11 20 67 31 1 12 69 54 36 13 2 34 76 70 46 57 75 6 53 7
49 21 19 58 53 68 9 75 32 56 13 22 12 57 6 79 48 55 27 36 4 73 61 51 40 0 37 67 14 10 47 59 8 76 30 35 29 44 18 74 31 69 23 7 50 2 64 78 62 41 72 54 15 34 43 1 28 52 26 77 16 42 46 38 65 45 11 60 71 63 66 3 17 20 33 70 24 25 39 5
6 33 18 75 40 46 51 78 79 16 26 58 54 31 56 59 7 66 20 44 42 61 76 55 62 10 77 15 4 9 73 19 47 25 52 21 57 41 13 0 50 53 24 64 17 39 37 36 67 49 48 29 45 65 74 35 3 71 30 70 27 23 32 2 5 1 22 69 14 11 38 72 12 28 60 43 63 68 8 34
66 38 35 6 50 17 39 1 61 78 33 4 75 2 0 7 41 22 73 23 57 21 44 65 43 8 16 51 63 29 10 70 71 55 19 12 79 46 60 5 25 62 53 20 52 27 11 13 64 72 59 42 74 49 36 24 69 48 3 77 32 67 14 30 34 15 26 28 54 68 45 58 31 40 37 47 56 18 9 76
72 34 37 24 39 73 31 75 53 29 47 25 68 50 42 62 30 18 46 55 57 11 69 6 35 1 3 64 5 44 51 40 79 67 23 16 14 27 12 32 20 77 33 78 52 49 54 9 56 41 36 71 10 7 2 63 43 0 45 74 59 61 60 19 70 17 38 15 66 58 65 21 4 26 28 13 76 8 48 22
5 50 56 79 8 14 33 49 28 25 30 75 73 17 47 31 71 69 36 19 43 22 6 39 2 3 26 9 66 15 21 62 7 32 16 58 24 46 13 27 57 76 45 10 53 78 1 74 64 48 23 34 54 67 60 51 65 52 18 44 42 61 0 77 35 63 37 40 29 4 11 59 38 72 20 68 12 70 41 55
38 4 59 37 35 5 16 0 51 3 75 44 68 21 63 62 76 61 7 1 72 14 54 25 19 36 77 60 13 30 48 28 57 69 67 64 9 45 6 74 66 40 2 46 58 49 78 34 43 55 22 18 42 17 8 52 50 12 20 70 71 15 56 11 79 73 33 27 29 39 26 53 23 41 10 24 47 65 32 31
42 25 50 29 67 34 68 26 59 38 55 16 45 49 27 36 48 57 47 78 13 14 60 9 71 28 1 24 74 39 58 21 35 56 3 4 70 5 65 52 19 51 46 72 20 17 61 64 77 73 76 40 31 53 54 79 32 22 8 69 66 0 41 12 2 15 10 62 18 43 75 33 63 6 44 37 7 30 23 11
36 28 2 5 33 54 74 37 51 46 26 20 44 10 73 52 66 45 38 75 3 15 78 16 13 79 63 23 4 7 69 50 71 64 70 42 53 25 34 72 62 14 19 68 47 18 12 31 43 60 48 67 58 65 9 56 27 41 59 11 76 1 0 8 61 29 21 17 6 35 24 22 49 57 30 40 39 32 55 77
71 23 44 60 68 57 19 73 50 61 48 22 52 78 9 42 29 11 37 43 15 5 18 59 35 34 6 39 51 53 62 47 46 77 24 66 13 49 74 25 30 36 63 75 72 54 27 64 2 12 70 38 33 1 40 45 7 41 26 21 14 4 17 55 65 3 76 20 58 10 8 69 16 28 56 67 0 32 79 31
48 43 15 33 72 60 23 21 36 37 28 41 67 57 73 49 32 38 13 29 24 52 25 3 50 16 31 61 17 51 0 46 4 62 26 30 42 14 39 45 20 7 77 27 70 76 65 2 1 40 74 18 35 69 71 64 53 44 75 55 68 58 63 54 5 19 12 22 66 10 47 11 78 56 79 9 59 34 8 6
20 45 50 68 4 15 75 37 66 56 79 38 32 65 33 53 35 11 54 25 9 77 51 0 70 31 19 28 43 21 67 47 60 6 40 73 41 17 63 78 34 59 2 58 57 36 39 12 16 24 7 27 29 1 18 74 22 5 71 26 48 55 44 49 69 13 76 30 62 46 72 23 52 10 14 61 3 42 8 64
49 42 30 75 22 58 77 25 44 37 51 62 18 45 60 7 5 16 29 3 8 41 59 32 4 15 43 73 69 71 46 53 76 17 61 12 48 1 38 21 65 13 72 36 40 57 79 0 52 20 55 34 14 70 23 2 11 67 50 27 10 66 19 24 64 63 56 35 78 6 54 9 74 31 33 47 68 26 28 39
9 6 48 28 73 66 29 33 22 49 19 74 59 12 30 1 47 18 68 3 70 20 38 23 5 42 52 21 25 36 44 7 53 43 79 62 37 69 51 26 13 56 71 0 67 77 41 57 15 50 60 2 72 76 58 75 45 32 40 39 17 27 78 14 46 10 31 11 64 24 55 61 35 16 8 34 63 54 65 4
52 71 13 22 40 41 65 12 1 64 53 32 75 25 38 5 57 68 46 10 3 28 54 47 58 26 44 69 14 56 20 24 77 61 29 18 76 27 55 35 2 37 11 74 31 66 60 34 59 30 48 36 49 72 43 63 33 50 23 62 4 19 67 7 79 45 6 9 17 0 70 73 51 21 39 15 78 42 8 16
14 36 70 39 48 13 1 77 65 43 66 71 24 35 64 32 52 15 63 50 44 20 55 74 56 4 41 22 58 79 3 45 27 5 57 46 42 0 10 25 12 6 53 17 67 54 51 78 37 8 31 11 30 7 60 18 69 62 75 16 73 40 72 23 68 47 29 76 26 61 2 59 38 19 34 28 49 21 33 9
40 31 17 23 2 63 53 26 21 55 76 61 20 15 57 47 56 58 51 43 34 68 62 13 54 0 49 50 39 78 28 7 6 9 79 75 44 33 48 32 73 12 77 46 70 71 42 45 10 38 59 18 36 60 14 37 66 24 4 67 35 41 5 27 69 65 25 22 64 29 52 8 74 16 11 1 72 19 3 30
24 33 64 70 13 51 45 35 17 18 27 76 4 5 36 75 39 10 20 26 37 48 53 16 38 29 42 7 31 41 15 62 14 79 47 68 60 21 59 46 9 55 22 77 40 66 2 69 63 74 58 0 65 73 71 56 28 61 12 11 52 54 49 1 8 57 23 30 6 19 50 34 3 25 32 43 72 44 78 67
58 36 53 66 59 10 16 54 46 55 17 18 20 12 0 8 6 78 26 64 5 76 60 75 52 33 63 69 77 29 67 40 49 31 74 41 37 68 28 34 70 1 43 15 71 79 62 3 35 39 32 21 4 65 61 56 9 7 22 14 42 73 11 48 25 72 23 57 19 2 27 24 30 45 38 13 47 50 51 44
58 50 70 71 75 57 34 49 14 43 24 42 53 77 78 10 5 7 36 40 52 22 45 30 26 61 9 32 67 16 79 35 60 2 31 76 74 15 39 27 63 62 73 68 66 48 17 20 56 69 33 18 54 47 51 64 8 21 65 13 6 38 0 41 23 44 25 19 3 37 29 12 72 11 46 4 28 59 1 55
91 20 7 27 93 76 76 68 98 17 2 88 78 11 38 51 25 52 83 93 19 43 49 14 62 87 59 55 65 98 40 33 49 79 8 25 63 86 92 89 98 6 15 74 61 57 100 42 44 95 45 78 80 86 28 92 69 81 55 67 46 68 63 12 67 20 79 64 44 12 50 98 91 94 51 32 54 66 83 84
10 19 85 39 48 55 45 35 32 30 48 59 23 65 23 41 93 12 63 38 58 59 22 40 75 18 46 95 5 12 95 61 95 14 49 29 51 22 62 3 3 8 35 1 13 64 3 10 81 29 63 78 99 91 54 14 7 80 92 52 61 84 31 66 90 96 99 18 42 82 81 15 52 13 76 77 74 68 63 95
13 29 6 82 44 64 61 90 91 28 43 94 11 51 77 6 78 15 16 50 53 56 80 23 76 28 66 80 26 44 19 47 74 18 87 13 66 81 73 30 43 35 18 63 41 61 94 55 6 83 8 27 87 43 73 29 17 30 17 27 64 34 52 86 17 96 63 63 40 48 91 77 70 2 12 76 71 8 28 12
13 57 90 21 16 73 29 83 55 78 58 34 72 43 49 53 50 56 68 96 28 53 74 33 8 21 1 96 42 53 41 49 79 66 93 3 63 52 4 36 85 39 50 12 71 71 13 77 81 37 27 65 8 22 75 50 51 43 18 90 42 54 16 63 41 95 4 94 91 11 92 68 20 71 36 12 32 58 67 28
91 35 75 98 81 62 19 48 40 29 89 40 8 13 56 32 57 43 58 41 88 36 7 81 72 6 38 84 14 39 19 98 80 17 53 60 58 19 99 61 96 25 75 18 30 62 81 79 50 32 16 43 10 49 8 12 7 44 74 11 19 16 8 66 19 75 81 21 32 67 39 7 27 33 54 49 43 19 45 42
51 56 44 1 17 16 26 25 21 33 47 74 5 29 12 70 12 13 17 51 52 85 35 64 62 92 14 47 48 77 71 42 3 70 59 73 66 23 89 13 25 59 90 65 92 78 81 64 71 30 36 55 42 5 56 5 99 22 21 84 69 34 58 84 49 49 40 74 76 13 78 75 89 70 71 33 14 28 7 67
68 88 56 26 3 26 3 61 81 43 79 21 52 68 83 58 19 3 27 24 59 27 23 51 42 16 97 50 32 43 37 41 71 23 43 31 80 73 78 83 94 100 73 52 25 27 54 86 87 35 26 99 4 36 69 23 85 42 7 62 29 40 39 88 21 32 66 46 39 31 48 48 39 17 34 9 18 27 8 78
46 11 2 33 93 10 39 94 14 52 18 21 97 79 46 55 35 86 22 9 15 100 94 34 42 78 29 92 34 86 19 51 88 1 39 92 31 93 52 27 22 68 68 15 99 12 3 78 45 77 88 89 43 87 43 68 9 78 53 50 35 79 30 12 75 36 45 33 76 5 79 5 58 19 30 91 51 77 61 29
6 53 16 54 49 23 80 40 79 95 75 74 93 82 66 36 47 46 53 44 50 2 57 96 31 1 76 14 89 56 36 56 1 66 25 61 18 62 23 60 83 58 93 2 92 89 23 28 40 95 27 76 8 3 81 43 19 15 5 33 8 90 92 88 49 40 55 72 17 39 8 51 94 92 16 69 79 5 95 27
29 92 5 67 25 96 53 7 1 60 37 37 41 67 31 55 36 85 43 56 95 2 77 63 77 92 26 63 84 13 16 56 82 58 92 8 20 99 8 48 9 35 90 30 55 97 66 31 63 68 16 8 5 100 38 84 56 6 52 12 42 96 65 89 79 36 6 25 29 85 85 68 49 35 14 65 97 74 49 4
90 45 15 33 62 70 16 98 52 11 10 79 83 57 24 14 63 33 68 41 28 10 39 95 29 27 55 73 51 31 54 14 21 24 2 71 86 25 16 100 43 45 96 19 40 80 43 82 49 89 4 30 94 19 32 96 78 29 10 38 6 64 51 68 71 50 73 49 30 31 45 3 5 86 91 39 12 69 100 83
15 69 92 83 73 54 78 14 94 45 7 21 17 70 97 50 1 29 24 97 74 29 57 48 63 32 80 54 3 70 39 23 79 85 59 67 98 40 50 60 50 89 98 28 30 6 56 63 41 31 7 72 10 97 92 9 38 75 38 31 99 35 94 11 85 13 55 95 74 59 26 29 25 92 40 11 37 10 48 42
71 88 89 82 98 45 10 67 3 14 58 92 59 25 27 56 37 89 89 38 52 19 31 52 2 19 5 100 4 42 7 50 17 8 70 80 46 54 78 21 57 15 36 67 4 78 10 14 30 69 19 1 58 5 55 73 58 12 96 14 33 39 86 8 45 63 37 57 34 74 19 36 9 75 93 52 49 5 60 46
35 62 9 83 83 43 5 83 56 8 16 14 89 80 85 9 2 82 90 33 96 71 41 69 50 94 8 49 64 86 51 28 63 94 15 25 87 35 13 97 5 63 13 37 88 41 34 51 59 82 28 37 21 79 29 56 9 44 25 50 83 96 62 64 44 31 67 42 35 24 84 45 91 38 94 63 23 4 32 61
34 27 87 52 5 53 36 70 24 9 26 90 100 44 29 64 24 91 30 67 31 66 6 26 87 94 81 60 64 25 40 37 100 85 25 17 60 33 71 40 96 92 95 45 19 37 64 94 2 5 33 3 81 89 56 39 92 87 24 48 75 50 38 6 8 50 65 3 48 19 37 61 58 78 76 12 24 92 60 25
92 91 50 27 100 27 63 67 76 71 10 97 58 5 90 30 49 79 30 59 23 89 21 63 11 80 89 6 16 17 34 75 57 38 96 40 20 36 9 73 25 26 60 23 34 10 7 79 77 19 21 19 78 11 49 24 11 79 14 82 92 25 35 8 17 92 15 7 2 76 27 50 10 36 25 35 65 45 73 34
4 42 55 36 13 83 20 30 16 22 100 63 86 29 76 14 87 26 52 55 89 46 37 32 39 94 58 78 22 90 70 6 98 69 17 16 61 18 49 73 23 89 33 17 73 55 80 61 35 65 69 67 79 51 49 86 52 53 89 51 77 17 93 57 3 93 30 14 4 80 83 51 57 41 20 97 60 1 17 83
3 76 18 72 68 85 34 66 45 24 84 81 8 8 7 3 12 58 87 48 54 88 69 100 4 91 95 82 89 36 23 58 53 89 43 16 7 75 7 71 99 81 22 1 57 37 92 90 51 38 31 82 42 64 90 91 53 66 54 25 46 9 84 83 65 4 35 73 93 35 71 93 70 53 10 8 85 22 16 25
37 7 30 54 80 29 97 47 65 68 31 34 71 28 49 8 25 20 9 10 67 67 67 29 69 51 93 76 79 49 7 37 3 25 15 56 66 23 36 14 56 100 11 47 58 61 24 31 43 80 54 70 63 59 75 65 85 90 38 2 44 30 92 55 87 60 52 7 88 87 1 64 74 24 39 77 70 75 43 27
43 64 19 47 3 27 94 80 21 83 21 93 97 46 16 33 12 83 95 63 52 39 5 72 74 51 57 20 72 70 91 63 33 46 82 73 80 75 55 69 38 62 81 92 34 19 32 1 74 28 83 23 62 30 35 30 34 86 23 3 74 23 74 31 92 20 84 26 73 57 12 50 85 69 72 36 15 65 80 71
