20 80
64 33 29 60 70 4 23 55 56 52 68 35 71 0 28 47 21 40 18 72 38 16 78 49 62 42 1 15 30 43 54 67 10 51 37 65 26 9 24 17 19 5 31 39 50 75 7 79 22 46 6 74 69 57 48 76 20 14 2 27 8 53 44 77 13 12 66 73 36 32 3 11 25 63 41 45 61 34 58 59
74 21 54 50 10 22 51 36 28 40 64 52 15 13 55 70 8 19 20 29 4 56 79 48 62 44 26 58 11 25 5 17 72 33 78 0 18 69 14 42 35 3 46 53 77 39 61 47 32 45 73 9 30 43 59 34 60 7 24 66 71 63 68 57 2 27 76 6 49 23 41 1 67 37 31 12 38 16 75 65
45 47 76 6 55 30 26 19 7 57 18 54 41 79 64 20 25 21 50 33 36 53 56 40 16 4 68 29 72 37 66 10 63 5 73 34 2 14 11 24 28 61 31 43 12 17 22 69 59 67 35 9 52 77 48 44 3 1 27 0 51 74 65 8 60 78 32 13 58 75 49 15 62 70 71 42 39 38 23 46
0 23 73 62 71 13 58 76 17 10 70 45 77 7 41 30 68 75 65 27 25 66 56 44 47 34 46 49 29 59 43 21 69 35 16 38 18 53 79 14 52 61 15 11 78 36 74 8 20 5 32 60 19 2 42 40 39 57 55 63 31 28 22 51 33 54 72 4 64 24 9 48 26 6 3 67 37 50 1 12
66 1 51 0 28 38 19 26 73 69 58 54 8 13 21 45 29 59 56 48 39 49 44 46 16 34 4 2 35 64 41 52 78 57 10 25 70 15 12 27 32 5 77 71 31 24 67 23 72 17 18 7 55 36 22 9 75 68 60 74 11 63 65 3 47 62 50 76 40 33 61 53 43 6 79 42 14 20 37 30
75 21 53 50 33 61 79 29 5 56 14 72 43 23 77 69 63 16 60 54 42 59 45 7 38 19 39 70 37 76 64 44 68 22 10 65 24 52 36 62 71 25 35 4 17 48 28 1 0 67 6 2 34 26 46 66 15 51 31 12 27 41 3 57 18 49 47 74 30 32 20 11 9 8 73 58 78 40 55 13
63 12 40 59 78 72 4 32 23 5 76 52 24 16 45 58 18 49 28 26 56 11 77 2 64 43 79 33 39 48 1 75 41 29 20 37 69 74 71 25 34 27 55 31 51 65 61 13 44 47 7 22 3 21 50 17 53 15 70 10 68 73 46 42 36 9 14 57 60 30 62 67 6 35 54 66 8 0 19 38
56 37 3 40 14 2 57 9 73 39 28 47 24 76 0 6 18 67 30 44 35 65 8 64 10 77 32 7 46 79 71 54 78 36 20 38 34 41 11 66 27 4 51 17 49 5 26 59 16 69 62 45 29 12 33 72 43 74 61 53 23 52 25 58 31 21 22 60 63 1 55 75 70 68 50 15 19 13 48 42
59 31 63 76 14 21 67 71 9 66 79 4 15 74 69 62 78 68 5 39 7 57 56 11 42 40 44 61 48 51 24 35 49 25 47 46 33 52 36 72 16 10 20 3 34 22 50 26 8 43 41 75 18 13 45 30 37 12 65 1 64 58 0 32 2 60 28 6 77 53 70 38 17 19 54 23 27 73 29 55
65 11 63 55 71 78 14 70 18 59 3 25 27 38 13 50 72 73 21 0 30 60 62 8 40 16 10 36 58 24 9 32 77 41 28 49 26 75 45 15 46 4 68 57 20 76 61 37 54 6 47 42 33 31 69 22 17 48 39 74 7 1 53 23 43 66 2 52 79 44 67 35 51 29 12 56 19 64 5 34
3 22 40 18 63 76 67 65 4 60 44 27 57 49 62 70 53 55 59 35 24 28 64 30 2 12 21 58 13 79 19 0 51 6 69 74 71 32 29 20 78 75 16 39 34 50 41 56 37 9 47 42 54 46 43 33 73 68 45 26 38 17 7 1 77 52 23 36 31 8 5 66 11 14 25 61 72 10 15 48
65 57 40 76 36 18 53 7 25 55 62 16 5 3 54 46 69 74 56 30 68 34 6 75 41 10 58 29 79 13 26 72 73 51 66 38 15 35 49 12 1 23 14 20 63 17 44 31 32 48 9 28 22 42 77 37 45 67 33 4 8 2 71 27 19 24 52 70 50 21 64 0 47 78 43 60 59 61 39 11
21 42 36 31 20 2 52 75 51 15 32 38 0 50 72 33 47 27 43 7 18 10 23 45 63 49 22 17 60 76 25 40 13 54 14 37 41 16 46 53 35 79 39 5 29 6 71 34 24 44 61 68 3 65 64 4 30 12 77 58 48 59 74 28 66 57 67 69 26 70 62 8 1 9 19 56 11 73 78 55
17 1 65 66 34 21 4 49 62 13 69 11 37 18 16 40 23 60 9 22 15 24 3 58 54 56 51 43 14 73 78 32 67 36 6 46 75 53 20 25 79 64 19 2 55 35 50 70 27 33 38 0 5 8 44 28 45 7 61 29 59 41 39 57 48 31 30 74 72 10 76 71 68 77 52 47 63 26 42 12
52 77 14 7 68 12 55 18 59 72 51 50 23 62 64 29 4 41 47 73 43 57 44 25 63 46 53 16 39 17 38 11 21 1 33 26 71 8 35 42 49 27 2 37 48 70 74 79 0 58 60 40 30 28 65 76 56 13 78 22 10 9 69 15 54 66 34 6 32 75 61 24 45 36 31 20 19 3 5 67
24 44 27 20 59 45 62 35 43 29 60 25 74 49 73 50 19 68 34 79 75 77 4 57 63 46 42 17 7 28 66 23 78 30 22 3 36 51 56 11 14 72 13 37 8 32 40 53 69 1 71 21 55 6 47 61 16 70 10 38 39 9 15 26 48 18 67 31 52 2 5 41 33 58 65 12 64 76 54 0
11 3 53 24 67 64 54 31 57 1 16 35 37 36 14 22 28 27 42 65 66 59 62 7 49 32 33 8 61 69 41 38 34 20 55 71 44 50 58 29 13 75 52 46 19 2 72 4 26 60 30 73 40 45 21 9 6 15 18 63 56 47 77 51 23 10 0 79 74 17 78 25 76 70 43 48 39 5 12 68
10 76 16 20 13 63 30 9 43 53 39 52 74 69 5 1 17 4 71 72 70 75 67 32 64 78 61 35 41 42 2 22 40 38 59 58 36 54 6 11 68 48 73 66 45 27 33 15 60 28 8 51 44 21 57 37 77 3 49 79 29 65 50 46 14 0 12 34 23 62 19 24 18 55 26 31 25 7 56 47
77 28 19 15 62 34 53 24 33 72 2 49 50 59 21 1 66 51 38 40 67 57 0 35 6 20 37 63 46 39 58 44 45 4 54 7 47 71 41 56 9 32 30 52 3 60 18 73 65 10 36 26 8 78 79 55 25 74 27 22 29 14 23 16 11 70 42 76 13 64 31 69 48 5 61 68 75 12 17 43
67 68 22 43 37 48 7 12 19 8 71 52 73 16 78 65 58 36 42 6 54 38 79 24 23 34 15 56 1 55 75 46 57 14 9 45 74 18 63 59 4 40 27 30 28 11 10 41 26 31 60 47 49 21 0 29 39 17 44 20 69 5 50 32 53 62 35 2 66 3 70 33 76 13 61 72 51 77 64 25
46 78 42 67 26 84 15 71 39 54 42 84 5 55 70 53 50 18 27 31 77 42 55 58 39 21 36 16 86 99 73 38 66 69 6 45 91 63 68 64 50 51 55 84 60 10 88 45 68 94 51 33 28 89 66 3 31 26 33 17 55 90 57 23 67 44 89 24 36 5 52 65 68 21 65 27 72 11 83 80
14 88 24 78 58 26 100 10 55 51 68 79 39 55 51 62 92 9 97 10 86 15 25 85 63 74 33 61 16 81 53 52 43 12 33 93 70 30 55 48 48 76 73 68 20 5 53 94 83 55 62 61 78 40 48 20 88 99 16 85 28 80 17 89 58 68 60 57 29 64 5 72 12 99 87 32 98 63 37 79
38 35 13 4 56 28 9 61 89 30 4 79 36 61 4 66 43 32 46 59 69 51 68 5 51 31 47 97 26 4 1 35 54 100 35 42 38 52 19 50 29 4 9 57 63 81 8 93 2 16 11 40 100 17 80 81 39 28 85 29 54 73 63 66 59 43 9 63 2 40 41 82 28 78 23 56 29 28 70 19
3 46 48 19 44 39 56 58 81 27 13 14 52 51 58 90 67 53 26 51 88 36 47 84 1 20 91 83 66 3 41 85 5 39 41 29 87 21 58 70 27 78 64 19 100 98 32 94 12 15 40 67 63 9 95 36 22 89 58 88 59 85 83 13 25 52 33 32 78 100 51 15 63 39 1 69 4 87 14 27
74 8 60 7 93 7 61 19 47 46 51 4 3 22 9 5 75 100 88 51 93 90 6 62 26 13 61 76 97 18 67 100 56 82 8 3 48 77 22 45 25 15 19 37 83 19 24 76 84 55 36 18 85 93 100 67 74 75 90 65 86 42 91 40 91 99 17 77 66 6 59 57 9 23 72 93 14 85 45 89
1 79 98 8 15 69 94 68 56 81 17 91 90 93 2 100 67 3 67 42 56 2 100 15 93 38 28 71 44 96 27 7 68 38 79 78 38 44 52 3 57 22 44 1 65 90 31 86 25 83 90 18 76 1 57 40 50 53 61 73 6 28 100 56 85 53 71 29 29 97 70 31 19 88 3 80 19 77 38 33
29 82 56 90 47 55 4 40 100 80 50 80 99 32 36 79 73 72 7 44 88 91 18 56 56 57 94 80 95 98 15 48 29 14 9 89 87 64 30 43 93 49 88 81 52 29 37 60 59 26 29 68 92 26 63 65 71 46 24 23 83 4 76 55 32 72 62 82 89 50 74 2 38 65 36 63 81 35 19 9
7 17 8 17 38 80 53 72 9 28 69 62 91 69 31 41 14 13 6 93 91 96 35 23 44 46 40 58 5 81 88 13 21 87 64 18 8 30 59 62 70 70 56 48 54 32 96 97 58 66 87 97 18 67 37 52 53 75 27 78 24 41 31 81 99 72 98 7 50 86 43 100 86 60 8 18 31 49 98 24
26 56 100 76 94 85 45 65 36 94 56 63 79 9 2 51 55 98 68 83 74 63 79 36 50 26 84 28 91 87 11 37 16 91 87 88 45 2 29 44 52 31 18 44 22 45 54 97 100 55 100 58 1 63 97 40 20 9 17 98 83 19 23 64 27 4 66 98 82 62 30 35 80 73 32 69 60 36 71 47
75 93 56 38 2 25 72 99 14 83 81 93 48 96 11 58 55 40 61 40 81 69 40 9 30 21 83 60 68 50 73 12 99 50 12 80 19 37 16 14 69 17 60 81 74 74 14 38 55 35 8 58 6 19 6 69 35 74 31 71 68 46 78 41 64 97 11 74 79 82 16 89 28 57 80 30 88 23 25 58
69 88 13 52 11 55 56 32 7 72 100 19 94 93 92 77 53 36 81 1 85 41 27 78 57 93 26 2 5 26 49 13 57 51 17 93 34 40 37 48 15 87 62 47 68 11 28 27 52 75 82 51 59 56 77 49 66 12 16 34 31 56 45 43 28 24 39 34 71 75 72 44 85 48 83 64 98 20 60 3
89 41 77 17 48 28 26 54 82 100 55 64 43 7 88 84 38 43 93 18 69 54 7 46 34 2 61 87 82 87 66 78 27 92 17 26 64 20 36 38 65 62 24 2 48 100 22 26 48 30 19 25 24 100 50 78 39 47 87 57 61 81 55 52 91 97 37 2 15 40 11 23 24 12 5 21 90 34 51 61
80 63 81 61 30 92 79 24 41 74 67 13 43 73 17 87 69 27 89 1 10 89 85 56 75 43 8 67 5 60 14 13 90 94 51 73 17 69 69 88 52 27 69 32 6 60 39 45 83 66 38 80 80 90 46 87 47 40 45 3 20 36 62 55 83 37 63 31 80 23 5 47 72 52 69 10 80 7 36 14
18 67 57 96 99 63 90 57 34 19 79 50 34 17 98 67 8 2 63 71 62 76 57 34 58 62 22 48 12 37 35 59 74 64 79 27 54 27 40 87 9 54 46 30 23 89 13 8 40 9 39 30 75 65 25 82 77 12 91 68 58 75 32 52 32 51 47 41 16 3 71 71 54 78 31 96 80 58 48 69
49 71 11 68 44 48 49 92 77 91 48 26 8 60 14 73 65 16 28 59 1 43 97 71 72 20 96 5 25 50 12 86 47 72 49 11 41 41 50 33 27 82 40 30 32 89 9 37 2 32 82 61 66 55 41 47 87 94 6 66 60 28 19 95 27 43 39 15 48 78 92 41 76 6 27 50 74 81 9 44
82 53 98 95 91 7 45 40 54 38 45 75 81 15 43 69 32 87 57 83 28 77 55 49 82 27 33 21 87 97 10 17 67 89 81 57 41 85 39 84 86 16 75 39 87 60 85 56 1 92 83 76 27 2 30 76 72 40 100 48 58 20 30 51 93 10 12 41 21 30 56 33 35 97 85 54 59 9 57 91
47 67 80 58 74 19 25 87 32 44 66 15 50 90 94 11 37 91 87 63 94 8 53 54 73 88 62 86 36 83 94 5 98 29 21 42 58 99 60 33 6 43 62 78 23 26 10 14 17 87 94 98 86 92 6 86 73 81 20 64 12 75 33 77 34 18 96 40 79 7 84 47 14 1 15 17 79 97 75 59
24 9 59 44 74 6 52 60 82 3 28 19 95 93 100 60 23 57 95 27 11 100 85 45 12 87 72 25 10 66 48 40 40 31 97 55 8 72 19 46 38 89 57 52 59 59 71 70 68 63 58 78 77 20 80 2 35 43 96 28 48 26 41 36 14 6 29 30 19 41 55 32 40 68 93 54 40 79 71 31
68 63 64 74 51 4 19 77 12 61 47 45 65 98 70 39 25 30 34 19 9 28 52 10 19 46 25 41 30 48 86 22 59 61 14 98 56 100 16 78 2 79 22 5 100 46 14 48 18 3 64 15 11 61 34 89 51 51 2 36 97 100 81 39 10 69 65 3 41 83 42 43 8 31 55 14 80 42 3 61
22 49 4 61 90 6 48 74 41 6 75 51 36 23 54 63 26 45 74 24 95 95 80 18 52 4 17 29 49 1 53 71 80 14 3 60 92 88 64 13 91 25 55 84 82 52 76 56 88 4 62 43 35 54 58 74 77 28 70 14 13 67 8 89 62 35 70 2 51 38 78 73 62 42 15 50 56 4 83 14
