20 80
45 2 49 41 13 55 73 40 62 0 38 78 58 51 7 52 12 77 66 47 15 19 3 11 35 44 30 16 4 59 39 24 67 65 31 79 28 74 22 32 64 26 71 34 46 23 72 63 36 10 60 42 21 70 75 61 33 6 29 76 8 14 69 25 48 53 17 57 54 68 5 37 43 9 27 18 50 56 20 1
37 47 72 55 54 1 56 24 29 23 41 3 8 27 5 35 4 25 20 36 48 39 30 44 66 38 60 6 50 46 53 21 71 73 33 32 9 63 62 76 57 18 42 31 59 14 15 43 61 22 28 77 26 45 49 74 7 0 16 19 78 75 2 64 34 11 10 13 69 68 67 70 51 17 52 40 65 58 12 79
65 76 14 56 17 59 34 47 57 58 2 7 8 69 12 75 41 1 16 40 50 32 27 74 63 15 31 29 71 18 52 73 62 42 43 44 78 35 22 24 61 48 21 4 30 20 19 64 23 11 46 28 10 54 72 36 33 68 77 5 66 0 39 13 45 9 37 3 25 60 79 70 38 26 67 51 53 49 6 55
27 47 39 8 25 2 26 4 17 1 77 67 37 78 40 20 7 10 61 69 0 60 51 53 36 35 73 13 43 15 21 6 50 5 64 11 45 19 29 76 59 56 28 12 34 42 9 55 62 74 33 54 22 23 16 24 72 49 31 18 30 57 66 71 63 46 58 3 41 14 68 75 44 70 32 52 48 38 79 65
55 48 17 21 10 14 41 64 0 69 19 39 24 35 46 29 56 49 22 67 25 44 75 7 5 27 77 32 28 63 62 59 40 74 65 71 4 15 58 30 38 33 72 50 20 8 9 23 79 13 42 68 76 12 60 18 26 54 52 66 2 78 73 70 43 45 16 36 6 34 53 47 57 11 51 3 1 61 37 31
33 9 0 22 56 40 47 43 3 31 73 32 13 18 14 34 53 50 24 48 30 58 4 52 37 27 54 10 26 71 19 55 63 6 72 69 15 46 67 20 61 68 66 41 35 12 11 38 2 51 36 74 77 16 76 29 17 64 57 21 5 44 28 42 49 75 8 39 79 7 23 70 45 65 1 60 25 62 59 78
32 76 73 55 66 53 22 29 58 61 10 8 67 52 42 6 3 38 68 48 30 64 63 41 21 15 37 23 2 34 62 75 56 71 18 25 28 0 40 9 14 24 31 17 47 70 46 20 33 69 35 51 44 1 78 7 36 50 11 16 5 59 57 65 12 77 79 54 49 26 43 4 74 45 19 60 39 72 27 13
18 49 57 21 79 66 71 77 44 26 75 52 15 70 64 74 35 67 10 31 73 34 17 7 0 42 45 59 25 2 60 27 55 12 28 20 39 38 30 68 13 56 43 22 69 37 72 29 48 47 23 40 58 63 14 50 1 11 53 54 76 6 33 19 5 61 36 32 3 62 24 9 16 78 8 41 4 46 65 51
33 78 76 37 46 26 79 7 66 64 31 58 3 68 43 73 16 57 51 69 71 62 17 70 56 22 75 20 6 23 1 38 54 44 65 30 59 18 12 45 74 10 2 39 60 34 29 8 50 0 28 55 52 4 32 72 40 14 41 61 36 53 21 48 13 49 5 27 24 15 63 67 25 42 35 9 11 19 47 77
0 47 48 53 55 44 35 71 11 21 51 23 27 74 45 7 49 66 8 37 15 28 61 34 39 56 43 14 32 17 73 58 64 69 38 46 52 22 54 13 1 19 41 77 75 25 42 65 79 33 62 16 6 67 59 9 31 5 36 29 68 3 10 78 4 20 12 18 30 63 72 24 70 2 50 57 40 76 60 26
47 19 13 56 42 9 54 35 2 29 74 59 45 33 36 39 69 68 52 25 65 12 4 61 40 6 34 73 28 27 31 5 78 60 49 41 46 44 3 21 1 10 37 71 64 17 72 75 0 58 26 66 20 30 16 62 32 77 76 22 7 11 43 67 63 51 50 53 79 38 18 8 24 48 15 57 14 70 23 55
63 31 15 11 52 7 40 47 45 50 35 59 26 24 74 64 36 8 6 34 1 28 39 30 32 77 55 78 51 62 79 22 66 2 60 20 57 53 42 69 19 3 71 56 17 58 65 21 5 10 67 0 23 38 27 75 44 54 29 9 70 18 73 16 76 41 13 37 49 68 12 61 72 43 4 25 46 14 33 48
58 2 1 5 77 39 34 51 57 61 41 43 55 47 17 49 53 75 20 42 4 72 21 59 46 26 38 36 74 52 62 45 31 7 68 79 15 78 12 22 35 50 69 27 32 13 29 3 14 8 25 63 56 70 66 11 24 18 76 73 23 60 67 30 40 16 37 0 9 64 65 33 19 54 28 44 48 71 10 6
50 66 24 12 33 14 22 30 53 79 1 4 7 27 25 57 35 41 70 54 51 76 36 21 19 34 8 23 40 72 71 31 63 9 46 48 39 62 32 55 2 61 56 20 69 49 47 44 6 10 73 60 0 58 74 78 3 65 17 5 42 45 26 15 37 68 75 13 43 38 16 29 77 18 67 52 11 59 64 28
12 35 40 48 38 57 5 8 47 27 50 6 9 29 43 11 64 17 31 21 54 60 59 18 65 49 44 70 19 46 7 63 15 24 3 72 30 33 4 34 36 78 16 61 37 42 76 10 45 39 75 67 77 23 26 71 74 53 41 32 51 22 68 66 56 28 14 73 79 52 69 1 55 2 20 58 25 13 62 0
9 25 13 50 16 40 28 3 43 68 52 69 55 29 5 71 2 32 42 15 35 53 61 65 7 46 67 64 56 54 73 44 22 8 34 17 21 0 1 12 70 11 58 66 60 48 24 59 62 78 27 18 47 19 79 77 33 20 49 39 14 36 31 23 57 41 6 45 76 51 38 72 26 10 30 74 75 37 63 4
7 9 27 64 11 77 17 10 45 71 68 59 13 70 1 55 65 47 74 51 61 19 79 16 33 0 78 28 35 32 40 58 60 42 21 14 50 34 22 25 54 15 37 3 12 69 2 8 39 30 44 43 29 48 26 31 46 36 24 63 72 6 66 52 41 20 23 67 57 56 53 4 38 5 73 76 18 62 49 75
57 14 63 48 65 54 1 59 69 62 64 58 38 32 23 42 53 74 70 0 75 36 11 7 31 71 29 43 12 13 24 46 79 34 25 21 51 19 41 56 45 10 77 49 6 27 15 37 22 18 47 5 20 67 72 26 30 40 2 9 16 33 66 60 44 76 17 68 78 28 4 50 55 35 3 8 52 73 61 39
76 28 77 42 16 27 9 52 51 68 18 59 61 8 29 70 36 24 50 57 35 30 38 66 49 46 37 58 39 12 19 47 60 11 3 78 34 41 14 4 2 64 21 7 48 33 53 55 15 71 17 45 56 1 44 63 26 0 54 25 43 23 73 74 6 5 31 75 65 32 79 67 13 22 40 62 10 72 20 69
55 77 49 16 56 17 41 3 28 57 35 38 24 14 18 13 68 65 58 25 21 59 50 73 26 63 33 43 19 70 61 37 36 32 67 23 1 45 48 8 27 64 12 78 9 79 0 51 47 54 7 34 40 20 76 71 42 66 22 74 39 69 4 15 6 46 2 75 5 31 11 10 30 44 29 52 60 62 53 72
41 82 58 90 48 50 67 8 59 44 43 20 26 39 61 29 47 23 25 69 22 1 46 94 75 33 75 48 48 54 65 80 77 95 67 94 68 40 92 61 9 74 13 91 2 36 58 83 64 93 37 96 84 69 24 99 18 64 80 47 26 13 64 77 33 10 47 24 64 8 88 86 22 52 72 86 97 8 78 30
76 36 4 70 30 66 33 74 83 74 81 55 91 89 85 24 20 6 77 10 1 64 17 41 18 13 38 85 47 20 40 19 8 55 79 5 92 83 61 9 68 42 58 18 46 73 94 51 21 49 61 33 82 38 18 13 21 82 8 46 14 19 74 64 78 90 8 52 41 67 5 9 59 13 18 71 74 58 26 72
20 62 52 42 14 93 85 12 33 99 48 28 43 24 77 16 48 59 23 87 1 47 81 99 24 99 72 59 43 45 38 54 96 28 5 18 97 93 94 94 11 83 81 55 65 26 94 78 66 24 72 38 89 2 24 97 54 20 48 83 80 35 55 60 93 90 27 23 18 49 21 84 9 32 81 84 21 50 64 100
82 53 99 6 45 22 72 24 49 93 35 61 74 89 4 70 39 60 16 35 17 54 2 71 10 74 41 19 69 88 89 91 60 45 14 84 57 48 23 42 3 28 100 96 18 69 23 9 24 3 63 31 2 48 60 49 86 90 26 33 52 92 71 21 70 4 89 43 67 19 45 89 67 87 49 46 93 35 5 41
92 59 50 99 21 19 71 5 78 88 1 41 58 98 51 66 92 55 6 26 56 39 24 61 57 63 38 98 52 64 30 14 77 30 94 20 26 55 4 88 11 14 45 85 83 49 60 89 79 38 41 33 48 52 39 70 89 74 100 56 5 37 51 93 40 94 81 98 41 89 30 68 33 76 9 82 45 2 65 16
43 72 10 92 64 21 17 46 36 31 39 24 59 85 32 56 46 48 23 29 10 82 73 33 25 80 20 72 64 52 55 53 42 4 89 17 49 60 41 44 59 78 31 26 55 57 99 64 51 18 7 71 89 15 40 19 85 4 30 85 98 21 82 41 75 23 83 64 51 47 50 25 14 72 58 10 69 71 14 15
33 10 47 55 71 34 85 72 69 32 49 15 36 93 16 73 75 10 55 22 90 64 67 96 26 60 60 33 68 60 17 90 12 11 50 43 93 99 53 56 59 68 97 85 51 19 14 72 82 60 95 27 19 87 50 5 88 74 73 40 68 56 59 24 10 19 62 4 55 10 4 55 69 30 48 69 64 79 6 78
94 49 100 40 68 91 10 95 97 71 42 38 81 100 35 61 22 44 91 31 68 60 58 92 7 14 26 51 95 32 23 48 35 19 98 30 67 21 9 68 8 25 79 20 20 48 24 89 93 53 52 96 22 98 91 6 98 64 70 7 14 29 2 25 10 43 31 74 43 28 6 48 38 20 44 63 4 37 35 45
10 98 61 63 2 71 76 96 22 70 58 89 69 3 19 8 67 64 55 65 56 52 25 32 100 29 82 69 63 88 78 81 1 21 63 43 72 18 78 87 14 42 37 58 40 93 72 60 92 85 42 98 32 77 22 48 35 86 92 92 59 97 43 5 83 28 73 69 85 94 60 12 51 58 93 81 21 42 31 81
91 93 98 82 48 89 87 80 16 2 67 72 58 61 8 30 25 17 57 51 57 98 73 19 93 97 83 36 53 90 42 37 27 32 23 14 71 80 91 81 51 14 76 87 86 48 13 71 33 83 22 43 26 5 63 75 64 40 98 47 53 5 65 29 85 76 59 55 25 97 63 77 98 76 23 68 13 2 82 57
93 64 58 83 43 94 23 63 5 62 99 3 64 80 59 52 26 62 11 29 45 35 91 40 56 73 44 48 83 53 17 48 90 15 40 32 65 45 6 33 8 88 29 83 61 68 18 94 82 99 39 98 75 1 58 100 65 52 19 86 91 34 1 40 77 22 52 73 14 79 43 77 17 64 88 22 57 71 28 21
55 67 35 87 2 64 66 99 20 80 64 79 24 52 94 38 26 98 74 14 41 75 100 61 72 9 14 13 100 11 6 63 50 51 86 47 35 34 92 44 40 63 84 72 72 81 83 43 6 29 54 9 74 78 60 98 86 42 96 73 4 65 95 59 27 43 89 51 81 2 61 7 91 82 53 12 8 9 66 38
100 97 65 69 48 46 42 70 60 60 63 58 89 53 43 70 74 21 52 14 43 93 7 89 75 93 6 24 99 38 88 55 51 88 67 88 93 29 56 10 3 77 73 61 89 35 55 84 2 80 58 7 6 7 93 41 25 90 16 39 21 51 30 52 89 82 81 99 49 63 52 4 77 85 91 33 54 49 21 44
83 77 9 31 56 58 44 72 48 90 34 16 10 64 10 83 73 61 74 13 26 20 31 22 2 73 97 46 35 9 86 98 90 53 62 71 98 56 20 66 33 78 80 69 82 100 31 97 49 26 35 10 52 66 32 1 29 64 83 15 72 34 37 75 83 36 75 49 40 57 33 88 88 9 72 81 34 26 64 73
30 97 37 79 48 34 73 72 90 3 46 62 74 31 50 68 52 6 92 75 14 14 100 62 62 86 60 41 58 43 53 36 25 85 10 51 66 29 23 69 49 80 57 74 20 74 97 39 99 61 43 37 72 72 97 79 39 11 11 43 48 5 95 90 39 50 26 9 41 1 8 97 97 1 99 71 23 54 81 36
23 43 88 71 45 96 60 51 2 77 57 92 72 27 96 15 19 91 45 60 89 81 33 69 92 34 15 71 54 93 83 6 75 80 9 34 28 83 51 69 78 74 13 27 10 51 72 16 87 58 40 23 91 46 96 55 28 63 81 29 69 65 31 34 74 23 28 41 81 18 62 33 29 73 5 34 65 81 17 95
51 83 39 56 74 96 60 48 76 17 76 82 84 36 22 20 66 25 97 49 15 77 23 17 80 93 93 68 54 27 6 65 46 62 48 69 51 62 37 29 69 80 3 4 95 30 58 93 58 45 93 27 26 41 85 20 68 95 44 88 49 34 26 64 14 46 6 91 78 77 98 20 30 3 51 30 77 2 5 15
36 12 40 96 30 34 4 11 53 98 34 62 56 27 95 100 40 94 74 56 33 92 88 66 28 59 62 24 1 25 15 44 82 49 61 36 19 80 56 69 53 79 22 69 57 40 48 76 10 16 17 3 4 55 37 72 92 83 10 23 15 12 21 21 89 55 98 82 90 59 13 15 22 29 8 62 1 42 75 52
13 37 44 98 54 73 50 38 86 27 42 83 37 36 37 22 82 80 100 35 55 41 37 26 45 36 40 74 27 42 75 27 100 51 86 90 68 33 98 81 57 51 39 71 41 50 78 17 46 11 61 35 3 9 28 40 78 15 69 78 40 68 50 57 64 58 51 33 55 94 49 94 37 88 88 49 55 42 77 79
70 56 56 92 17 79 73 34 91 72 25 62 1 89 27 9 66 93 28 94 1 29 47 60 81 59 51 54 65 53 99 45 94 4 27 22 37 11 96 40 32 92 25 46 10 82 73 81 84 45 74 30 46 25 87 37 79 48 85 56 88 77 51 7 69 9 18 77 13 87 20 85 98 10 12 89 87 57 37 41
