20 80
60 78 13 9 3 57 6 29 52 68 24 18 62 51 72 58 10 64 16 36 11 53 55 2 27 34 79 45 23 19 74 28 7 61 44 21 14 17 70 15 0 1 73 38 8 40 39 77 66 67 33 35 63 54 37 50 31 59 75 46 69 20 42 47 25 71 4 49 12 5 65 48 26 41 43 22 76 56 30 32
75 10 63 4 38 13 42 54 78 60 17 37 3 2 14 29 20 79 27 40 8 24 52 77 65 36 21 30 32 67 76 62 16 34 51 59 23 68 53 11 6 57 61 0 15 66 55 58 9 56 47 22 41 18 71 19 64 45 1 39 25 12 46 7 69 49 48 35 74 70 31 43 26 50 28 44 33 73 72 5
47 22 24 8 11 65 28 35 25 13 49 36 10 45 46 72 17 6 66 31 42 14 12 26 69 58 9 79 3 21 73 40 43 29 76 64 20 77 23 68 53 37 27 67 44 5 16 55 70 52 78 2 56 19 15 50 30 0 34 51 71 1 39 75 54 74 62 38 18 60 41 59 33 32 63 57 61 48 7 4
59 29 9 30 79 22 71 48 51 32 66 40 10 78 60 69 31 33 46 39 57 42 55 28 53 41 18 3 76 36 20 75 62 43 47 7 21 12 44 24 25 16 37 58 64 38 45 13 2 15 14 63 50 19 49 67 5 61 77 74 1 6 35 68 26 27 0 23 65 17 4 34 73 56 70 8 52 54 72 11
72 47 4 48 57 2 79 30 59 20 56 60 6 54 29 22 63 55 45 51 37 1 24 13 40 32 73 5 38 10 77 31 70 71 9 34 7 8 19 68 12 0 58 3 50 46 39 17 61 52 74 36 14 76 18 11 75 25 15 65 16 21 66 42 53 41 23 28 35 26 33 64 44 67 49 69 78 62 43 27
34 27 46 47 58 72 0 6 37 31 13 54 61 48 74 50 16 7 36 2 5 33 59 19 78 1 23 52 57 51 70 73 14 65 11 21 32 49 42 39 8 68 35 26 30 17 66 29 76 25 71 56 9 79 40 69 44 28 38 12 53 3 20 24 45 75 43 60 64 55 4 67 62 10 41 18 63 22 77 15
76 8 3 66 50 68 15 6 4 32 10 9 49 26 35 70 63 65 38 61 58 33 30 34 54 62 73 42 67 64 1 39 78 72 37 11 41 7 16 71 22 53 69 18 14 20 19 74 24 17 23 75 2 48 5 43 59 46 79 12 0 60 44 21 52 51 28 57 31 13 55 77 47 27 36 25 56 29 40 45
46 19 51 55 53 54 72 0 59 58 71 4 13 20 32 17 7 75 40 47 30 61 68 38 11 31 67 52 39 74 24 73 8 10 34 1 49 63 16 35 26 62 69 64 50 48 66 3 37 28 22 78 27 6 41 9 15 43 56 33 21 70 2 65 57 60 25 42 14 29 77 79 36 44 45 18 5 23 76 12
66 55 25 59 8 41 2 63 36 32 29 69 35 79 3 13 52 65 11 71 15 20 47 61 73 10 43 38 6 27 44 9 39 72 17 12 50 19 64 42 70 54 62 1 40 14 57 51 28 37 0 56 77 75 4 18 53 5 24 58 45 76 78 21 34 30 74 68 60 46 16 23 67 26 31 7 49 22 48 33
56 63 32 11 7 12 19 15 35 33 37 29 78 23 51 64 76 49 3 4 59 46 73 61 57 53 0 55 70 5 26 10 30 31 36 34 18 39 60 42 2 79 50 66 71 41 16 65 17 54 38 14 74 67 8 48 68 28 25 22 9 43 1 62 21 58 24 75 72 20 77 45 13 27 69 44 52 40 6 47
46 52 16 55 76 50 67 79 30 36 9 48 59 61 42 78 4 63 49 72 71 2 38 24 37 0 29 69 35 58 77 41 22 64 14 12 60 18 20 26 11 65 44 13 62 39 34 28 31 57 40 19 17 15 56 68 3 74 27 5 1 43 6 54 47 32 10 25 53 75 45 70 23 51 8 7 21 33 66 73
59 27 73 56 69 8 12 0 60 29 42 48 30 1 33 53 58 19 75 5 20 10 50 45 79 51 40 44 23 77 46 37 31 71 38 14 52 24 21 65 70 68 39 35 74 57 34 7 43 15 47 9 28 36 32 54 67 66 78 16 64 11 22 17 62 55 76 2 26 72 41 18 4 63 25 6 61 3 49 13
31 40 18 62 3 2 25 52 63 65 60 71 42 30 75 20 22 15 58 35 37 53 76 26 79 46 54 5 33 48 34 44 66 56 59 28 68 27 43 21 10 6 64 39 9 23 8 49 45 12 67 4 51 73 41 55 70 32 38 24 17 13 69 47 78 7 77 16 1 61 50 11 36 72 19 57 29 74 0 14
50 14 20 17 67 63 74 33 15 51 43 70 39 64 78 30 73 21 25 62 31 55 53 68 7 49 5 52 22 42 9 16 3 36 18 54 8 60 13 45 72 19 29 56 57 4 46 2 34 28 38 71 75 76 47 12 66 27 26 79 6 69 58 59 44 65 23 0 35 11 77 24 61 40 37 10 1 41 32 48
30 47 1 0 25 28 41 61 54 55 44 45 68 16 38 18 23 36 43 6 15 42 33 72 56 27 60 37 2 69 9 46 62 63 50 4 59 51 78 20 76 53 31 17 48 22 3 52 5 70 66 79 8 71 7 32 14 24 73 34 75 39 64 13 21 26 12 58 49 65 40 35 77 11 74 57 10 67 29 19
79 48 60 55 71 63 13 61 8 35 24 38 51 22 66 42 54 62 70 37 19 68 14 26 64 49 32 78 2 33 45 40 69 58 6 31 12 9 29 0 21 46 10 77 15 3 1 4 44 76 65 23 34 20 30 52 7 25 74 17 18 11 50 39 56 72 5 47 73 41 27 67 43 75 28 59 16 53 36 57
3 14 42 12 47 61 78 33 58 71 36 51 4 28 52 24 56 1 62 55 39 73 35 22 45 76 34 54 49 6 7 32 29 65 63 40 57 27 48 66 23 19 43 30 18 16 44 11 20 72 21 9 59 0 37 17 25 67 26 5 38 60 75 10 2 31 79 41 15 64 53 70 8 68 77 69 13 74 50 46
73 79 39 70 32 48 40 34 75 46 36 8 63 33 56 55 59 64 77 24 78 11 49 14 0 1 42 61 38 25 45 44 22 31 5 7 69 52 28 27 57 2 16 74 60 62 43 13 76 47 10 71 66 30 50 12 6 26 65 15 41 67 4 68 35 37 21 53 17 20 54 58 3 29 19 72 9 18 51 23
53 66 56 30 21 23 40 31 6 44 28 75 64 69 16 32 68 78 20 48 35 27 33 43 54 29 18 12 37 15 46 41 3 17 10 13 14 50 19 9 8 38 5 65 74 72 2 34 76 1 7 59 63 39 36 4 22 0 25 24 45 52 71 79 57 61 67 42 77 73 60 55 70 51 58 49 62 26 11 47
47 32 64 44 17 35 29 74 5 75 34 15 14 68 24 16 9 60 42 55 2 31 50 36 40 70 78 37 11 26 61 33 62 49 43 69 7 59 8 48 66 21 19 71 39 28 0 23 58 73 18 6 27 45 56 3 77 10 41 52 13 76 22 65 1 30 79 25 12 57 38 4 72 53 20 51 63 46 54 67
49 64 18 55 29 69 3 43 100 63 1 89 91 34 75 11 68 18 80 42 80 26 10 33 7 31 98 30 99 93 59 83 6 81 41 84 46 76 68 60 93 29 24 44 5 50 16 35 42 68 82 83 78 24 7 74 88 39 82 15 92 32 35 54 84 90 94 77 44 18 35 37 81 14 45 66 70 4 76 37
36 77 27 41 20 68 13 47 83 75 21 73 46 67 98 95 11 87 89 57 92 17 5 88 42 63 86 11 98 42 97 87 23 44 11 72 20 99 13 63 17 17 65 49 23 23 23 39 55 46 42 30 83 36 16 8 33 4 21 68 77 30 70 33 90 21 26 11 28 63 14 27 14 45 22 63 15 79 25 47
22 7 98 84 47 53 79 58 3 90 34 99 11 3 36 8 85 58 99 87 80 66 27 60 66 55 8 40 82 20 38 6 3 28 42 43 39 44 17 22 57 84 83 42 82 48 61 71 2 74 5 35 96 97 79 25 37 86 100 30 99 68 43 2 33 29 12 14 17 31 20 54 68 4 100 54 56 47 55 44
67 32 3 46 57 97 4 25 5 9 46 38 94 41 40 7 33 84 37 14 46 48 100 72 83 41 70 33 11 88 66 100 44 88 18 2 81 45 11 37 1 49 94 51 10 99 71 34 25 29 44 79 94 55 79 19 47 3 16 77 37 64 12 10 61 80 33 19 18 98 17 81 44 55 55 28 1 78 90 79
44 48 88 76 47 83 33 75 28 34 63 54 57 53 20 30 22 13 99 58 85 47 11 13 75 77 44 45 50 37 30 33 63 56 76 96 40 58 51 84 76 18 22 65 100 87 62 8 56 28 20 79 22 90 20 87 24 74 71 45 49 87 82 65 95 40 70 67 8 70 18 56 32 100 25 12 14 9 12 62
40 12 80 35 93 37 19 15 53 66 61 71 60 4 7 4 25 96 68 83 27 68 29 71 69 99 71 53 24 64 28 81 93 29 36 43 26 89 88 58 87 41 47 9 35 17 95 78 34 43 47 14 89 99 73 74 12 61 31 85 64 61 22 43 64 80 63 47 29 38 39 97 80 91 53 26 6 56 29 57
58 42 53 82 38 39 57 66 28 21 78 57 90 24 33 81 93 91 34 68 85 45 57 40 42 98 6 88 45 86 75 29 36 34 90 93 12 45 21 37 96 68 26 16 14 49 60 88 73 81 40 17 2 19 23 37 31 80 18 99 42 49 84 95 18 74 87 31 6 48 39 70 49 72 84 9 12 54 25 59
46 21 90 82 52 77 59 42 6 93 87 3 55 82 27 31 92 70 3 99 21 7 95 2 11 86 15 16 27 79 43 75 65 58 25 77 15 48 55 52 55 12 63 50 4 14 12 32 41 4 8 100 19 2 82 19 49 54 46 3 57 37 19 6 76 59 94 78 32 31 54 29 59 50 93 22 71 46 6 55
71 77 95 16 80 39 15 23 100 9 42 53 89 51 28 35 15 44 85 85 9 92 60 19 70 64 51 19 60 8 77 11 41 44 88 100 99 54 90 75 12 22 55 9 89 93 82 41 53 30 61 48 85 14 74 70 65 5 71 68 86 23 96 56 78 26 85 53 45 47 95 34 63 55 100 83 76 55 35 83
23 91 68 34 90 86 57 80 21 85 97 18 52 25 66 76 34 6 35 47 7 78 66 18 45 18 38 92 86 6 96 52 20 98 61 85 71 45 33 63 43 80 78 73 23 16 61 21 32 17 64 14 43 39 94 23 47 17 19 96 8 52 89 80 51 43 54 68 63 35 60 53 91 10 89 15 7 95 19 54
35 36 65 54 83 77 97 83 9 37 75 69 61 29 46 69 98 1 52 2 100 55 52 47 22 35 80 98 74 91 76 1 23 74 36 54 23 69 63 19 16 18 15 52 25 58 66 90 36 13 7 35 39 46 2 14 36 53 33 80 32 12 87 94 50 34 93 96 1 63 51 56 39 63 81 90 42 7 10 61
16 78 44 55 95 45 66 46 24 77 19 17 20 91 22 62 6 71 63 4 40 49 82 28 59 82 82 2 44 7 1 5 9 99 94 58 56 85 7 11 95 79 60 47 55 96 75 3 20 65 32 85 22 12 59 64 93 17 12 62 78 91 96 62 69 83 8 65 13 98 86 30 52 86 68 18 29 45 86 45
58 41 85 28 100 48 29 82 24 62 85 91 94 3 67 97 63 11 64 93 6 59 54 24 4 49 65 93 73 90 86 95 2 71 87 4 29 97 29 98 35 26 92 8 36 1 31 19 88 42 12 68 39 13 10 17 28 80 79 28 30 68 26 15 57 95 27 46 23 42 30 86 49 3 74 69 64 26 70 9
37 26 29 53 40 37 45 18 46 8 98 42 1 86 79 51 18 25 18 53 95 15 47 2 29 41 77 83 75 28 51 85 6 99 81 88 97 55 33 5 79 88 26 20 99 6 50 47 100 25 76 73 56 8 22 27 62 46 56 97 41 68 20 26 1 9 98 94 86 69 14 93 40 98 92 88 24 78 36 56
59 18 42 79 65 44 45 41 55 45 33 71 81 96 85 54 24 36 2 53 13 50 50 40 87 96 98 14 79 86 2 52 34 25 7 60 78 85 100 88 40 54 87 9 76 49 62 38 6 39 81 42 79 63 79 95 86 48 55 5 48 80 32 64 85 78 80 86 50 21 8 52 39 89 78 51 50 76 15 62
91 62 79 51 50 82 74 91 100 44 10 79 24 21 79 29 36 27 91 75 12 34 61 17 8 52 75 42 57 5 98 38 11 93 1 63 76 38 60 95 2 40 13 35 14 93 65 93 19 13 26 37 31 5 56 73 92 94 23 51 9 65 53 93 60 15 23 68 10 74 55 49 88 11 97 66 20 96 66 72
54 31 72 71 15 28 40 37 42 20 55 45 46 21 23 45 44 37 98 60 54 13 78 6 37 7 45 97 21 8 3 80 37 27 87 38 100 76 78 11 24 91 10 82 2 2 96 64 38 11 22 12 32 98 35 59 70 11 21 38 92 32 21 21 19 53 70 99 2 33 60 24 87 33 7 20 73 51 11 80
47 52 68 56 34 8 68 87 37 1 61 68 79 62 40 43 36 33 67 70 72 55 15 10 35 60 44 7 96 67 37 73 74 37 68 90 50 45 6 41 95 69 42 40 28 4 18 96 80 36 49 15 6 99 35 51 40 22 82 72 95 67 51 25 58 53 61 34 24 68 52 66 98 1 11 15 24 26 99 23
83 6 61 52 21 80 74 43 41 20 95 16 38 28 26 1 49 75 80 13 60 39 30 4 98 65 78 7 72 32 60 85 4 18 97 14 15 67 51 81 66 81 2 35 67 88 39 3 95 41 78 91 54 22 57 83 20 64 67 95 33 8 21 13 19 98 75 76 32 60 93 45 46 91 97 80 19 26 75 25
15 2 55 39 24 7 94 16 15 25 35 49 46 88 58 39 99 96 46 64 87 28 9 87 12 96 3 88 69 10 70 42 63 77 51 61 1 90 33 63 41 32 41 97 96 38 27 16 54 13 38 62 65 47 21 73 64 63 1 91 60 10 64 62 86 78 12 3 76 54 4 31 33 38 85 39 28 80 38 37
