20 80
63 40 38 43 71 49 76 0 41 35 50 2 68 10 39 72 6 27 59 42 12 46 29 37 14 77 55 16 48 4 70 45 1 56 57 7 66 13 79 67 58 28 54 17 52 23 36 24 8 61 62 5 18 78 53 21 65 11 19 69 3 25 15 47 34 64 73 44 30 32 26 20 33 51 31 22 9 60 74 75
77 62 65 15 30 16 19 7 64 58 56 63 54 17 36 9 0 10 46 20 11 48 38 78 25 79 28 55 34 14 26 69 8 4 51 70 31 68 42 3 13 53 74 60 21 61 24 22 39 57 76 75 49 2 23 18 72 41 35 5 59 12 1 27 45 29 6 50 71 67 47 37 66 40 73 43 44 32 52 33
24 72 66 51 49 48 2 42 28 21 1 10 9 47 38 44 36 65 0 43 29 40 54 76 53 37 15 63 5 77 39 25 33 23 45 78 34 19 79 35 27 30 31 75 46 22 41 8 68 70 16 52 55 12 4 13 26 14 32 57 6 60 64 20 11 71 7 73 58 18 50 56 69 3 17 59 62 61 67 74
38 31 26 39 57 50 24 10 34 53 36 18 63 9 76 66 40 60 7 67 71 43 23 14 48 22 27 30 65 69 58 28 4 11 72 3 41 6 32 52 1 37 35 75 55 17 61 0 70 44 2 79 59 49 54 21 8 33 64 19 20 42 13 12 78 51 29 74 25 56 5 46 47 73 45 77 16 68 15 62
62 63 39 29 3 66 54 60 36 72 47 28 40 68 20 35 21 43 7 10 52 64 59 24 8 14 53 15 34 17 5 57 18 46 70 37 69 1 55 25 65 32 49 48 4 77 16 75 67 26 23 27 11 0 45 58 56 2 12 51 38 73 9 13 33 22 50 42 44 76 41 74 6 79 61 71 30 78 19 31
39 25 47 51 79 49 73 3 13 50 6 40 69 42 35 30 64 23 8 56 29 46 43 76 18 36 62 63 72 9 78 17 55 22 12 52 4 27 53 20 44 14 24 2 59 0 48 66 65 7 10 77 68 19 57 15 31 54 16 67 38 32 61 1 41 37 74 60 75 11 45 5 58 70 71 28 21 34 33 26
2 21 46 12 26 34 28 78 11 5 16 60 75 37 49 63 0 74 45 30 59 68 29 27 54 1 48 15 55 17 72 69 76 35 10 57 7 31 64 13 8 14 6 38 3 77 24 4 58 20 66 40 50 18 62 56 33 61 52 23 47 36 39 44 25 67 70 42 9 19 65 43 53 51 32 41 71 22 73 79
20 67 76 12 65 31 17 18 21 34 53 62 72 33 78 25 2 16 10 35 75 52 55 54 1 69 61 6 77 30 47 22 56 32 14 51 79 64 0 15 40 3 38 4 71 66 68 41 8 44 36 7 29 73 11 63 46 24 23 39 26 27 59 49 13 57 48 74 45 60 37 50 5 42 43 70 58 28 9 19
50 5 42 49 9 77 48 78 3 72 71 13 10 24 0 62 8 75 79 1 35 7 22 29 6 64 17 66 32 47 15 63 28 33 39 56 14 2 27 18 67 60 70 65 45 40 36 55 73 57 54 44 37 11 26 46 59 34 23 76 20 12 4 61 74 25 31 58 68 16 43 19 53 52 51 38 69 21 41 30
65 38 37 71 17 61 10 12 64 31 49 78 76 62 50 15 46 58 3 30 11 33 24 1 57 44 70 21 4 72 25 20 43 39 8 47 5 29 51 63 27 68 14 52 74 45 59 28 9 34 6 23 55 53 41 18 56 67 40 73 36 79 77 66 22 13 16 42 7 32 69 2 0 19 48 35 26 75 60 54
29 21 13 55 47 51 27 20 75 61 0 76 73 5 12 17 64 65 30 62 14 34 63 18 45 70 7 36 74 38 3 15 31 28 24 9 69 19 43 2 50 8 79 68 33 1 60 52 57 66 4 54 26 53 23 67 32 25 58 48 42 16 44 78 72 41 56 40 37 49 77 59 35 11 10 22 71 39 6 46
55 2 21 12 74 60 53 71 62 69 16 64 14 17 3 25 11 79 26 56 18 22 57 49 6 72 43 15 52 78 73 28 76 48 31 68 39 65 40 30 19 36 33 24 13 67 7 10 75 5 47 9 58 27 37 50 63 32 34 41 0 46 45 1 35 23 42 77 70 61 54 66 59 4 20 38 51 8 29 44
66 28 37 51 70 13 73 11 23 71 59 21 54 49 36 46 30 9 67 15 52 35 53 41 68 76 20 77 33 27 63 39 31 79 60 1 50 40 14 2 34 56 57 64 58 18 42 55 25 24 72 62 8 74 69 78 75 61 32 6 19 16 29 44 12 65 26 45 4 17 10 43 22 48 5 7 3 38 47 0
69 21 2 73 5 36 62 11 44 67 43 33 46 65 39 3 77 75 1 8 16 56 20 25 17 53 29 34 12 49 47 35 28 72 64 31 30 63 7 48 9 71 57 4 24 45 42 61 68 23 51 58 54 52 38 14 70 13 74 66 37 76 18 59 0 19 55 15 40 22 32 10 79 26 27 41 60 78 6 50
24 19 10 41 63 25 27 55 32 45 30 28 38 78 79 54 61 13 76 7 34 73 57 77 52 9 8 75 3 68 49 59 39 72 74 66 37 6 4 15 22 12 14 48 23 36 53 71 35 67 64 0 1 56 51 46 43 17 65 40 18 58 70 62 33 29 60 47 31 20 11 5 50 26 44 69 42 21 16 2
78 57 12 62 37 67 74 36 34 43 44 76 56 72 11 1 27 30 6 2 75 42 38 4 46 53 16 15 20 17 18 22 24 31 68 35 25 59 70 66 13 39 73 47 52 7 79 71 49 32 33 61 21 8 41 26 50 23 28 64 10 63 60 3 77 29 0 55 19 48 40 51 14 65 54 69 45 5 58 9
22 65 51 12 13 61 68 11 36 56 52 31 62 39 46 34 67 10 49 45 58 9 3 15 28 29 76 23 14 4 2 24 70 53 20 40 69 55 64 18 7 35 21 47 75 63 1 26 5 0 48 37 43 33 19 38 72 30 78 42 17 77 59 50 60 54 44 73 8 6 71 41 27 74 66 32 16 25 57 79
7 5 25 11 46 19 73 31 62 40 27 12 32 30 22 18 77 8 67 1 15 29 28 16 37 14 20 41 36 24 2 4 42 68 76 3 50 78 17 44 13 70 79 43 6 9 56 63 21 75 49 65 60 0 23 61 26 74 59 33 48 51 45 54 53 47 71 72 64 39 69 34 35 55 66 57 10 38 52 58
18 36 17 51 71 53 74 6 32 7 44 3 21 15 75 77 45 47 65 12 24 46 1 43 35 55 23 40 57 0 39 63 59 54 42 26 27 25 56 64 22 79 60 19 70 14 76 73 2 30 38 9 5 37 41 66 31 8 69 10 58 34 68 52 11 28 4 67 62 78 72 49 29 16 13 61 50 20 33 48
70 41 15 20 61 65 17 76 75 32 49 62 40 9 78 73 5 14 19 38 64 2 59 30 51 37 35 7 0 39 43 42 22 13 26 46 53 36 57 27 72 63 68 34 29 31 50 74 10 24 21 3 44 12 16 28 47 55 11 18 1 69 8 56 45 33 58 66 25 6 60 71 52 67 4 77 23 54 48 79
69 49 87 17 49 50 53 77 20 58 68 27 61 55 70 34 49 22 44 48 15 74 35 91 46 1 93 38 21 81 91 45 38 93 29 63 59 93 78 18 87 44 25 14 42 50 71 32 92 7 12 8 25 11 74 79 94 29 15 65 28 57 91 18 30 26 10 23 60 27 42 74 10 47 24 86 55 40 77 17
44 25 25 92 16 98 70 63 2 85 18 49 53 40 81 87 5 58 67 56 38 56 52 96 71 88 70 14 74 77 95 49 12 72 88 37 19 75 54 1 17 23 71 71 91 34 11 93 93 74 88 100 32 97 33 80 59 76 36 60 100 78 60 78 89 59 61 75 9 22 67 39 87 54 26 40 7 59 65 99
28 54 41 71 72 71 22 72 95 70 98 74 58 47 99 84 86 75 2 17 69 44 79 2 96 32 1 29 37 98 99 45 97 34 33 74 22 6 40 62 76 35 24 36 73 70 92 61 88 44 54 10 38 98 27 20 34 14 68 57 2 77 18 42 69 15 5 66 4 92 97 85 96 57 65 2 51 85 65 58
17 17 8 13 77 33 1 99 15 77 81 28 35 84 80 100 84 83 5 66 64 45 60 26 36 53 5 88 38 42 90 100 33 49 29 19 61 94 34 3 55 1 18 10 7 85 39 98 24 55 94 63 14 56 62 72 27 27 58 60 27 88 13 87 95 61 25 22 58 69 47 35 100 100 98 93 51 100 80 33
84 88 84 47 6 15 59 38 61 84 65 45 85 96 75 37 27 21 67 58 19 81 23 91 91 40 99 89 75 87 47 39 37 33 55 52 9 4 35 81 90 4 85 81 35 90 93 76 81 54 45 61 37 60 87 19 91 79 45 30 85 16 6 73 68 72 69 74 21 5 31 11 48 58 15 95 93 93 8 3
76 16 10 73 75 24 15 14 23 28 83 63 6 60 91 89 91 82 13 38 33 89 80 54 100 8 21 44 34 58 10 52 45 87 68 97 54 4 84 32 96 58 10 47 85 71 12 81 6 100 77 69 27 60 82 98 47 12 8 14 47 94 93 88 4 8 46 60 36 28 32 84 79 28 24 50 73 11 32 87
91 23 56 47 21 71 72 64 94 5 23 60 24 30 54 62 28 17 15 50 70 22 23 46 13 85 46 21 28 94 38 66 69 88 99 73 67 48 25 15 13 48 14 25 52 72 82 17 64 7 10 30 19 47 20 95 23 6 4 69 77 98 13 73 87 77 60 76 83 62 62 58 41 87 84 86 20 22 70 22
33 63 27 91 96 88 32 26 71 64 46 90 53 93 28 70 48 75 44 35 1 35 40 84 78 55 54 5 70 78 60 61 8 21 85 11 17 11 57 73 33 33 52 84 68 40 23 48 87 19 83 80 47 26 6 43 89 70 66 5 3 45 15 52 63 97 18 89 75 57 20 90 33 52 34 33 23 51 65 50
73 60 92 41 49 13 68 99 33 12 95 35 26 96 83 86 5 25 54 30 18 100 9 89 51 34 40 22 85 64 68 49 100 33 33 96 80 26 82 26 80 45 59 22 83 58 84 68 46 98 13 66 89 97 84 29 87 81 47 60 16 62 1 87 53 94 54 18 2 22 71 49 95 49 17 74 83 86 42 66
49 9 21 1 12 29 25 47 27 22 65 25 3 14 79 64 71 35 58 95 23 30 26 25 43 48 24 95 11 86 21 25 28 80 35 92 71 36 38 59 34 3 54 95 48 49 10 4 61 84 53 80 94 58 81 51 27 86 42 11 79 21 9 12 90 76 30 57 16 71 41 44 21 53 10 33 65 7 19 100
97 27 85 3 39 71 15 19 14 53 37 2 70 32 7 98 1 4 23 54 69 13 66 90 45 25 31 69 18 28 55 17 27 86 12 49 27 36 82 14 94 52 47 43 66 18 13 9 29 41 33 28 54 32 11 2 55 72 60 93 45 92 59 1 87 40 98 9 20 55 54 38 89 70 58 18 14 23 35 8
98 69 5 70 71 36 68 38 20 88 45 51 3 98 76 8 50 8 25 91 20 49 47 86 97 3 4 79 12 79 68 25 74 10 10 45 75 49 43 56 60 46 34 60 84 47 84 34 27 84 39 99 63 94 68 18 60 59 96 38 41 46 31 37 12 7 9 50 97 6 6 66 18 88 51 87 73 22 72 5
75 78 86 6 36 89 9 38 74 63 31 6 45 84 5 59 3 62 52 75 87 100 2 28 70 62 30 72 50 1 16 17 34 62 34 24 60 8 40 50 91 81 73 100 1 6 88 33 41 76 96 19 8 37 6 25 50 9 75 66 49 32 48 90 69 74 51 87 39 61 42 49 49 87 87 87 80 68 36 80
38 65 28 96 33 10 75 94 28 74 21 68 69 57 71 83 91 28 42 58 21 99 57 89 37 32 19 64 69 82 35 23 31 10 7 27 17 69 74 87 61 43 19 22 9 2 67 67 20 100 47 46 60 72 32 89 9 7 86 85 37 14 12 64 81 88 18 3 17 90 7 86 2 57 34 37 58 3 41 48
61 23 65 21 93 14 27 87 67 68 95 41 17 64 56 5 80 95 16 42 64 34 84 47 25 5 58 1 51 28 45 85 14 62 41 38 46 49 12 26 72 32 87 9 13 84 57 16 89 70 55 5 40 28 64 19 25 29 18 75 91 83 60 58 15 50 63 6 12 1 77 60 70 12 20 57 42 99 39 96
65 94 41 52 20 97 32 69 96 90 49 84 79 15 72 40 5 43 26 86 93 36 55 19 66 77 7 24 21 88 91 99 14 57 49 88 66 36 83 99 92 92 21 74 25 40 74 41 52 97 61 61 88 10 2 16 94 1 44 1 46 51 90 90 36 36 63 23 47 54 57 90 13 84 95 35 24 40 14 12
26 13 20 42 70 93 4 98 88 87 91 72 18 78 1 5 28 11 45 53 82 80 55 38 32 70 33 85 41 47 9 34 62 49 4 43 43 97 36 46 56 66 55 31 51 19 18 37 1 57 88 75 32 16 25 18 89 78 32 54 10 25 37 15 39 97 50 4 88 56 4 18 53 22 5 53 16 82 10 23
72 74 12 70 53 57 27 28 6 38 55 48 91 49 68 46 67 42 81 78 20 45 39 95 36 75 91 43 97 74 74 99 49 82 9 76 75 100 79 66 94 77 99 38 47 5 25 14 42 51 80 85 71 91 33 62 23 30 82 25 21 96 76 43 100 5 63 62 73 1 37 45 3 90 85 41 95 88 16 61
62 13 75 54 23 61 1 70 66 82 56 28 50 67 14 13 56 78 97 14 46 67 80 82 88 30 58 64 33 44 34 27 46 10 92 82 48 41 56 26 56 33 5 64 92 7 65 45 47 69 9 46 57 82 100 5 24 46 67 17 67 2 50 61 34 38 12 7 66 87 25 76 18 81 85 58 64 62 46 5
71 96 86 67 31 4 11 27 77 79 25 32 16 7 15 40 6 9 38 14 86 87 32 71 60 49 38 20 42 73 19 19 6 39 99 15 12 2 63 38 99 62 88 68 96 15 39 75 1 13 14 27 68 33 40 84 78 34 44 35 8 60 18 37 7 48 10 63 54 97 63 32 8 21 8 28 1 99 86 82
