20 80
14 9 44 24 45 73 0 56 61 74 1 11 23 58 48 20 75 62 15 13 31 47 64 2 28 10 5 71 19 78 60 55 42 67 66 54 72 32 69 79 16 63 4 52 39 29 50 27 38 34 35 57 33 49 3 25 37 65 76 8 26 18 68 40 59 7 43 46 36 21 70 6 17 51 30 77 12 41 22 53
68 75 62 38 43 27 40 76 47 51 77 32 44 69 18 23 15 5 58 74 59 14 60 52 37 21 29 63 34 25 71 9 61 54 28 22 72 79 12 19 6 3 33 65 55 35 78 49 26 11 8 70 2 56 0 30 17 42 53 39 64 50 48 46 1 24 36 45 73 20 41 66 16 7 10 57 67 31 13 4
33 6 70 19 11 16 38 64 51 34 67 65 74 25 29 1 26 0 40 21 42 17 48 71 52 32 78 12 72 66 58 62 15 77 10 73 53 13 14 75 56 22 36 2 20 3 47 57 63 44 28 43 79 69 61 35 49 8 50 45 27 18 5 24 76 59 23 31 9 54 7 55 39 37 41 68 30 60 46 4
32 51 25 43 76 0 75 14 39 1 52 45 5 17 44 70 77 55 73 38 21 49 31 79 33 69 74 46 16 28 6 9 11 23 54 64 37 19 24 13 12 26 15 63 60 41 35 78 34 58 48 72 53 65 18 62 71 57 42 2 10 3 50 27 29 67 56 36 68 66 61 20 8 7 59 40 30 4 47 22
50 61 27 63 37 40 76 72 67 12 38 41 44 64 23 31 79 7 9 36 5 18 66 58 0 8 16 4 19 32 69 33 13 60 52 14 42 56 10 71 39 28 65 68 26 46 6 34 48 73 30 53 29 77 11 62 21 59 15 45 75 51 43 20 22 74 57 2 17 55 49 54 24 35 1 78 3 47 25 70
34 69 18 9 58 22 66 61 8 57 19 39 77 71 14 43 38 78 40 16 3 53 10 79 47 27 46 21 42 51 25 54 41 52 17 23 45 5 28 65 44 48 72 2 55 15 62 76 32 24 67 49 26 60 56 70 1 75 12 31 30 13 73 50 7 6 36 29 4 0 64 35 11 59 20 68 63 33 37 74
78 54 16 61 21 2 15 22 28 0 40 73 39 44 59 72 67 26 60 13 38 24 70 75 51 36 46 52 77 65 71 11 47 29 5 45 55 10 50 7 27 62 66 43 68 19 64 48 34 79 25 20 53 32 30 37 33 58 49 12 74 76 23 57 17 63 6 42 1 56 4 35 9 8 14 3 41 18 31 69
67 3 70 42 43 61 71 30 50 49 76 69 78 79 37 56 32 17 0 73 9 77 36 58 65 23 47 63 48 13 34 59 45 35 20 1 60 12 22 57 19 38 68 25 4 46 41 6 55 18 15 53 39 62 10 26 64 7 14 28 2 24 31 72 27 33 44 11 75 74 21 5 16 66 29 52 51 54 8 40
65 79 13 34 45 38 21 59 37 69 43 31 24 5 26 76 23 73 16 9 14 54 75 56 50 20 48 64 29 55 3 42 70 74 68 47 51 6 77 53 44 15 41 30 40 22 36 66 17 18 1 4 25 46 2 58 49 63 57 52 28 72 71 60 33 27 39 19 78 67 32 12 0 10 8 7 35 62 11 61
71 38 34 16 66 23 32 43 10 31 47 20 55 44 30 70 18 39 26 68 67 5 50 7 12 29 37 19 51 24 2 14 21 69 35 64 0 27 13 33 75 36 8 11 40 74 63 61 72 53 1 3 73 45 79 6 22 62 76 49 17 58 41 57 25 9 42 15 54 77 46 48 60 4 59 78 56 28 65 52
51 66 13 62 54 2 27 59 68 15 18 38 61 14 47 43 55 78 56 65 77 79 31 70 3 49 60 0 34 20 28 17 50 7 46 29 40 30 67 24 74 58 45 25 26 37 72 23 75 71 19 22 33 69 41 52 35 57 32 76 8 63 48 4 16 9 6 5 1 36 44 11 10 42 73 39 53 12 64 21
4 28 21 78 37 51 64 38 40 20 35 12 75 27 69 62 67 70 36 79 60 46 50 1 0 2 53 68 13 55 57 30 8 65 61 19 77 7 39 22 31 66 58 41 3 45 44 56 25 43 54 14 52 63 47 49 9 16 71 6 74 11 5 33 59 72 23 24 17 10 15 26 48 42 76 29 32 18 73 34
18 75 23 17 41 76 40 59 4 15 78 70 64 46 47 24 12 45 54 37 62 21 1 43 73 56 57 11 29 38 44 34 58 49 13 25 50 39 33 22 67 65 3 36 19 48 0 68 61 35 9 77 28 2 79 26 71 20 55 42 7 74 30 60 14 52 16 63 72 27 51 66 10 32 53 69 8 5 31 6
20 9 18 19 4 24 13 27 21 75 2 59 66 43 7 51 28 31 40 77 72 47 73 35 54 45 11 3 16 1 41 55 70 49 0 58 76 48 12 17 33 23 62 15 32 67 37 42 8 60 6 39 65 30 52 38 26 71 64 56 14 63 25 53 46 69 61 36 34 74 10 44 22 57 79 50 78 29 5 68
43 6 17 61 22 12 62 54 37 39 79 77 36 0 33 15 31 9 21 78 76 69 48 59 7 55 56 19 35 38 45 42 49 72 1 3 52 16 2 47 60 65 46 24 30 66 75 58 14 28 68 71 34 25 23 73 53 32 4 11 5 63 10 41 64 20 67 13 70 50 51 57 40 26 44 74 18 8 27 29
30 61 33 48 18 78 8 31 35 57 68 58 52 9 17 75 36 2 54 53 45 14 29 24 12 56 7 44 27 5 67 4 28 39 50 66 73 77 46 11 22 76 59 21 10 13 34 15 42 26 40 0 70 65 6 72 16 20 43 32 64 74 3 51 23 55 49 1 79 47 60 38 63 41 69 25 19 62 37 71
21 72 1 67 50 36 63 74 2 32 64 60 18 65 56 27 51 47 29 26 0 6 57 31 59 12 34 10 30 76 42 4 24 7 79 40 45 38 44 66 13 61 23 54 53 77 71 17 78 46 37 19 11 73 49 39 43 62 68 28 14 16 55 20 69 25 15 3 9 48 33 58 22 5 75 70 52 41 35 8
64 78 77 10 14 56 50 74 45 25 48 75 67 15 40 7 32 53 36 69 47 27 24 72 22 44 5 71 23 43 17 13 6 19 58 20 16 76 30 62 63 66 2 55 37 35 49 34 11 26 79 9 73 57 54 60 61 42 59 21 68 29 18 31 4 46 28 38 3 70 41 0 8 65 52 33 39 51 12 1
15 30 47 43 0 45 21 75 28 68 60 56 76 6 12 36 72 14 38 78 41 8 24 29 17 52 57 7 64 51 35 67 9 58 20 22 26 31 66 55 54 37 13 18 79 3 1 11 4 77 40 5 19 44 70 42 50 73 62 74 25 48 53 71 39 65 49 69 46 32 59 10 16 63 27 2 61 34 33 23
8 28 20 65 10 1 43 12 51 49 79 2 29 73 44 11 0 40 15 46 53 26 33 78 70 68 36 66 38 19 31 77 7 48 24 21 4 56 3 5 39 59 55 6 71 63 16 50 61 23 18 22 76 14 9 52 45 57 13 72 54 37 67 17 41 27 47 74 62 25 60 34 35 64 58 75 69 42 30 32
91 89 32 48 57 89 95 61 29 32 1 87 60 42 78 59 53 32 81 47 27 94 64 92 87 60 6 17 69 92 14 33 39 95 88 38 54 9 95 16 75 70 36 68 18 67 37 1 64 33 70 40 62 11 81 10 74 42 13 13 7 79 89 77 5 28 21 59 60 97 8 99 42 92 72 72 96 18 19 46
83 62 83 8 97 97 92 39 37 44 89 70 52 84 8 24 54 83 27 65 11 77 64 45 42 34 17 88 51 57 17 20 81 68 89 91 96 97 9 72 55 51 72 17 92 58 18 26 31 74 64 97 49 33 81 15 65 86 68 8 14 57 25 99 70 50 55 79 48 50 74 38 92 57 24 79 28 84 84 73
2 9 96 8 90 49 84 2 46 91 55 64 86 88 26 95 65 51 66 85 56 24 44 60 61 55 79 45 48 2 82 4 88 15 11 97 83 49 80 35 68 69 6 17 32 66 1 39 86 72 7 6 28 39 69 3 17 91 54 63 43 43 20 69 43 69 81 29 27 53 12 1 24 13 60 22 71 75 100 1
61 12 10 93 34 85 92 19 70 95 62 66 20 84 84 87 49 54 57 70 16 78 73 32 2 74 88 87 74 3 47 5 9 36 26 36 55 57 46 30 50 97 1 10 52 60 45 59 39 28 1 31 87 43 24 89 3 72 29 74 59 29 61 36 80 97 99 41 27 44 69 90 9 84 84 76 26 37 68 75
27 59 76 6 53 78 71 33 73 95 47 89 43 33 55 66 36 80 53 2 62 38 34 62 69 14 8 37 3 53 95 46 28 37 17 27 11 24 34 94 8 94 45 31 33 80 69 53 50 19 53 82 46 44 9 45 87 20 17 45 13 48 2 55 50 96 65 91 47 66 44 99 41 19 94 77 7 85 50 88
76 41 23 90 23 97 28 84 93 31 89 36 54 89 6 21 15 68 92 14 92 75 5 76 10 57 12 83 80 14 72 72 58 17 47 23 88 23 43 85 22 75 30 39 60 31 21 24 1 22 31 70 14 53 1 77 6 62 1 4 7 19 84 4 68 7 26 86 89 27 3 4 84 41 57 5 44 50 82 94
85 61 6 27 78 97 80 43 53 27 55 2 61 28 5 93 22 4 51 35 42 67 23 16 5 20 22 8 29 28 75 64 15 96 78 100 6 25 3 58 97 92 83 4 30 91 32 86 100 35 100 66 41 31 12 10 69 76 29 5 92 27 47 42 45 86 26 37 5 73 30 81 47 90 67 45 54 40 39 42
79 44 75 81 90 65 94 95 8 78 84 33 17 31 17 98 42 16 37 79 12 47 33 19 47 39 39 23 60 71 48 54 12 3 39 95 77 72 71 28 25 94 36 36 44 98 46 84 4 11 70 90 87 2 76 64 91 11 61 87 93 94 10 53 27 26 39 8 50 86 26 15 55 92 76 38 49 26 34 94
57 92 54 48 47 16 98 36 94 96 14 16 56 23 4 27 49 37 38 89 30 65 59 17 33 56 40 94 90 11 26 17 95 21 12 66 50 91 60 85 100 70 52 21 85 19 40 12 93 42 91 38 42 44 71 39 89 92 72 43 75 86 41 2 36 48 48 80 73 77 83 16 38 66 14 19 5 36 82 92
88 84 34 73 40 88 25 82 78 11 25 34 35 66 53 34 69 83 40 69 33 98 69 91 48 41 59 76 85 33 44 28 41 4 72 57 59 43 72 8 6 4 50 5 68 39 99 71 88 72 62 77 31 37 15 82 17 22 62 94 24 34 6 32 22 18 77 78 50 59 73 49 46 92 33 34 81 28 40 8
18 92 5 64 75 10 100 39 6 52 82 83 71 41 90 78 79 100 22 93 47 55 91 6 74 54 49 48 90 8 3 88 72 42 74 9 37 47 80 10 80 41 25 32 84 96 16 95 65 64 98 33 42 57 94 22 61 17 67 1 25 74 46 65 19 38 21 34 15 41 85 73 11 34 11 64 45 57 6 60
21 51 33 1 8 84 51 40 23 29 40 26 89 53 79 71 25 15 37 76 28 62 7 71 46 68 41 71 41 2 82 28 91 21 4 84 96 28 75 5 20 84 87 14 64 33 21 34 60 23 28 31 23 65 9 76 42 73 38 87 19 36 76 58 84 96 55 49 73 11 89 14 49 97 4 97 41 64 14 7
71 48 17 74 33 21 29 78 94 39 23 56 42 8 14 9 39 78 16 56 75 50 16 83 39 26 33 50 78 94 90 5 86 89 62 64 90 59 99 47 86 30 90 13 59 54 37 36 81 95 93 80 75 2 55 32 66 47 4 62 55 28 97 16 13 97 53 97 54 4 70 10 89 96 11 91 25 57 3 3
23 57 10 81 33 40 48 23 12 1 45 18 12 53 11 37 83 7 3 27 42 86 29 62 4 76 93 38 11 21 40 20 76 87 5 89 60 74 78 48 18 53 10 85 85 16 92 57 20 34 94 64 33 93 50 99 57 81 68 82 93 17 98 25 95 49 70 89 2 71 37 13 40 46 77 69 30 30 33 48
33 51 53 86 34 89 31 59 38 100 91 85 55 46 78 50 8 95 100 56 14 83 61 15 27 46 28 96 44 26 88 9 14 67 16 4 19 41 29 59 37 77 25 49 19 79 70 63 54 95 1 72 46 59 12 69 43 83 66 63 74 27 57 5 29 4 4 85 78 40 21 37 50 16 12 71 45 61 15 96
60 36 85 53 91 74 59 43 81 4 75 57 90 64 51 98 55 24 10 25 48 29 48 54 19 24 25 30 65 95 30 72 14 20 81 71 96 100 49 92 67 67 28 18 48 9 1 46 96 71 18 24 70 26 64 36 46 73 82 36 44 19 43 20 34 51 6 57 31 17 24 39 1 39 5 84 38 93 8 10
26 41 57 69 43 27 7 47 37 22 9 38 43 30 53 92 86 51 78 17 62 39 60 14 4 55 30 30 60 4 44 12 20 45 45 31 99 25 27 66 22 89 42 76 62 59 59 29 46 37 25 91 66 11 64 2 63 62 86 68 63 35 9 61 34 38 60 88 64 28 27 24 44 100 1 4 29 34 16 62
49 41 60 35 98 95 66 77 87 10 46 60 10 84 55 8 79 74 56 65 95 92 18 11 74 41 16 60 77 89 10 56 47 60 68 3 7 85 7 55 58 89 17 6 36 32 63 60 39 80 61 81 28 75 36 97 74 92 72 11 43 91 14 61 28 21 8 41 10 14 38 86 15 54 13 37 8 99 73 10
40 22 2 79 71 12 25 6 35 30 45 86 27 73 47 16 13 81 57 12 64 87 45 55 71 57 1 100 19 68 54 50 78 34 41 88 5 27 17 8 13 6 98 83 58 97 95 4 73 99 4 97 44 33 87 18 77 42 63 55 53 8 27 9 34 9 37 80 53 17 29 88 45 94 66 19 79 16 9 58
69 14 41 33 48 87 17 78 65 60 28 68 1 38 31 31 48 80 8 67 81 10 82 93 18 98 61 17 1 83 78 27 24 89 91 28 4 54 91 72 20 96 55 94 23 37 66 49 66 81 61 87 83 10 65 8 12 31 84 50 82 96 44 23 95 33 19 80 67 10 77 12 100 24 8 71 27 38 90 80
