20 80
50 52 2 76 8 64 79 75 5 43 3 47 70 18 7 54 16 62 60 67 78 13 66 20 27 72 46 9 36 51 65 12 24 28 68 23 71 63 0 74 40 77 56 14 33 61 35 21 32 42 6 41 57 55 34 4 59 17 31 22 10 25 26 73 38 58 45 19 48 44 53 49 29 11 30 69 1 39 37 15
59 39 52 68 23 27 21 56 65 19 64 55 10 40 6 72 37 9 75 8 62 5 50 13 61 17 33 47 74 3 15 36 48 26 4 41 0 11 45 43 58 73 38 78 57 29 46 54 16 7 63 70 14 18 71 44 77 42 35 25 24 20 28 49 32 30 76 60 69 31 67 79 2 12 53 66 51 34 22 1
15 50 76 12 22 57 47 2 68 28 63 79 67 31 39 30 46 26 78 54 25 60 35 16 3 27 53 5 14 48 40 49 17 9 61 44 21 24 62 64 18 71 32 8 29 36 13 38 58 75 43 19 55 73 66 45 41 11 37 52 4 20 70 72 10 0 69 1 7 6 51 65 56 74 34 33 42 59 23 77
70 14 45 7 12 39 54 1 76 56 10 29 50 75 34 48 58 66 67 11 4 46 61 26 19 31 49 62 17 78 65 42 15 74 6 16 52 36 44 68 13 64 35 41 5 20 43 0 9 3 25 23 2 47 55 69 59 40 51 30 32 27 18 21 72 38 79 53 22 71 33 63 73 60 28 37 57 8 77 24
54 69 17 32 70 41 36 9 0 20 48 52 39 35 74 58 57 51 77 76 7 28 40 55 12 50 44 45 62 49 19 79 8 67 13 42 66 2 29 72 31 47 73 63 59 15 24 60 53 6 25 14 5 27 4 33 10 26 3 30 64 78 75 46 34 61 65 22 37 38 43 16 1 18 71 21 68 56 11 23
13 5 74 77 44 60 2 52 0 33 3 14 56 63 23 29 59 49 25 73 10 58 36 53 8 27 16 47 54 11 1 38 30 78 64 18 21 68 62 67 66 12 69 79 6 34 35 7 37 26 19 51 28 65 75 43 48 9 50 24 15 4 20 45 39 32 57 70 22 46 41 40 55 61 71 31 42 76 17 72
68 28 33 48 46 27 54 23 74 34 70 39 51 66 72 57 30 5 14 53 77 16 42 24 29 64 56 44 8 65 37 61 36 50 25 35 21 49 60 19 43 41 78 79 58 73 7 6 10 18 15 1 32 0 4 55 17 38 59 71 12 13 31 62 69 52 67 45 47 9 3 22 76 11 26 20 63 75 40 2
60 19 26 44 0 52 16 32 54 48 38 37 39 20 9 59 2 61 70 21 17 66 65 23 10 8 50 22 57 58 7 34 27 15 69 56 68 47 64 30 62 51 5 79 14 40 12 43 55 6 74 29 33 78 73 77 49 63 25 35 18 31 1 45 36 4 46 42 11 41 76 71 28 13 53 24 75 3 72 67
44 26 27 20 2 63 28 12 34 54 52 57 53 9 71 41 60 31 62 58 65 7 15 73 76 49 66 47 30 11 17 18 74 6 38 42 64 79 70 40 16 39 75 55 22 24 23 67 4 32 29 21 19 45 37 13 8 48 10 56 33 59 69 5 36 43 68 78 61 1 50 25 51 0 3 77 35 72 46 14
34 63 47 11 23 19 48 37 46 8 31 72 54 42 44 15 20 2 60 59 51 41 61 75 22 7 65 29 58 18 38 45 43 17 26 55 53 50 49 4 33 6 0 73 39 1 28 10 69 25 62 74 40 32 70 27 13 30 24 77 36 21 71 52 68 12 56 35 57 3 5 66 79 14 16 67 76 9 78 64
68 37 8 61 50 14 18 74 45 66 0 17 38 41 30 32 7 19 28 57 22 12 3 70 5 39 24 42 54 52 62 16 48 10 71 23 27 78 67 64 59 33 35 21 55 47 31 65 77 69 60 13 25 79 49 56 4 9 36 75 1 51 11 58 26 46 15 73 6 53 72 43 34 40 76 29 20 63 44 2
71 68 11 0 26 53 74 46 12 25 24 35 10 64 50 16 2 62 51 40 20 66 22 42 15 13 45 70 5 23 52 3 60 61 6 29 19 72 17 78 37 39 30 75 57 73 14 67 1 7 36 43 63 32 69 34 38 21 33 41 58 59 55 65 27 76 18 9 54 28 4 79 31 44 77 48 47 8 56 49
14 52 47 69 5 60 32 37 9 74 46 35 3 10 2 49 71 72 38 55 33 40 15 62 24 12 18 11 41 31 16 21 63 61 64 26 29 7 39 54 65 57 45 36 77 8 30 76 19 23 48 53 13 0 51 28 68 42 17 73 34 27 66 1 59 78 67 6 50 43 22 75 79 70 20 4 56 44 25 58
56 73 62 37 38 47 67 4 63 0 31 79 6 11 66 41 42 76 29 8 20 18 5 35 71 60 54 39 61 36 22 49 58 55 53 13 12 43 15 10 40 7 45 50 70 78 33 65 23 24 16 48 2 28 69 27 74 77 9 57 1 25 30 44 26 51 59 72 68 64 52 21 46 32 34 17 14 19 75 3
56 77 6 69 23 51 21 62 19 17 1 2 58 72 64 26 36 50 20 33 67 12 61 39 27 28 24 44 0 34 8 73 41 30 3 7 63 5 38 71 76 68 45 35 46 78 25 4 9 13 18 79 66 70 40 31 74 32 75 15 37 43 59 53 49 47 52 16 14 54 57 10 65 48 60 22 55 11 29 42
67 28 23 15 6 72 24 40 57 18 8 70 56 69 13 41 49 47 7 63 55 34 5 79 54 76 20 64 17 27 43 11 35 68 16 58 52 32 45 51 0 36 1 46 2 26 10 44 29 12 3 60 14 62 37 73 38 66 33 22 31 50 42 61 59 19 9 4 39 71 48 78 53 30 77 21 75 65 25 74
29 42 38 73 37 43 26 59 14 45 30 17 28 70 0 15 50 1 31 13 66 72 47 75 69 52 79 68 16 56 35 67 24 60 57 54 21 5 18 61 49 7 55 58 39 36 8 40 27 63 10 12 77 11 65 44 34 33 9 23 41 62 51 3 22 25 74 48 64 19 20 53 46 4 76 2 32 71 78 6
44 75 9 67 31 73 7 30 47 12 46 40 6 49 64 21 42 33 61 53 34 62 23 56 20 18 8 63 66 28 14 55 57 72 2 39 0 17 59 71 26 22 41 54 77 37 5 25 48 68 10 15 1 35 29 76 79 60 52 32 51 78 27 16 3 36 38 58 69 70 45 74 4 13 11 43 24 19 50 65
78 50 63 13 60 71 44 42 56 77 10 69 66 32 0 57 39 22 74 59 48 15 73 79 64 43 21 36 72 55 37 65 17 53 67 5 3 7 18 35 16 40 30 45 1 25 23 26 11 58 6 46 49 61 31 9 70 47 2 4 62 75 38 33 27 8 54 76 28 24 19 34 12 29 51 68 14 52 20 41
65 73 59 32 55 63 76 6 22 49 24 52 10 71 50 34 62 61 53 3 39 44 60 40 75 35 19 28 78 54 17 45 12 46 20 5 0 25 8 29 2 13 51 41 47 33 74 64 7 16 79 42 1 43 15 4 77 18 72 38 14 21 36 26 56 27 58 11 57 70 68 31 30 37 66 69 9 48 67 23
29 88 8 4 32 71 88 58 11 25 67 17 14 95 35 98 18 42 53 35 51 87 43 25 84 53 30 66 93 83 26 16 52 1 69 66 50 75 39 73 43 37 22 12 97 2 92 59 2 15 40 82 100 44 51 98 48 64 12 25 2 64 84 97 87 84 89 51 85 43 12 48 24 86 99 62 92 56 55 63
61 92 33 46 81 50 7 59 18 68 18 45 46 83 54 70 64 92 40 75 48 34 52 38 46 89 80 10 98 12 29 22 30 65 4 55 27 39 92 15 56 42 41 19 92 32 98 1 80 93 73 69 99 86 86 90 40 37 15 26 90 70 89 53 65 68 100 24 30 7 61 18 65 73 18 46 28 34 85 35
77 15 27 39 18 58 55 92 38 27 12 89 48 41 24 89 14 55 64 80 93 26 91 44 40 72 45 93 79 48 43 56 25 74 96 21 42 7 8 34 48 100 52 18 16 95 70 97 44 76 50 30 13 82 24 57 32 7 54 33 10 75 45 1 72 35 88 51 41 86 66 93 57 68 86 98 25 77 49 65
95 69 71 78 72 65 32 41 39 82 92 51 40 14 97 54 17 25 60 42 93 29 45 89 93 23 37 66 92 72 54 33 50 93 40 74 84 84 72 49 12 57 69 78 22 55 91 57 21 32 70 48 61 73 22 10 20 72 81 89 90 61 100 88 60 56 67 62 8 57 52 43 76 8 11 23 19 30 38 70
77 9 63 41 10 7 100 57 85 96 53 96 49 80 72 21 74 24 67 19 13 71 17 69 90 14 3 12 66 26 74 34 67 24 36 87 74 48 64 64 82 44 13 4 59 41 15 69 10 20 46 46 84 28 48 76 67 9 15 74 96 89 54 21 46 82 3 24 98 54 98 43 62 95 67 64 39 24 21 78
33 40 81 64 75 48 89 88 50 77 57 54 31 5 6 54 5 35 28 47 86 22 78 25 76 58 99 57 86 69 77 67 63 84 77 1 7 37 87 99 21 68 29 77 19 96 22 31 79 22 25 72 80 76 33 71 33 74 89 43 68 54 97 75 43 88 2 26 86 76 27 32 83 23 65 63 76 36 76 63
34 12 96 32 1 6 1 20 63 85 13 78 84 58 18 84 81 79 70 13 33 22 6 29 23 27 37 38 38 66 53 64 39 50 100 8 94 24 41 41 76 50 17 65 7 96 80 5 7 74 47 38 95 49 99 58 22 36 1 6 95 85 25 31 61 27 21 26 63 78 10 3 76 84 93 97 85 96 49 42
77 43 79 27 3 49 76 7 39 38 47 62 79 85 36 27 73 47 1 68 21 17 64 11 45 35 29 67 66 50 49 49 50 6 69 38 35 87 61 62 35 84 38 32 72 7 44 78 72 30 77 98 78 34 80 81 23 94 66 61 10 31 73 38 68 37 99 29 23 81 68 80 60 48 34 15 28 94 48 42
86 70 14 92 17 83 29 24 74 59 11 26 17 68 61 35 42 82 17 52 43 13 54 4 6 10 51 72 15 81 63 31 63 11 50 69 10 91 34 3 65 34 26 26 100 62 43 96 88 25 95 72 96 71 3 88 11 7 5 99 5 12 25 98 79 52 36 22 47 59 38 91 45 58 58 53 62 12 6 47
9 55 30 64 27 39 32 49 40 48 45 11 25 86 88 95 31 94 90 81 46 36 1 41 72 43 48 21 89 41 12 18 9 54 21 56 61 100 72 62 17 32 9 86 79 51 99 8 4 66 48 24 100 67 84 22 8 50 90 27 22 15 1 20 27 20 67 66 9 7 27 84 12 52 67 42 26 52 28 65
19 47 80 77 64 49 36 51 20 63 3 78 9 13 69 2 14 38 25 67 41 52 69 61 83 19 44 32 12 54 52 98 9 55 82 6 84 20 40 90 81 84 84 12 89 92 82 3 37 70 77 42 67 60 94 17 14 77 85 40 7 46 67 64 92 43 4 70 70 48 20 79 14 2 63 46 78 61 82 36
24 58 81 99 22 42 83 95 22 69 72 71 100 24 45 37 46 52 64 5 15 22 57 97 69 79 63 58 53 83 59 54 38 17 69 43 35 26 90 20 30 57 97 40 27 79 31 60 14 49 78 82 61 78 69 71 81 60 51 64 9 27 95 75 8 81 39 30 36 55 68 24 10 22 10 97 10 60 98 78
32 48 27 31 29 60 3 90 8 16 95 50 65 62 46 63 25 57 4 70 81 56 99 5 83 68 7 6 62 88 71 12 93 53 50 42 36 98 99 12 7 85 70 9 17 22 74 4 27 25 17 92 60 94 79 46 57 39 28 78 23 84 58 73 87 69 25 99 81 51 95 25 30 4 71 76 41 86 24 92
26 31 86 45 4 18 3 98 73 74 17 98 98 46 83 96 6 86 42 95 84 20 78 52 3 15 86 22 46 2 93 60 41 16 12 2 1 77 33 79 11 26 43 100 76 82 13 38 19 88 26 31 36 86 9 26 75 45 17 27 82 37 21 87 92 45 7 76 78 90 51 29 17 46 81 94 29 100 91 17
4 4 98 51 11 35 56 57 72 18 21 70 68 55 37 60 79 25 72 98 56 53 29 87 77 38 57 65 37 8 62 3 31 18 88 75 36 61 24 87 21 70 95 29 77 3 13 70 94 31 5 16 98 21 32 93 96 58 43 2 62 73 80 21 36 58 1 43 2 56 78 49 86 23 61 75 31 82 42 56
93 74 38 42 7 41 10 15 5 34 3 71 64 70 47 13 99 50 40 52 59 23 4 81 57 86 59 83 38 69 8 37 27 70 11 46 74 57 33 19 8 28 75 3 75 39 72 60 80 59 92 27 53 80 87 38 90 1 83 38 38 4 37 100 86 53 53 5 77 88 35 9 11 51 78 52 37 17 37 86
92 94 44 97 91 91 90 97 57 98 28 21 9 69 11 17 55 64 12 29 21 15 43 75 14 91 22 56 44 80 5 68 30 66 26 3 9 41 13 67 49 49 21 32 16 29 66 77 94 27 52 19 64 70 6 79 87 71 77 23 38 22 14 93 31 32 23 97 57 15 46 91 38 56 90 22 79 81 80 83
15 44 72 99 67 39 45 51 22 9 63 60 49 34 99 46 24 42 51 81 12 48 44 56 60 30 84 93 67 43 9 99 16 25 17 2 63 38 18 93 31 82 96 80 100 82 75 5 64 45 9 36 71 67 89 84 67 32 58 39 5 39 95 63 43 73 88 60 56 7 10 4 2 17 41 75 91 67 65 65
74 79 21 61 57 33 55 48 91 26 36 76 19 60 64 8 72 11 22 83 4 25 9 98 69 23 6 51 47 50 22 65 92 61 44 84 56 44 23 29 27 97 9 63 45 70 97 9 13 53 22 32 66 23 1 14 74 5 34 78 100 28 1 77 88 88 85 8 23 56 46 76 70 9 43 10 42 92 6 72
7 39 56 47 54 1 76 28 91 100 32 97 60 98 23 57 32 49 8 8 47 78 26 60 39 31 82 88 96 86 34 96 30 100 52 32 13 20 82 46 19 51 34 54 65 13 69 57 60 36 89 51 84 30 25 32 6 19 28 58 14 6 76 61 43 88 47 34 83 67 82 17 94 79 36 45 40 41 96 68
