20 80
70 43 1 64 6 13 10 62 29 25 74 15 26 19 28 27 34 46 18 44 68 14 79 0 41 16 36 53 60 76 23 61 40 3 54 21 39 4 32 30 8 50 42 71 17 78 66 7 11 51 48 55 35 22 31 12 45 2 63 73 57 47 38 72 52 49 56 37 20 75 67 58 69 24 77 59 5 33 65 9
36 69 55 44 26 72 43 45 79 13 73 75 50 42 7 74 17 11 32 10 14 39 56 25 24 30 71 49 65 29 60 31 21 6 70 61 8 27 18 38 3 78 37 62 76 1 19 68 35 53 23 59 9 51 15 34 54 64 33 57 2 67 4 63 46 66 40 20 0 28 22 41 12 77 48 16 47 58 5 52
53 0 65 9 55 34 57 56 79 77 2 42 19 73 76 60 35 71 21 49 47 62 78 29 52 61 28 31 11 15 3 7 6 37 30 16 18 41 8 40 67 69 20 46 50 75 23 48 27 12 38 45 10 51 22 1 32 64 66 74 24 4 44 5 72 39 36 54 17 59 70 26 33 63 14 13 68 43 58 25
56 32 21 73 34 14 30 74 60 28 47 76 3 20 62 50 10 65 5 59 66 54 46 79 67 12 75 61 64 63 78 45 24 26 6 35 1 44 23 7 4 33 8 31 57 55 29 37 17 43 39 58 18 38 36 52 27 42 11 70 69 0 13 71 2 72 53 40 49 22 15 25 19 16 68 48 51 41 9 77
64 72 41 16 63 17 19 23 12 32 14 43 73 47 59 60 45 53 38 9 50 30 65 70 78 76 2 48 61 55 25 67 28 34 75 0 4 18 66 10 58 20 11 68 8 22 33 5 49 40 15 29 42 1 46 62 54 71 37 26 21 31 13 39 24 27 69 36 3 74 79 77 7 56 52 35 6 57 44 51
50 74 18 43 77 68 3 34 66 2 13 6 7 49 4 19 44 71 29 60 32 58 30 48 14 1 40 35 10 73 70 45 59 17 0 25 21 76 72 69 61 39 42 11 23 78 62 20 63 52 24 9 57 33 46 41 55 27 51 22 54 36 53 56 75 26 67 47 65 5 38 31 16 64 79 15 12 28 37 8
8 9 3 24 13 72 16 52 26 79 66 59 36 2 64 75 73 0 70 37 68 60 65 46 32 38 12 61 74 33 23 57 31 14 47 21 71 11 78 6 1 43 48 76 58 44 50 27 40 30 54 34 77 42 4 35 10 69 7 15 55 25 41 29 39 5 28 22 49 62 51 67 56 19 17 63 18 53 20 45
73 69 55 77 58 16 48 30 64 41 8 7 66 43 20 78 6 33 59 28 79 40 68 65 60 24 61 45 15 25 72 63 17 42 57 27 18 2 1 29 11 51 4 19 14 26 49 76 36 54 50 10 22 52 71 75 39 47 67 37 23 12 0 46 53 5 56 31 44 13 35 9 62 74 34 32 3 21 70 38
8 71 10 1 9 76 57 18 44 20 53 78 66 33 29 41 45 12 36 0 67 63 79 49 39 61 52 23 21 17 59 47 32 5 13 15 42 19 28 46 24 64 56 74 7 77 51 43 27 40 70 50 75 68 31 25 62 26 60 65 54 6 69 4 30 38 72 55 34 22 73 37 35 48 2 3 14 58 11 16
76 66 22 23 38 74 35 13 50 57 5 56 55 79 21 59 73 18 33 26 31 72 60 11 41 77 14 51 34 44 10 63 46 8 39 40 75 2 47 70 32 58 28 64 20 6 65 3 19 37 9 17 1 69 36 71 67 62 7 25 4 54 52 16 24 29 27 49 48 61 42 45 53 30 15 68 43 12 78 0
11 76 31 26 65 79 74 63 21 57 39 52 13 60 2 62 51 43 37 56 27 19 42 12 48 36 47 8 0 44 61 24 67 68 40 46 49 71 58 75 32 73 30 69 25 70 6 33 55 54 29 16 10 20 4 66 77 18 3 15 28 38 72 34 59 17 1 14 53 5 35 41 9 7 64 78 23 50 22 45
9 18 16 54 0 48 59 68 25 79 24 69 29 38 2 45 7 17 4 11 76 72 31 60 20 6 13 33 57 35 12 1 62 21 19 43 10 66 73 23 22 8 78 5 39 47 65 36 30 15 70 41 53 44 61 46 52 74 55 32 64 49 77 51 40 14 27 56 58 37 50 26 34 28 67 75 42 71 63 3
32 27 68 72 64 77 62 8 55 50 19 59 14 75 57 18 44 33 31 29 51 16 35 60 30 36 38 5 10 45 28 73 24 17 26 49 74 40 9 43 76 69 47 4 46 12 41 13 79 61 42 7 66 65 2 6 1 63 71 23 70 0 39 21 20 48 34 53 78 15 22 37 54 11 3 67 58 25 56 52
8 60 35 23 64 51 27 47 1 62 65 16 31 34 17 12 4 66 71 26 54 41 11 39 78 28 43 6 53 18 52 50 14 45 70 37 76 49 19 58 46 2 57 36 67 44 40 10 63 48 77 15 25 33 13 75 38 74 20 29 56 68 59 5 42 0 22 21 73 30 55 24 72 7 9 79 32 61 69 3
18 38 6 75 9 20 15 31 76 36 40 16 71 25 10 70 62 73 1 44 2 23 12 4 30 11 67 55 58 39 21 19 43 79 57 46 32 68 7 53 59 27 14 5 56 77 52 34 42 60 24 22 0 61 63 41 66 8 13 47 45 33 37 64 65 69 48 74 35 28 78 51 17 72 29 3 54 26 50 49
14 5 66 16 43 18 36 77 44 35 9 49 78 26 76 53 79 12 50 51 71 57 54 69 32 72 41 47 55 40 25 68 56 60 73 38 24 61 13 15 23 0 10 22 67 46 74 11 4 37 1 75 29 27 17 62 7 65 19 6 30 28 70 8 20 45 34 58 33 63 52 48 3 21 42 64 59 39 31 2
63 75 27 51 62 38 24 35 79 71 6 44 28 53 48 50 43 37 0 60 34 52 74 23 22 65 1 73 64 7 40 20 33 59 66 16 39 46 55 19 14 21 31 9 12 26 56 29 78 13 25 72 2 10 61 68 32 18 8 11 54 45 69 4 36 17 57 67 15 42 70 47 30 76 49 58 41 3 77 5
64 14 40 38 62 23 54 26 32 52 21 66 12 25 72 56 33 42 20 44 76 48 4 15 34 74 55 45 0 6 9 22 35 70 24 59 71 39 50 19 30 17 57 77 73 49 43 36 41 10 68 53 7 31 3 47 29 69 63 60 75 65 11 51 28 78 1 61 18 8 13 16 58 2 37 67 5 46 27 79
2 55 71 3 28 48 73 56 65 52 36 69 44 34 53 49 31 15 29 61 38 14 42 54 74 20 18 76 12 16 70 47 33 60 39 25 23 50 21 13 9 27 64 62 7 58 19 63 26 30 72 11 51 46 40 0 1 79 77 4 10 32 37 57 67 66 22 6 78 75 59 5 35 41 68 43 45 8 17 24
69 75 36 30 68 29 23 53 63 56 77 27 0 2 59 48 79 38 55 10 6 62 51 16 70 73 74 25 24 71 65 18 28 49 39 22 13 33 19 54 52 40 11 15 42 34 32 41 8 67 17 20 60 76 45 46 12 57 9 47 37 5 7 58 3 21 44 26 72 1 61 66 4 35 14 31 64 78 50 43
45 62 1 24 28 61 64 82 63 79 98 85 95 22 23 26 73 49 47 40 82 89 67 5 36 76 43 75 92 44 8 76 40 5 4 15 27 80 97 38 49 40 15 40 14 31 18 79 46 40 17 87 3 70 82 46 79 53 79 33 33 16 71 20 58 34 49 83 84 52 48 18 81 97 59 93 94 53 75 46
49 72 56 76 83 15 52 4 97 87 51 3 3 7 91 54 58 39 65 26 100 74 83 84 12 42 85 48 47 16 48 28 52 3 69 15 17 43 32 48 39 50 43 96 42 85 48 64 68 51 36 14 35 47 17 65 43 33 17 83 18 92 21 57 63 57 20 4 72 42 31 46 30 46 10 41 82 58 7 95
71 83 63 92 78 52 44 56 47 64 87 21 21 37 78 18 25 64 87 13 29 43 26 52 95 66 13 72 49 83 30 41 37 46 12 27 16 99 79 89 78 22 52 53 43 10 93 17 7 88 88 41 33 69 97 4 23 46 99 64 39 22 61 68 3 63 60 90 6 88 52 73 41 69 6 44 67 85 11 72
5 79 84 60 6 90 29 20 35 30 28 69 37 38 74 32 1 65 14 25 58 85 87 22 81 29 33 57 87 94 10 4 46 90 46 97 63 93 86 86 19 30 93 71 43 26 34 82 2 8 89 98 60 51 38 28 59 28 24 100 48 32 86 11 87 37 43 42 19 65 27 85 80 97 94 80 44 96 95 54
73 61 58 93 2 98 72 43 74 95 32 57 53 16 59 99 23 27 91 35 30 52 51 7 9 76 10 19 98 11 87 38 2 12 88 35 71 69 51 29 96 15 4 74 100 82 11 42 32 45 81 22 93 76 1 27 26 97 76 6 64 90 16 83 59 65 24 57 32 74 91 13 61 52 73 44 3 98 9 97
95 50 1 65 46 15 85 99 75 67 42 9 21 52 47 81 48 88 61 51 15 5 90 12 28 64 99 3 19 59 24 1 39 77 68 31 15 48 5 3 36 70 54 53 42 92 70 1 77 35 96 10 38 66 70 79 9 50 32 25 84 53 91 86 95 66 66 52 6 57 80 95 28 34 4 59 98 57 17 65
20 39 68 76 7 48 8 88 47 87 8 5 82 97 23 6 79 85 6 75 53 31 24 60 17 98 52 55 36 37 21 79 23 51 94 36 36 99 100 35 79 56 43 81 9 36 77 93 91 62 47 74 72 68 39 13 99 3 6 77 99 59 61 7 81 74 88 85 39 40 21 23 100 81 44 3 12 90 38 100
77 29 8 45 98 29 86 100 48 20 51 75 10 68 78 29 41 39 44 75 75 74 11 47 6 99 78 14 63 25 9 43 73 26 17 98 19 21 58 98 26 54 8 5 52 23 4 47 60 88 24 59 56 68 58 14 16 53 52 56 84 36 45 76 88 91 94 58 90 49 86 12 45 3 27 76 22 64 48 12
71 23 43 54 90 76 94 74 36 40 57 97 96 32 77 95 96 2 46 69 5 88 8 77 24 68 31 30 71 73 97 18 43 86 27 62 29 29 13 61 89 77 99 95 6 98 31 83 31 52 80 58 80 74 16 98 72 97 13 88 13 7 88 56 6 87 1 87 84 78 1 59 25 89 48 44 92 87 35 79
60 49 44 83 5 5 67 47 6 73 28 54 49 62 3 5 6 38 88 60 9 12 19 90 35 32 85 85 74 86 98 24 38 73 6 62 40 29 49 42 97 8 10 43 42 70 8 70 32 19 41 29 40 39 54 85 54 26 76 71 64 89 41 51 91 60 72 84 85 61 69 30 13 47 22 64 96 86 88 67
57 93 61 5 91 51 44 23 11 90 98 52 65 97 91 57 58 30 8 44 74 44 27 28 47 53 11 4 42 17 1 3 54 82 17 82 42 68 96 80 92 86 5 89 30 26 39 21 94 50 25 10 83 92 6 23 92 65 91 96 67 24 20 30 90 91 78 13 97 3 26 12 24 34 55 36 64 3 66 84
36 12 4 70 32 17 9 65 12 43 17 99 43 93 89 92 63 67 52 69 15 67 74 1 67 21 28 33 35 86 55 67 100 86 27 81 58 67 84 47 90 59 56 10 25 39 4 52 45 100 37 48 99 94 56 35 99 62 23 60 64 92 99 36 7 100 18 53 86 69 77 72 12 88 64 8 100 51 54 4
88 37 24 55 66 22 60 55 9 31 17 36 32 22 84 82 29 48 12 85 99 9 43 38 89 90 13 28 79 4 20 16 87 54 25 95 56 91 35 97 47 86 72 67 65 43 36 73 83 95 59 51 50 50 45 93 55 47 84 59 25 24 39 57 2 94 90 96 78 79 82 29 19 68 38 90 79 21 97 2
33 15 74 16 71 57 11 36 39 89 37 73 3 9 76 36 82 78 44 40 68 84 28 78 1 81 59 1 70 13 96 19 38 90 32 54 15 47 5 95 75 42 37 98 27 10 10 100 14 3 67 91 45 31 23 57 68 9 5 27 80 74 67 43 15 87 70 31 35 19 82 8 14 95 63 61 69 72 37 23
43 51 27 36 21 27 54 26 65 88 71 23 31 29 92 68 51 78 75 9 85 34 97 99 67 82 75 37 35 72 77 76 2 8 16 62 27 85 74 52 21 73 71 35 47 54 58 14 11 21 14 99 44 63 60 91 45 77 21 25 93 55 21 13 93 79 44 68 27 4 38 99 76 84 28 97 37 93 88 47
58 3 51 38 99 26 17 11 24 16 19 21 100 75 22 16 81 14 17 4 91 91 9 31 38 58 31 52 18 7 63 77 39 50 63 60 98 38 26 49 8 3 94 29 39 20 54 77 44 67 74 10 13 49 58 17 3 68 44 49 20 72 27 38 74 82 84 72 46 72 51 14 47 68 8 63 87 96 29 99
50 47 50 67 80 31 99 93 65 36 55 29 45 4 87 82 83 4 49 25 85 95 1 29 69 80 47 58 71 70 63 38 64 50 24 80 36 46 1 55 70 34 48 39 47 61 84 56 62 32 10 93 97 32 61 62 67 37 5 25 31 92 87 14 70 9 79 45 56 16 18 17 34 9 54 42 20 19 74 16
40 59 28 42 16 64 1 18 32 33 87 8 36 14 11 17 75 16 61 30 39 20 82 36 63 4 88 9 40 24 45 61 28 54 90 13 13 93 27 57 83 77 6 52 16 50 2 85 74 83 30 9 32 87 80 37 29 56 85 15 33 67 82 19 12 35 29 16 67 14 94 3 94 94 48 47 64 91 41 36
88 61 95 53 86 96 14 64 58 80 54 44 78 54 57 66 99 22 96 1 88 60 96 13 7 69 38 23 27 66 67 87 76 39 31 19 5 82 22 73 72 55 40 89 36 59 61 41 32 47 7 85 60 48 93 47 62 81 69 13 29 47 59 15 82 24 77 52 33 56 47 54 95 18 41 96 89 66 10 63
13 57 42 64 83 27 41 88 46 78 82 30 75 85 57 82 19 30 30 84 92 80 96 28 66 95 60 41 94 39 60 58 26 57 40 2 27 4 64 86 45 29 7 84 98 92 94 83 65 64 56 42 74 15 84 19 10 77 52 12 76 62 73 82 6 63 59 78 86 94 12 83 85 91 29 91 72 70 53 71
