20 80
47 73 30 10 46 70 14 16 77 50 1 15 67 60 71 76 41 74 45 4 48 37 59 68 66 27 72 19 63 6 5 78 8 33 7 34 49 62 18 53 22 56 40 26 32 79 55 61 36 52 44 43 39 21 17 35 57 64 65 9 25 12 0 28 11 3 29 51 31 38 69 58 54 13 20 2 42 23 24 75
31 13 68 74 23 33 73 72 61 46 24 45 79 51 40 39 35 47 17 16 38 70 63 48 15 69 30 42 3 75 34 27 36 14 11 41 50 76 7 1 65 21 5 55 77 49 19 25 0 54 52 62 44 60 59 20 18 66 58 32 56 4 53 2 67 29 6 57 28 78 26 71 10 43 9 64 37 12 8 22
66 69 15 12 18 36 44 1 58 71 51 31 3 47 35 79 7 67 28 23 75 20 29 53 60 10 45 41 9 70 2 42 26 17 32 30 56 34 19 0 57 48 33 65 27 22 63 24 13 38 62 68 54 6 77 14 11 78 21 73 49 25 74 52 37 4 8 50 46 55 59 16 64 39 43 61 40 76 5 72
24 0 25 38 60 29 62 6 1 41 46 10 69 79 77 15 23 47 61 53 35 48 65 14 37 78 42 73 22 8 32 26 21 68 55 20 4 19 52 66 34 36 17 7 75 30 59 40 58 11 9 39 51 2 71 49 28 33 27 70 72 45 74 5 18 44 12 64 63 16 50 31 43 76 67 54 57 13 56 3
76 7 69 9 39 36 57 60 22 71 74 37 68 29 56 33 49 53 21 28 15 30 4 19 35 23 70 26 51 72 41 1 79 61 46 0 78 54 18 17 20 50 66 67 24 63 14 13 47 59 5 77 48 16 44 12 65 31 52 42 27 64 10 55 45 58 34 62 8 3 6 43 75 32 73 38 11 2 25 40
22 44 37 69 64 7 38 65 40 79 74 17 18 47 73 32 57 56 4 14 34 43 58 78 12 5 67 36 25 31 77 16 50 68 11 33 51 76 55 28 71 66 41 60 45 9 70 59 13 54 29 72 19 15 6 23 27 63 8 35 3 52 1 10 42 0 48 46 61 26 2 21 49 62 75 20 53 30 39 24
25 59 31 27 79 3 62 60 0 56 18 10 6 35 76 73 48 37 21 63 72 36 55 53 7 13 40 19 77 32 20 14 17 49 51 26 30 47 16 64 66 9 69 74 11 44 28 70 41 61 54 33 34 45 39 68 50 52 22 75 57 71 46 29 4 23 42 67 65 58 24 78 5 15 8 2 12 1 43 38
58 64 43 44 42 48 14 52 2 1 6 56 29 39 76 53 12 20 23 3 67 24 68 46 63 40 61 75 41 77 15 34 69 31 59 50 55 74 27 47 10 22 79 17 25 0 5 36 16 11 35 72 21 37 8 19 7 45 9 78 33 66 57 30 60 32 62 54 13 28 49 4 70 18 65 73 26 71 51 38
3 34 0 61 17 6 48 30 50 53 52 41 42 10 26 21 49 25 47 22 15 11 39 23 43 71 79 37 46 35 69 40 27 67 33 7 66 54 62 57 78 75 63 76 5 19 44 38 16 60 68 56 32 14 2 18 45 13 59 73 4 20 9 65 8 29 1 12 31 77 72 24 58 70 28 51 36 55 64 74
28 37 50 18 33 21 51 11 67 48 76 78 73 27 7 58 23 1 77 63 44 5 3 39 46 71 68 4 42 25 10 38 22 15 65 19 72 2 20 59 6 34 35 41 79 69 12 0 70 43 56 26 55 62 61 32 30 64 29 66 40 17 13 24 47 74 9 49 52 75 54 14 8 45 53 60 16 36 31 57
58 32 24 36 69 56 33 29 44 16 19 14 46 73 71 52 75 63 37 35 0 64 54 60 9 42 2 5 51 66 41 40 8 39 49 26 12 7 1 50 4 67 3 55 10 17 77 21 65 22 72 62 57 13 59 27 25 34 38 15 53 76 18 30 68 31 48 74 70 61 6 79 20 47 11 78 28 45 43 23
39 64 16 34 13 28 8 14 52 10 68 62 18 30 50 38 7 32 47 40 29 37 75 33 24 42 4 19 58 60 76 31 65 12 27 0 17 69 1 35 21 36 25 67 43 79 44 22 74 23 66 48 63 56 61 54 72 6 5 77 45 2 49 78 55 70 46 26 51 20 3 15 71 41 53 11 57 59 73 9
6 13 71 41 64 27 61 35 33 53 51 55 45 29 4 70 50 43 60 10 48 56 74 30 20 76 47 18 59 11 69 77 54 38 73 1 7 26 66 31 2 17 63 78 15 49 28 39 36 19 62 65 68 14 34 57 52 42 5 44 46 58 32 72 75 24 79 23 16 9 37 22 8 67 21 25 40 3 12 0
18 64 61 74 77 21 73 68 76 70 75 43 66 5 12 34 26 19 57 29 24 55 39 60 42 58 63 79 37 3 35 11 8 78 67 17 48 0 31 33 41 14 65 4 1 46 44 51 53 13 40 25 28 30 32 50 72 59 54 52 49 9 15 23 38 20 7 27 56 16 45 69 10 6 36 71 22 62 2 47
19 17 23 21 68 16 57 45 51 24 71 29 50 25 36 78 44 42 39 35 14 73 47 27 26 69 3 61 10 9 33 79 43 49 7 18 6 15 12 32 34 77 40 58 66 76 48 1 55 62 41 20 63 2 56 59 72 64 38 11 8 28 75 13 30 65 4 53 67 37 70 46 31 60 5 0 52 74 54 22
12 71 73 1 0 26 32 70 59 64 35 67 77 28 22 31 72 38 17 29 14 75 44 50 42 9 3 33 65 56 34 66 30 37 5 47 39 43 52 19 62 18 7 51 48 2 58 6 69 16 79 36 25 21 49 54 13 57 60 27 76 8 24 15 74 53 4 55 63 45 23 46 40 11 68 61 41 20 78 10
46 30 65 27 20 7 24 35 13 44 70 51 57 56 61 55 78 18 73 41 1 19 34 36 59 62 4 68 49 66 69 50 52 25 76 77 8 42 17 37 15 5 28 0 53 72 67 38 33 60 39 16 31 43 6 45 21 64 14 2 29 10 74 71 32 47 11 75 54 23 12 58 79 48 9 26 40 3 22 63
10 61 58 18 76 43 45 3 2 37 20 1 32 17 9 38 21 34 64 40 15 24 13 6 77 31 69 12 75 67 11 63 79 46 23 36 53 39 65 7 0 25 68 62 74 27 29 26 4 70 22 44 5 60 14 30 55 72 51 35 47 48 42 28 78 16 56 33 54 59 57 19 71 41 73 50 49 8 66 52
41 53 33 70 29 73 13 7 23 36 3 17 76 18 34 71 42 20 39 30 63 56 50 16 72 69 2 0 38 9 11 44 45 62 15 57 31 75 35 49 52 12 79 64 74 43 37 77 59 66 51 26 21 46 48 61 28 22 67 55 4 78 5 60 24 40 47 65 68 27 58 6 25 14 1 54 19 10 8 32
40 47 38 11 8 43 56 74 48 69 7 66 0 4 12 53 6 20 18 23 49 64 71 72 51 19 57 41 63 27 79 52 31 60 45 1 70 50 25 44 58 76 2 22 33 28 73 54 14 26 29 59 5 62 34 24 68 67 16 9 35 15 13 55 42 77 61 10 17 37 3 36 46 21 32 75 78 30 65 39
45 33 59 19 21 19 47 99 19 81 84 33 90 64 59 65 31 43 91 100 25 14 88 100 98 96 32 80 81 16 40 23 94 20 81 66 80 54 71 60 88 9 39 82 33 55 38 34 45 64 5 85 22 64 80 88 48 83 24 52 59 96 87 90 89 18 53 48 12 86 82 31 34 34 57 52 41 8 37 47
24 3 7 31 12 16 81 92 31 25 68 46 44 28 42 81 79 69 40 25 27 79 55 19 77 43 57 99 99 53 100 41 11 89 95 50 72 20 30 24 43 54 7 16 39 31 95 38 83 40 18 93 22 84 27 87 73 97 76 48 21 15 93 65 26 32 3 61 58 53 42 88 13 54 93 56 23 26 99 13
59 78 28 66 60 90 58 9 38 21 13 64 55 79 75 75 74 38 62 68 90 24 46 48 34 47 21 82 12 19 74 95 25 85 28 82 84 14 89 68 30 84 54 77 62 63 69 72 69 92 42 26 36 37 37 49 42 55 54 87 80 44 3 53 48 58 42 70 80 57 96 34 15 12 86 85 70 18 81 47
38 89 57 73 45 86 8 55 91 21 70 7 95 47 64 23 55 33 30 83 77 12 58 90 44 72 95 5 23 97 51 55 47 61 84 36 12 87 51 93 8 57 23 31 96 17 4 70 69 82 79 59 47 37 85 54 7 32 42 15 66 36 39 52 13 98 82 70 87 98 74 86 38 70 54 62 12 2 58 63
50 92 39 98 63 16 4 24 4 96 18 54 26 21 77 68 90 8 26 78 59 27 96 52 69 7 84 30 25 94 25 14 84 4 45 60 22 25 25 51 94 93 83 90 2 25 25 78 33 60 31 66 52 48 33 67 81 85 10 85 4 32 31 88 31 15 84 88 18 89 91 76 8 57 69 5 94 100 40 30
1 93 46 3 9 42 88 28 83 40 80 67 92 92 8 88 67 51 22 99 44 91 88 98 31 33 94 83 47 53 5 70 60 91 34 42 85 32 20 42 56 41 90 79 97 2 73 11 20 76 51 80 42 91 97 62 44 46 57 33 51 17 41 96 30 87 84 73 76 33 38 18 54 52 14 88 73 9 38 24
8 90 92 4 14 91 65 19 70 32 67 10 23 88 39 85 24 35 69 12 15 16 46 78 74 97 57 8 83 6 94 16 50 38 62 96 87 57 74 19 96 97 28 87 28 8 2 76 71 62 34 76 34 34 100 71 86 11 61 83 18 47 13 14 99 40 84 50 10 42 58 66 4 32 37 88 40 50 72 1
67 5 9 93 8 34 17 12 48 65 11 31 95 94 50 88 28 4 29 22 27 83 80 22 4 48 90 12 83 23 99 3 60 10 24 48 74 19 91 75 64 21 27 29 24 49 39 16 55 84 97 49 42 62 76 96 74 40 43 89 25 70 90 71 73 24 4 96 87 86 61 83 94 2 17 25 83 1 87 73
12 91 87 72 49 37 34 56 68 8 87 78 67 64 14 19 21 47 97 4 59 34 94 74 94 47 29 23 20 46 21 35 63 47 24 61 69 89 70 32 59 72 99 25 5 73 53 41 22 34 52 72 87 91 78 80 48 48 13 97 12 65 38 2 24 69 17 52 56 7 86 57 68 93 31 88 36 27 34 33
88 42 60 37 71 55 91 17 29 12 1 39 81 97 59 86 4 53 30 64 57 1 24 61 56 44 16 50 51 8 19 26 11 91 51 69 92 16 61 7 14 10 77 30 72 81 50 72 61 15 54 87 99 8 50 63 73 81 78 67 32 44 78 68 98 67 79 20 51 32 97 85 55 55 3 46 73 90 69 6
74 51 27 36 43 59 39 72 1 89 28 27 4 25 99 5 98 30 35 78 84 73 13 15 66 2 19 6 51 23 71 44 38 56 57 54 47 13 25 50 71 68 97 49 26 68 31 71 45 23 98 76 8 88 37 75 90 46 67 62 29 92 46 14 11 56 52 66 22 94 20 65 2 36 31 11 2 47 11 74
68 47 22 9 93 7 7 83 49 26 15 51 100 9 58 99 8 20 47 45 87 28 1 35 54 58 23 9 12 72 50 61 1 11 3 61 91 88 44 59 81 85 17 9 43 8 52 6 20 85 22 92 69 40 13 51 68 4 70 20 99 5 58 99 100 63 58 57 85 84 94 34 66 46 2 68 99 69 75 30
69 81 37 75 17 58 8 61 34 87 88 66 16 63 25 65 36 93 50 11 6 37 39 65 60 91 70 42 25 61 56 8 19 94 98 77 50 96 41 100 36 85 74 20 5 27 89 96 53 38 41 52 100 24 54 32 62 92 37 62 67 23 100 51 45 59 69 41 6 71 96 48 91 87 27 56 96 50 20 93
38 74 40 59 33 67 62 6 77 7 75 39 1 17 99 45 69 32 41 23 25 92 55 43 76 84 85 79 100 99 11 6 51 25 95 91 91 76 91 46 88 45 72 59 30 90 44 49 64 32 18 99 86 1 76 11 73 80 82 96 9 79 85 38 64 34 66 91 69 46 13 84 27 78 72 97 87 15 53 52
26 30 57 59 10 60 99 44 45 87 86 40 83 4 25 83 30 23 24 34 55 89 69 85 7 47 90 26 2 35 62 34 60 22 10 32 53 9 10 2 2 94 12 2 54 51 7 89 96 91 49 19 53 42 64 45 100 15 17 2 60 78 58 46 17 42 92 24 15 59 51 19 27 50 21 84 15 25 36 97
94 58 26 15 94 99 28 100 21 60 1 9 76 19 19 99 55 31 24 78 54 36 60 80 27 67 8 72 19 6 75 15 97 67 83 3 46 79 81 3 69 70 49 50 84 64 78 41 37 32 39 86 60 88 46 15 36 32 43 31 4 93 38 90 84 46 31 35 37 48 33 12 64 98 77 25 22 88 26 46
67 23 54 29 85 37 68 9 83 58 13 25 74 76 91 86 22 62 31 3 6 65 35 26 68 71 69 72 78 33 74 67 50 22 63 84 25 46 12 13 55 69 95 36 10 87 61 43 46 4 44 48 18 20 69 86 74 19 14 88 87 11 45 67 8 88 95 42 1 24 27 53 24 34 38 27 78 13 47 2
41 33 46 56 89 63 66 86 100 74 73 91 55 15 56 73 31 9 38 80 86 37 29 12 68 55 32 12 94 61 23 100 69 10 8 38 30 42 4 57 33 33 46 38 43 89 90 47 66 54 84 74 54 57 21 84 44 11 82 94 56 2 25 54 92 94 84 27 67 64 92 68 22 83 27 70 97 25 49 47
66 25 19 12 39 17 78 83 29 87 90 76 97 60 39 33 67 28 7 69 65 61 70 2 62 5 90 20 57 12 72 71 37 41 6 91 91 64 63 89 33 99 58 56 74 19 12 17 62 10 20 40 49 91 51 75 63 6 96 66 73 83 33 95 28 44 27 72 19 11 67 85 27 59 95 93 88 50 10 72
37 93 67 60 67 26 71 19 5 52 86 78 90 18 5 47 57 95 82 85 32 25 60 47 90 23 55 79 90 39 48 50 89 1 99 94 43 92 69 74 40 52 34 91 77 59 88 69 58 58 52 39 19 24 94 51 29 80 9 52 58 95 9 45 31 61 91 90 85 58 27 68 81 59 61 8 9 55 34 48
