20 80
41 27 20 79 11 72 77 71 47 42 39 65 18 55 40 7 75 51 31 12 61 25 14 33 23 68 49 48 13 36 16 56 22 59 32 37 78 3 10 9 19 70 34 44 4 52 50 67 43 38 0 53 15 26 30 17 74 66 5 73 64 57 24 63 35 60 58 28 76 1 62 45 8 46 2 29 54 21 69 6
44 31 16 45 78 41 6 36 18 22 19 72 7 21 51 39 9 1 34 60 54 37 32 67 75 5 50 68 79 69 49 53 13 28 55 25 12 58 3 4 61 10 47 11 23 66 24 63 20 46 59 30 8 15 29 52 64 14 38 27 35 48 17 71 33 56 70 43 42 62 76 74 40 26 57 73 65 2 0 77
3 76 47 69 9 72 18 67 65 32 12 0 24 11 29 30 2 10 21 43 34 27 52 71 38 16 22 42 6 59 39 5 49 74 15 75 60 33 53 13 77 37 64 17 19 36 70 1 57 14 31 41 20 56 25 46 73 55 79 54 44 78 68 35 66 28 61 23 51 50 40 7 8 4 48 45 58 62 26 63
63 41 28 65 39 22 49 53 56 64 43 74 79 50 44 11 5 31 20 29 25 1 54 78 73 19 7 66 72 16 13 67 34 69 70 15 21 62 24 3 46 17 36 75 4 2 71 68 48 26 38 60 23 61 0 42 12 55 47 14 77 59 58 76 51 33 18 37 27 45 40 6 9 32 30 8 10 35 57 52
26 1 11 37 54 14 78 48 28 60 33 66 38 10 43 58 74 49 13 23 6 2 61 40 35 19 64 72 51 67 12 27 34 32 42 31 65 5 22 9 52 17 44 73 46 3 4 63 16 71 68 0 53 21 39 50 70 36 15 8 76 7 41 59 55 56 69 57 75 25 45 24 77 30 47 79 20 29 18 62
30 76 70 47 8 2 32 78 5 69 29 41 55 43 66 56 17 57 63 14 48 25 3 22 21 31 1 16 11 74 19 49 26 9 38 28 64 50 15 68 39 33 77 51 7 20 67 44 54 73 71 13 46 62 23 36 35 52 72 4 12 27 42 61 59 0 53 24 37 75 6 10 60 40 65 18 58 45 34 79
32 24 23 58 66 47 74 61 21 52 78 13 14 2 12 0 62 53 20 49 35 3 50 33 71 4 75 42 44 36 41 55 34 17 68 15 9 8 1 28 59 11 26 63 29 6 45 27 39 16 18 70 65 72 5 25 64 19 37 77 56 60 46 69 10 73 38 40 48 54 31 30 76 79 22 7 43 51 67 57
58 21 53 0 72 36 67 52 29 10 38 56 12 39 27 26 4 18 13 22 43 3 5 28 55 63 65 1 54 59 32 75 16 34 60 20 31 17 68 35 78 61 64 51 19 14 8 73 41 7 76 42 33 24 71 15 77 2 25 66 23 57 48 9 37 62 69 74 44 6 49 79 30 47 40 11 46 70 50 45
56 59 5 63 4 31 11 2 52 1 28 66 30 10 25 54 23 41 34 65 21 39 6 35 14 53 27 7 37 9 61 17 78 0 68 47 40 50 48 26 3 16 64 74 38 57 29 67 79 62 42 46 60 22 19 76 73 70 33 32 13 75 24 18 51 12 8 20 58 36 45 49 43 69 77 71 72 55 15 44
1 56 73 11 70 48 66 54 6 44 13 49 4 29 35 65 39 76 5 71 19 69 58 9 8 55 20 16 33 3 41 34 51 63 43 26 38 60 78 72 2 12 18 32 30 68 62 57 67 10 75 14 21 17 53 37 22 77 52 40 27 15 47 31 7 36 42 79 28 45 23 25 59 0 24 74 50 46 64 61
9 26 1 6 5 37 69 15 52 10 70 34 22 3 23 45 24 43 32 41 48 16 61 63 21 51 57 66 77 14 50 55 38 11 49 73 29 30 36 0 4 62 47 67 39 53 40 72 56 65 35 18 8 28 31 64 19 2 12 13 20 79 46 17 54 27 71 75 68 59 25 76 60 74 78 42 44 33 58 7
39 70 69 48 30 10 76 3 49 63 26 8 37 46 71 0 36 31 77 57 60 2 65 68 25 12 16 6 22 59 64 41 32 55 18 62 11 75 1 54 74 72 29 20 15 67 45 44 56 61 27 38 7 47 24 5 28 23 9 21 34 13 79 4 17 66 51 33 73 78 42 53 43 40 19 35 58 52 14 50
15 53 27 76 56 29 19 63 8 43 4 12 2 64 13 74 41 68 21 7 78 73 55 79 65 52 44 35 54 51 38 10 22 24 14 72 50 57 17 37 75 71 0 31 20 47 26 58 5 33 1 25 18 48 3 49 28 67 46 36 32 40 34 66 6 9 62 30 39 11 59 61 16 70 45 77 60 69 42 23
68 48 63 37 31 6 73 42 72 21 78 22 50 58 12 66 10 40 5 57 79 75 24 20 56 25 69 38 33 15 28 65 76 17 39 53 30 11 2 32 71 70 62 4 60 47 77 8 9 29 59 67 16 14 52 1 64 27 3 49 34 36 55 41 0 18 26 51 54 61 43 74 7 23 19 44 46 35 45 13
35 60 6 33 16 58 65 66 19 27 30 15 54 41 14 46 78 37 53 36 74 26 51 76 52 9 59 75 77 49 18 12 47 25 13 61 72 79 8 0 63 23 7 68 43 29 17 38 50 22 32 10 2 64 73 1 34 20 48 70 67 40 44 24 69 11 28 45 57 71 55 21 4 31 42 62 5 39 56 3
26 49 17 52 22 75 5 78 68 4 71 32 33 34 58 50 12 56 14 2 54 3 13 72 62 10 38 24 9 45 44 63 65 6 28 64 15 43 19 35 20 21 53 23 51 37 18 48 1 40 39 79 55 16 42 36 25 7 69 47 46 59 70 67 74 8 66 29 27 11 60 61 41 77 76 0 31 30 73 57
44 38 20 65 28 62 13 73 72 45 68 66 52 63 60 46 19 23 54 75 10 27 21 3 37 33 48 77 57 79 6 4 34 2 14 24 16 29 32 50 30 69 25 59 43 5 0 76 8 70 47 61 41 22 42 56 12 1 64 51 36 53 35 49 55 74 7 40 67 9 31 78 58 26 39 11 18 71 15 17
42 78 11 3 49 67 69 54 9 18 61 27 58 4 6 64 21 75 23 8 26 14 10 38 45 59 68 19 28 32 56 37 57 43 41 50 66 48 79 7 73 65 51 70 46 72 39 40 62 60 5 30 34 35 16 47 2 71 55 63 20 76 53 44 13 1 0 15 36 17 29 25 31 12 74 33 77 52 24 22
50 59 39 51 16 79 20 42 37 61 74 1 66 62 27 67 31 35 45 2 0 17 29 54 21 53 75 32 7 19 68 25 64 33 23 24 9 18 48 63 43 72 22 55 15 49 70 65 46 78 57 12 71 30 56 28 77 47 5 60 36 34 6 14 26 38 69 4 44 13 73 40 11 3 41 10 76 52 8 58
46 16 72 24 2 50 48 65 22 79 31 67 55 12 60 28 44 3 1 7 32 54 78 37 53 74 41 8 27 51 59 42 11 68 62 29 39 5 30 77 26 35 45 43 6 18 33 25 9 64 0 38 52 63 20 56 71 76 17 75 23 61 15 47 14 58 21 4 57 66 19 49 34 73 70 13 69 10 36 40
18 11 96 56 78 65 22 1 44 73 50 37 9 44 93 71 47 64 4 97 100 95 52 66 84 52 43 77 35 44 32 20 61 39 57 51 82 74 2 32 97 63 92 13 54 70 31 1 76 63 44 33 47 43 2 76 32 100 51 12 97 37 25 82 24 12 19 58 55 73 98 43 2 78 94 95 93 15 36 37
61 59 16 11 22 36 93 99 75 96 68 48 64 13 11 36 69 82 2 22 21 31 75 16 44 44 87 19 24 49 68 67 49 41 46 89 54 55 89 75 54 94 28 67 36 65 45 79 6 99 15 86 83 29 60 75 54 58 93 2 4 94 51 90 12 77 58 88 81 86 40 17 27 10 86 12 70 96 89 92
63 50 82 50 91 24 77 75 38 84 88 49 9 81 88 20 39 70 32 66 88 66 96 17 54 48 69 22 43 82 64 62 19 51 37 66 100 37 25 48 45 17 33 25 94 62 87 100 70 54 68 84 92 44 61 92 3 2 86 94 78 91 40 79 72 14 70 49 20 12 6 50 4 61 39 81 100 63 35 75
98 64 58 63 97 7 54 29 48 63 10 44 95 24 80 73 44 61 12 62 43 100 8 40 11 29 1 11 87 58 15 55 59 61 44 9 49 92 61 61 24 86 17 51 48 49 39 53 22 64 93 20 87 97 18 97 68 12 35 5 73 71 14 7 62 59 24 17 1 19 97 15 28 71 2 60 35 84 62 87
37 89 84 2 1 41 96 53 83 48 94 33 14 46 46 40 8 57 96 4 72 56 73 34 88 52 29 55 63 76 64 67 36 21 41 63 56 89 25 77 84 77 18 92 45 95 29 74 49 62 84 14 58 91 78 92 4 60 37 5 70 1 70 91 93 4 81 50 6 56 31 74 76 84 39 36 32 28 41 19
3 8 49 38 21 67 93 81 17 9 50 87 58 57 47 88 9 99 5 2 82 24 65 33 30 27 82 92 21 22 93 9 65 99 68 94 36 62 51 88 68 89 41 2 40 88 17 35 62 88 23 73 54 49 63 33 28 56 94 60 48 84 33 33 28 27 38 26 7 47 47 54 1 10 87 78 51 14 20 95
71 91 59 96 73 39 60 27 26 47 78 88 18 39 3 68 58 70 62 37 52 98 15 94 93 100 19 2 67 77 43 78 73 99 94 16 71 7 19 25 87 57 20 67 31 41 96 4 74 52 29 97 7 48 85 22 30 60 39 35 17 9 85 9 40 25 30 19 81 76 23 88 14 72 29 95 52 37 87 25
5 70 14 49 43 36 35 33 61 83 49 38 81 100 63 94 31 46 54 18 15 19 60 84 38 57 82 20 56 48 29 5 33 91 21 5 2 63 22 24 59 84 35 76 29 52 39 19 66 72 21 50 57 5 97 14 33 69 46 88 49 33 89 50 38 72 89 24 57 66 63 19 55 98 29 76 46 8 13 37
90 92 26 85 25 48 50 97 23 64 13 45 75 66 48 15 37 25 6 77 82 41 77 75 25 13 14 82 35 41 54 40 10 91 28 86 32 27 43 52 89 77 33 79 38 85 46 59 94 55 30 18 94 55 68 27 40 42 17 64 32 45 96 15 77 99 82 41 97 18 6 6 59 49 57 4 38 5 72 23
48 63 28 66 46 3 95 54 5 9 67 97 86 97 40 22 1 93 94 22 87 57 25 44 64 21 72 79 82 31 84 21 3 8 11 67 66 29 88 27 16 26 69 12 26 72 22 2 6 26 33 13 29 32 45 23 95 1 96 81 88 95 20 83 82 90 72 39 31 40 60 49 80 86 92 18 77 54 74 3
57 64 35 15 55 56 43 7 32 33 26 57 9 47 79 34 79 2 23 88 78 60 99 76 25 39 36 12 89 65 25 23 66 39 79 66 15 55 59 43 85 59 37 39 57 90 78 80 19 52 33 95 71 93 76 55 4 91 32 43 12 53 16 48 82 68 13 22 54 94 60 80 50 11 60 72 16 86 82 44
38 22 64 4 56 23 64 58 43 46 39 84 1 40 96 52 89 36 33 8 34 2 54 15 88 66 13 65 61 31 52 73 58 89 26 42 44 4 58 63 54 28 44 71 79 95 60 80 63 11 50 79 50 22 96 85 64 18 30 87 99 39 34 65 29 83 58 53 88 2 20 80 56 34 54 32 84 98 8 62
50 65 53 96 61 10 64 87 15 76 6 55 53 76 59 30 67 48 75 77 13 34 56 3 51 95 56 83 93 80 57 67 28 22 51 66 83 88 47 37 4 75 10 9 43 88 65 45 28 74 15 88 14 20 92 15 35 35 64 91 26 3 85 24 21 17 57 35 94 100 62 4 43 99 9 49 41 29 17 14
27 98 83 9 64 89 28 97 11 21 88 2 98 50 29 73 50 32 80 26 12 6 26 71 53 89 42 79 95 16 16 85 70 32 10 38 59 42 36 48 81 56 84 1 97 19 16 19 58 48 20 83 58 86 81 99 86 90 44 60 62 93 53 56 68 22 82 67 59 86 98 78 98 29 6 78 28 5 96 77
38 4 93 22 28 26 85 40 1 9 58 67 53 53 14 14 41 65 8 75 64 35 2 10 17 92 19 54 37 33 12 57 44 31 63 22 94 1 6 37 35 45 91 28 2 63 77 47 56 95 83 86 36 53 48 12 70 99 2 79 6 19 79 74 79 66 33 19 58 36 11 32 86 13 89 44 45 73 62 14
16 52 46 35 94 32 17 84 61 100 93 46 66 36 56 100 28 97 17 44 98 86 32 81 30 40 43 92 82 92 67 96 89 45 44 23 63 91 72 8 69 68 11 74 59 59 39 81 26 48 7 39 87 90 79 13 42 49 53 17 94 26 39 54 48 33 47 60 20 27 82 58 45 33 75 67 30 65 59 75
57 77 18 35 61 6 31 8 22 93 24 44 39 70 73 21 43 35 14 57 79 42 8 73 74 40 54 98 82 74 89 89 11 80 88 14 63 79 9 24 21 21 31 41 99 12 53 78 17 41 62 87 87 52 56 2 68 84 58 67 15 100 97 26 18 29 94 55 32 13 53 86 38 47 83 16 90 3 5 12
81 50 60 67 22 66 2 88 69 89 30 34 60 82 31 6 86 93 100 55 11 85 17 8 59 76 49 13 99 33 56 67 16 19 74 99 69 19 64 12 11 82 76 21 14 19 99 92 62 46 1 58 91 46 89 3 76 7 79 7 45 53 9 41 60 70 37 61 76 3 22 20 28 14 5 97 84 60 95 31
70 93 49 55 20 73 70 83 75 64 40 50 46 8 7 68 49 68 89 97 45 8 26 5 8 25 55 30 70 50 69 91 82 21 66 2 51 78 56 30 34 5 9 76 43 22 58 75 15 57 98 73 27 22 9 41 73 35 85 11 97 47 3 19 52 31 74 44 20 84 69 10 94 65 38 2 16 32 61 92
49 37 5 62 41 78 77 89 3 46 100 45 34 26 3 58 61 7 6 8 87 97 58 9 74 61 3 99 9 16 67 37 81 10 78 11 4 18 23 70 90 36 30 50 20 76 9 61 43 24 71 77 5 96 96 17 32 17 81 100 96 54 16 44 66 100 70 21 68 20 31 29 97 27 18 13 29 46 17 53
