20 80
48 39 36 6 79 57 15 46 45 7 56 68 54 49 32 13 8 52 25 53 3 43 34 10 35 65 77 42 63 71 31 38 74 26 24 59 9 0 18 16 19 28 22 2 60 11 58 66 61 51 75 20 5 47 12 69 4 70 33 40 67 23 14 30 73 27 62 72 1 78 41 55 29 37 50 21 44 76 64 17
51 75 77 1 76 33 56 49 21 69 70 17 36 32 46 72 37 14 24 28 22 58 38 47 26 8 43 71 50 23 53 52 61 0 15 13 48 57 40 31 25 39 64 78 54 63 2 10 67 16 60 27 62 44 68 12 42 7 66 19 74 6 29 9 34 59 18 35 73 4 5 20 45 55 41 11 30 79 3 65
24 58 14 8 7 30 35 59 74 15 62 52 70 57 32 12 33 39 73 45 68 46 60 72 26 43 6 79 56 69 28 61 38 78 50 27 40 36 3 19 10 16 49 63 25 17 11 48 51 4 2 31 23 64 47 71 55 76 44 67 0 53 9 54 22 21 13 41 20 37 18 42 66 34 75 5 1 65 77 29
23 58 59 20 28 45 56 16 72 63 0 48 18 6 47 29 15 33 55 21 40 60 32 25 3 73 79 35 78 77 44 8 5 69 36 43 2 76 62 54 4 68 7 61 42 13 71 24 1 41 14 49 11 50 70 74 66 46 51 30 37 67 22 75 39 12 34 52 27 57 9 10 17 53 26 65 19 64 31 38
58 36 17 60 72 74 15 29 3 64 41 26 50 46 77 35 20 45 47 71 8 56 61 38 24 75 31 13 49 1 19 65 21 66 69 76 4 27 68 12 43 51 70 79 67 53 42 40 6 14 54 44 63 11 55 18 30 9 48 10 32 16 33 37 59 57 2 78 73 5 39 52 28 0 7 25 23 34 22 62
60 19 40 7 49 48 53 14 29 37 18 59 47 41 22 2 16 12 79 57 73 3 24 45 35 0 23 78 26 43 62 33 46 8 10 67 21 36 56 39 1 5 51 34 70 44 61 42 30 38 69 76 72 68 74 28 6 64 75 27 58 77 52 17 63 32 71 31 20 15 9 13 55 4 66 25 50 54 65 11
15 69 2 32 3 0 66 30 5 57 47 28 49 6 10 40 50 72 79 43 51 65 53 73 11 42 52 45 68 71 12 77 21 33 59 75 44 67 8 41 54 7 38 29 9 56 31 60 61 13 74 26 55 24 76 46 35 64 27 20 34 48 14 1 37 62 19 78 16 58 17 4 23 63 36 22 39 18 25 70
35 53 34 20 36 72 24 2 48 5 75 1 79 25 17 54 77 16 57 43 40 59 61 8 52 3 19 10 41 4 13 55 31 50 18 71 27 29 26 23 49 51 42 45 44 30 64 73 67 21 69 12 56 66 68 7 74 33 9 63 39 58 60 11 15 22 28 38 47 37 76 70 46 32 62 6 0 78 65 14
31 38 6 39 18 37 33 67 65 56 12 2 20 70 32 75 42 23 29 45 11 7 68 3 28 59 62 8 50 16 64 30 40 60 27 54 47 66 63 14 43 78 52 25 13 55 49 17 48 71 41 36 21 4 77 0 79 34 9 24 19 53 61 57 22 5 76 69 51 10 44 73 26 72 74 15 35 46 58 1
10 22 61 60 38 42 34 1 52 58 46 70 64 2 36 74 27 37 78 3 14 75 32 54 47 20 6 16 77 68 76 39 17 49 23 51 19 66 63 8 26 79 24 40 5 48 59 56 53 44 73 72 13 0 18 67 43 71 31 55 12 11 29 57 25 4 15 9 69 35 30 62 21 65 50 7 41 45 28 33
50 42 8 18 9 10 49 71 64 16 1 17 15 2 40 79 29 22 65 66 56 13 72 59 30 25 23 39 34 61 74 7 35 48 63 31 60 37 54 3 62 77 19 76 21 67 75 20 68 69 33 27 47 0 41 6 58 44 51 12 46 45 38 32 43 36 24 57 73 28 14 11 55 26 78 5 4 70 52 53
8 44 32 41 60 74 7 71 48 19 31 13 34 54 73 18 52 25 68 77 26 2 64 78 56 46 37 9 1 17 75 58 6 12 16 20 14 53 29 42 36 72 57 30 24 39 5 66 79 22 45 10 4 23 62 59 63 27 69 55 47 38 50 40 67 76 0 15 21 49 65 61 51 35 70 11 43 33 3 28
52 14 27 19 51 15 38 73 42 64 50 48 4 0 43 9 61 69 29 13 55 23 5 20 24 26 8 6 49 34 77 1 7 56 62 74 33 54 32 78 18 45 65 76 47 39 40 12 44 53 36 31 2 75 63 71 30 35 22 59 41 60 72 28 79 11 21 70 57 66 25 3 58 37 16 10 68 17 67 46
39 42 79 77 57 73 11 74 48 15 64 52 14 56 69 53 46 54 33 12 68 24 78 35 6 65 26 72 1 59 61 5 4 10 37 55 63 47 50 70 20 38 8 9 0 44 21 28 22 19 67 43 30 41 71 7 23 49 32 17 34 25 29 66 51 16 31 58 18 3 60 62 76 13 75 45 36 2 27 40
13 6 65 34 22 72 32 17 77 37 1 9 38 67 70 78 10 25 60 54 49 36 61 71 50 46 58 18 44 33 45 73 19 69 5 23 63 14 62 42 43 55 53 4 47 8 76 11 75 68 7 12 15 41 28 27 0 40 30 64 57 35 31 51 52 16 74 56 20 3 21 79 26 29 2 66 24 59 48 39
26 54 79 18 47 48 9 15 44 35 60 20 22 63 57 5 46 40 11 74 8 24 49 14 45 72 28 41 32 75 37 34 6 23 0 36 62 31 39 58 68 50 66 19 4 38 76 53 1 52 13 3 17 12 70 55 56 42 7 29 10 30 21 78 71 33 16 27 65 73 25 61 51 64 59 2 77 69 67 43
67 62 50 27 39 6 7 72 43 64 48 45 77 53 59 74 66 29 73 1 8 68 23 75 37 16 17 22 3 24 15 20 2 44 40 58 52 36 71 30 28 55 46 49 57 0 35 12 69 38 13 47 21 31 51 54 61 65 4 33 41 42 76 10 34 60 19 79 63 70 5 25 32 9 56 78 14 11 26 18
61 32 58 66 4 57 15 1 72 64 48 49 60 24 67 21 39 37 30 44 52 36 63 53 12 40 68 6 34 10 23 9 0 16 51 59 74 75 5 65 47 73 56 54 43 62 41 13 31 46 8 78 45 27 76 25 2 28 38 17 35 79 7 77 50 14 20 69 29 55 3 70 22 42 18 11 26 33 71 19
6 74 75 2 30 39 68 48 79 41 10 19 15 34 4 37 35 21 26 77 38 8 66 11 49 72 56 51 25 59 16 23 20 55 43 44 29 71 24 0 67 18 63 54 12 58 31 17 3 14 13 40 9 7 69 1 60 28 47 70 53 22 36 52 62 50 73 5 33 57 61 76 32 27 65 45 78 64 42 46
29 40 21 70 32 9 74 5 14 49 31 2 51 58 50 41 75 72 55 48 37 0 77 63 27 10 68 62 7 38 44 69 8 19 66 6 60 64 39 67 15 56 78 26 71 23 11 33 36 35 65 28 47 57 42 73 24 1 76 13 17 53 54 59 16 61 18 52 12 20 34 79 22 30 3 45 46 43 25 4
54 52 95 45 26 7 28 44 94 38 55 83 36 58 60 60 36 53 83 20 83 39 68 65 24 55 12 67 10 24 91 78 39 72 27 80 63 83 45 49 28 14 8 60 28 99 83 78 96 15 17 59 95 94 77 29 66 7 6 74 27 99 40 77 9 48 48 76 73 96 14 5 28 9 28 81 27 100 97 53
61 46 7 88 48 40 96 99 22 64 20 69 25 81 22 61 51 95 34 76 100 28 95 19 19 86 39 100 78 68 46 65 46 68 44 10 68 43 40 86 2 32 87 79 61 2 86 52 86 76 37 4 11 79 11 26 12 77 100 45 35 96 48 20 96 82 57 15 43 44 22 53 96 54 51 49 33 58 22 42
1 28 87 80 16 71 26 80 64 25 56 74 95 25 22 16 87 9 97 29 76 46 14 32 78 20 19 33 34 66 23 4 32 20 7 41 74 4 12 71 51 99 49 5 38 29 29 60 99 86 70 41 65 8 89 17 99 24 65 11 22 27 1 64 36 68 81 66 22 36 36 43 32 62 52 93 34 87 65 80
77 70 62 43 57 6 15 30 81 99 46 1 59 54 38 29 51 99 71 89 36 91 33 92 79 7 100 66 71 13 99 51 69 34 28 61 21 56 45 7 86 61 19 75 28 91 12 24 53 30 52 94 74 44 51 76 29 35 30 27 43 35 93 31 100 15 2 44 44 79 49 93 28 11 89 37 95 61 16 26
56 9 39 24 69 77 13 12 85 39 35 86 84 70 19 34 64 58 42 89 99 30 42 98 80 27 23 24 82 2 94 19 8 85 79 90 26 7 60 34 82 39 88 66 54 55 75 81 96 91 3 19 76 49 34 55 82 25 4 25 77 69 79 68 96 27 35 9 6 24 99 82 16 82 98 96 66 68 1 43
45 91 55 37 21 14 15 22 41 18 47 59 26 65 39 31 89 23 81 48 1 98 9 30 54 94 56 64 96 91 13 91 62 79 56 92 35 20 94 15 63 51 36 24 74 68 56 10 4 84 52 24 72 32 20 38 98 42 90 14 15 21 4 58 51 87 93 42 86 66 23 10 39 37 86 100 55 88 10 29
92 80 44 90 41 47 23 92 4 62 15 42 88 60 91 77 17 86 86 48 90 29 73 62 42 63 1 61 26 13 83 75 44 66 27 32 15 81 17 75 8 61 71 8 71 78 78 47 17 100 31 61 18 8 16 50 10 70 99 43 66 74 54 36 93 33 6 68 35 95 18 18 5 35 86 57 50 9 46 88
14 48 78 63 21 43 56 21 5 51 1 39 59 40 54 87 15 32 92 45 39 29 35 52 42 75 25 86 38 28 40 43 48 25 66 98 78 8 43 56 72 35 55 41 23 46 96 74 32 95 100 100 35 62 52 39 59 26 6 68 45 42 29 66 55 81 5 92 41 52 88 22 24 59 68 28 90 62 10 38
92 45 62 66 28 15 16 10 25 17 51 36 11 22 21 43 1 97 39 55 11 21 90 57 51 19 68 19 78 97 49 31 40 12 46 91 89 13 13 15 10 62 38 30 18 93 80 10 5 46 56 45 59 87 67 45 77 78 81 78 62 51 51 83 3 17 45 59 69 76 15 70 17 28 13 9 75 65 97 58
12 41 100 95 18 1 3 25 74 96 7 11 35 4 58 22 69 58 15 55 69 38 9 6 5 50 62 30 96 24 3 16 9 37 4 100 90 70 92 25 86 22 58 49 59 86 52 62 100 96 69 84 69 97 88 13 50 30 88 46 16 40 42 9 53 45 8 16 30 75 42 34 74 54 72 43 12 68 60 1
57 30 89 37 96 67 35 61 29 58 5 51 52 67 22 23 38 52 42 20 93 69 6 22 67 58 54 8 6 15 100 74 6 70 93 55 6 55 88 90 15 9 22 93 64 18 91 96 13 82 47 8 31 76 82 18 9 33 91 83 2 25 5 68 56 15 44 85 50 78 4 48 20 87 98 28 42 99 61 75
29 45 96 81 57 24 6 9 28 57 100 94 38 48 67 38 65 97 55 62 33 100 71 69 92 74 75 38 89 26 49 78 49 82 73 51 17 59 50 74 15 32 15 78 45 74 25 67 17 88 27 55 38 55 2 54 17 76 6 61 85 89 47 43 38 83 29 53 83 67 65 56 95 86 97 16 87 56 55 40
43 23 39 43 73 29 78 83 36 67 61 57 43 66 59 85 76 80 48 7 74 59 24 99 7 70 59 62 76 39 15 18 22 68 40 83 10 96 22 81 33 32 59 17 53 68 24 8 80 62 51 57 61 33 25 96 51 53 68 66 49 97 1 65 24 37 5 37 97 66 88 32 11 3 99 49 48 55 75 52
37 92 100 18 23 19 13 3 80 17 95 94 11 100 36 76 19 43 33 59 92 9 64 86 12 76 23 8 59 67 75 100 98 45 29 27 90 23 51 96 89 8 34 54 80 78 80 9 99 31 84 3 81 61 39 44 4 2 31 64 43 32 99 85 96 63 91 6 42 69 22 78 3 74 44 19 19 16 4 75
73 90 5 91 72 18 34 27 81 16 53 87 40 58 89 22 88 38 3 97 2 40 63 21 43 82 34 6 18 21 84 47 88 30 3 73 38 68 34 100 71 76 40 45 80 61 74 89 65 99 15 88 71 13 78 43 47 40 23 48 34 10 83 71 85 38 10 36 31 69 86 67 56 55 8 44 3 87 4 15
63 92 16 99 100 74 71 34 2 97 25 81 7 90 29 11 60 85 57 93 95 70 70 78 36 70 39 49 68 14 3 44 14 15 55 26 33 72 95 79 15 34 3 73 73 39 25 92 38 12 77 83 49 14 52 88 87 72 10 39 28 73 30 84 81 70 99 18 17 70 84 79 69 52 77 35 100 26 93 15
83 50 3 17 79 33 15 86 63 19 51 45 23 20 53 55 44 54 11 7 48 84 57 91 98 62 53 8 29 50 17 10 67 69 15 69 71 42 35 53 49 18 68 27 4 96 67 79 94 58 60 26 44 58 59 81 43 4 1 100 77 19 72 79 67 61 18 74 79 70 77 89 66 6 26 65 7 74 72 7
60 27 32 63 48 31 2 22 58 2 63 30 50 68 7 75 2 14 70 98 92 69 81 39 27 52 92 78 10 22 62 59 28 73 49 57 40 73 68 34 56 74 89 43 14 59 33 70 26 74 71 33 11 41 75 74 75 56 53 10 33 50 90 21 56 46 32 25 64 92 17 22 47 90 38 97 59 74 95 13
6 42 18 16 87 59 2 43 44 92 79 54 98 79 71 17 64 52 100 34 36 41 2 78 58 48 10 83 8 91 54 73 51 85 70 43 78 47 29 2 76 47 28 30 73 14 97 65 30 47 13 11 8 27 14 60 22 47 24 1 44 32 98 53 72 100 84 82 44 50 67 87 89 28 88 60 31 51 72 90
31 45 47 89 70 72 46 90 27 56 47 85 63 44 53 41 33 27 9 100 53 57 57 79 43 28 33 44 74 23 23 88 22 66 84 56 92 72 20 32 20 35 4 59 79 38 19 10 20 92 11 83 85 21 91 19 6 59 48 10 17 90 81 91 26 74 1 83 80 5 53 2 100 58 81 42 11 86 31 67
