20 80
8 10 35 78 56 74 4 27 60 11 46 17 75 15 19 42 54 41 68 3 32 58 21 69 16 76 13 49 53 30 37 73 29 65 51 26 0 23 38 55 2 66 44 28 52 59 12 34 9 33 7 48 71 70 36 18 62 24 77 1 79 63 25 14 40 64 31 72 67 20 61 43 47 6 5 45 39 57 22 50
21 29 41 24 59 44 53 76 79 6 19 32 18 48 11 66 33 1 72 39 51 35 20 65 45 61 26 64 14 75 0 37 62 49 73 34 25 7 30 70 42 47 55 9 13 28 15 4 63 78 8 23 12 54 38 3 56 16 50 2 52 22 10 46 71 40 77 58 31 57 60 68 27 74 69 36 17 67 5 43
60 22 42 4 23 54 13 1 9 77 63 26 27 25 45 34 20 51 56 72 61 68 5 67 44 62 71 30 59 52 43 49 70 33 58 38 11 65 29 48 32 46 14 57 53 2 75 36 8 40 74 18 39 55 15 21 37 0 79 64 69 24 7 76 47 78 31 66 35 50 12 28 19 10 3 17 16 73 41 6
1 49 61 15 35 7 55 38 74 75 36 42 71 37 26 16 43 63 14 46 70 27 52 29 56 12 30 18 65 66 41 0 73 25 21 69 3 50 78 72 39 28 6 76 64 67 77 9 4 13 11 57 58 45 47 31 59 23 20 60 79 54 10 34 44 19 33 40 48 22 5 53 17 24 68 8 2 62 32 51
54 9 76 19 6 17 15 26 43 59 7 4 78 40 5 16 11 31 39 67 57 37 65 24 46 21 50 18 34 32 77 35 14 49 20 75 30 23 66 71 42 45 51 63 38 29 70 44 36 10 60 8 56 68 28 2 61 22 12 47 69 52 25 33 62 48 13 64 74 53 41 58 3 72 27 79 73 0 55 1
54 50 36 44 74 66 1 52 20 12 49 60 8 15 55 7 77 31 37 19 28 2 0 30 5 65 47 3 13 64 63 79 10 69 35 43 61 70 42 33 27 45 23 41 56 21 72 38 53 29 57 71 46 40 48 67 18 24 17 26 75 59 58 62 78 34 68 22 14 32 4 51 16 25 76 39 6 9 11 73
59 74 22 8 32 4 34 7 54 40 55 41 1 24 68 20 35 75 36 10 63 53 45 26 14 11 62 12 52 70 66 3 67 77 42 0 69 33 47 9 5 79 46 49 56 72 73 50 28 43 13 15 48 2 16 27 61 60 58 37 78 38 30 23 18 64 44 19 57 76 6 29 31 25 39 21 71 65 17 51
59 56 63 69 11 26 19 75 29 37 45 8 22 4 5 2 31 12 67 1 30 3 43 62 66 72 48 47 9 27 71 17 40 13 0 39 60 25 73 33 65 77 14 18 53 16 64 74 28 70 20 61 79 42 15 7 35 34 58 46 52 10 51 50 38 41 55 23 36 32 54 24 6 76 68 21 49 44 57 78
53 26 59 7 33 57 8 79 30 11 66 70 62 20 58 17 32 51 39 73 6 15 49 31 52 23 9 34 24 36 54 1 60 61 12 74 3 67 4 69 55 41 47 43 68 21 10 75 71 0 38 48 27 65 5 46 16 13 40 28 14 19 44 35 37 64 25 45 22 42 63 76 56 72 2 78 77 18 50 29
11 61 3 41 18 50 25 0 10 14 68 39 60 52 51 64 70 66 75 48 54 56 40 44 22 67 1 53 71 49 9 77 69 74 65 76 46 6 38 43 55 31 27 29 4 37 42 19 59 63 21 72 58 30 8 32 2 15 16 62 73 26 13 57 36 35 5 28 23 78 47 79 24 17 33 45 12 34 20 7
8 14 49 6 16 74 79 43 34 36 57 52 37 63 70 29 71 40 59 55 39 48 77 45 18 30 15 60 53 17 12 72 24 62 66 47 19 42 58 20 9 68 27 46 76 61 1 13 35 38 78 31 26 22 33 2 5 11 54 10 56 7 23 65 4 3 0 64 32 44 25 67 21 75 50 73 51 41 69 28
43 50 70 45 76 28 73 56 61 71 60 42 22 79 39 77 13 64 23 35 12 68 30 7 8 20 1 10 78 48 46 25 0 55 2 37 24 52 18 49 4 66 58 26 14 41 32 75 31 38 3 16 15 63 19 67 29 69 51 59 17 27 34 57 54 74 11 62 21 72 40 6 36 9 53 33 47 44 65 5
35 0 70 18 61 39 5 64 53 7 78 67 2 47 52 25 42 21 23 79 32 16 72 30 12 13 68 34 17 29 49 22 3 43 74 63 73 58 76 9 41 11 26 62 50 40 10 28 31 55 51 59 20 71 24 37 48 44 60 75 6 69 8 33 15 56 54 19 4 66 38 77 14 36 65 46 45 57 27 1
66 16 37 47 46 15 25 31 76 57 13 32 39 71 8 77 58 52 14 41 63 72 24 30 17 4 75 38 45 27 61 70 67 6 23 0 26 74 5 60 64 3 2 50 54 43 12 73 79 29 68 69 44 20 33 34 51 55 49 35 22 40 18 59 1 7 53 28 19 36 62 48 65 10 42 9 78 11 21 56
68 55 62 9 16 49 57 2 42 29 58 67 43 11 24 77 39 41 54 51 18 5 30 8 10 47 34 48 75 73 71 27 19 23 53 60 36 20 38 52 56 40 59 21 17 28 22 44 0 3 70 65 69 45 1 15 50 33 13 6 78 46 14 32 4 72 61 79 31 64 25 7 26 35 76 66 37 12 63 74
61 7 72 48 12 24 63 39 43 33 71 17 31 70 47 55 38 29 34 79 62 26 75 76 30 59 23 56 18 42 58 28 60 20 69 21 11 14 44 15 37 57 1 77 2 73 22 32 41 54 78 74 53 66 19 10 4 46 45 25 65 0 52 5 35 50 64 40 49 13 16 9 6 8 68 3 51 27 67 36
43 66 19 8 28 31 55 60 64 45 13 47 40 78 33 77 30 71 0 38 53 44 22 15 62 37 29 12 74 70 68 75 41 1 79 9 18 69 34 59 49 5 17 11 20 50 25 27 61 24 72 52 56 65 23 51 46 7 4 26 48 14 36 2 73 16 21 39 32 67 3 10 63 6 35 54 58 76 42 57
19 32 3 24 55 42 53 4 17 1 61 26 33 65 10 15 27 73 77 43 52 5 35 29 56 54 59 62 71 74 20 68 36 67 64 51 16 79 66 22 75 50 48 31 60 25 69 46 28 63 7 57 6 45 58 39 23 21 41 37 12 44 9 8 14 70 18 34 72 11 38 0 2 13 47 49 40 78 76 30
5 49 6 68 31 74 33 38 58 29 24 73 72 25 66 8 48 26 56 15 35 54 69 3 40 60 10 42 70 36 39 77 27 65 14 12 13 43 45 20 46 4 34 11 30 67 41 62 0 63 61 75 17 55 76 78 79 37 16 9 53 71 19 57 2 23 44 52 59 21 50 64 18 47 7 1 22 28 51 32
55 10 28 69 16 45 6 46 37 4 34 32 0 7 33 18 52 65 59 78 8 56 67 44 63 24 23 64 39 35 17 25 57 15 20 68 36 50 49 3 75 42 41 79 53 76 62 2 11 40 71 54 38 48 43 5 30 26 9 1 72 13 58 14 31 19 70 74 60 51 47 77 12 61 21 22 27 29 73 66
8 13 32 7 75 16 55 91 53 53 25 80 51 62 97 33 6 90 25 14 71 9 66 22 64 53 82 24 68 1 49 30 90 98 45 86 45 94 25 39 78 39 12 29 91 84 15 70 64 18 21 60 22 25 78 78 54 31 20 18 57 87 99 55 47 98 98 27 11 10 97 17 14 99 14 86 80 91 52 87
48 99 35 98 12 48 26 7 2 64 3 25 17 22 78 98 45 63 82 14 95 1 14 31 77 73 52 86 43 37 47 84 68 75 40 100 89 49 6 4 52 78 73 44 55 11 37 15 86 51 24 3 18 5 12 60 21 5 4 93 89 14 15 50 8 76 82 67 23 23 70 62 64 76 64 26 57 44 79 29
58 82 41 100 6 63 62 73 43 21 94 45 37 73 50 32 18 83 43 2 6 17 66 66 10 64 85 41 58 10 17 72 44 10 92 62 18 46 29 57 99 47 92 59 44 44 78 57 51 51 71 76 16 93 53 88 17 28 40 91 54 60 79 58 31 16 9 41 51 73 68 67 84 66 4 82 43 92 5 67
12 51 23 85 49 99 21 45 60 58 57 8 38 46 35 64 48 62 52 60 11 59 18 68 65 24 31 37 55 26 47 44 57 34 36 96 13 87 63 10 11 85 40 34 56 27 18 56 81 9 30 76 16 35 36 66 98 1 22 66 62 88 27 74 3 87 43 22 5 63 51 25 6 24 79 77 31 49 62 77
35 66 78 72 12 29 13 77 18 21 33 1 68 60 98 14 7 68 72 71 84 11 11 97 4 76 20 5 77 59 87 4 41 54 28 32 95 36 1 16 12 34 79 62 61 19 50 8 1 82 46 22 59 49 83 80 5 62 46 28 9 74 43 55 46 48 73 8 31 36 74 34 64 15 50 91 17 46 17 16
11 9 99 100 40 9 3 66 74 3 4 84 52 66 37 45 20 79 100 73 61 45 85 31 42 76 54 10 31 56 33 13 35 25 22 17 15 55 97 35 82 34 9 48 5 73 17 2 43 1 41 88 67 77 22 92 50 55 80 33 7 80 5 24 15 39 48 89 56 63 59 28 11 72 3 65 93 99 48 2
85 27 46 94 12 63 27 36 69 86 59 41 2 56 31 7 94 44 85 36 76 58 17 18 17 96 38 13 18 21 12 85 55 76 90 6 34 82 94 43 94 53 59 49 49 75 55 43 35 83 63 81 27 95 90 73 59 76 53 44 94 62 58 92 85 84 88 12 41 56 33 18 14 32 99 98 95 19 91 94
30 82 51 13 23 62 85 86 18 57 79 51 31 49 70 47 9 24 23 91 10 64 86 90 41 5 79 99 70 29 65 44 19 24 4 86 87 2 95 49 83 91 87 64 6 61 16 21 83 87 67 81 94 74 45 86 14 23 22 28 57 41 13 23 57 60 40 89 79 56 89 2 2 60 82 34 42 69 6 74
37 89 44 95 42 98 2 31 25 98 37 97 40 38 5 52 78 89 10 56 23 4 47 42 92 33 58 90 40 51 72 25 6 27 82 66 60 95 12 57 23 26 39 84 77 55 20 88 44 50 50 64 68 67 37 57 61 56 28 52 97 24 86 8 99 10 54 89 86 87 24 61 88 83 17 19 16 59 85 54
18 60 1 90 99 11 97 66 58 97 57 35 60 5 60 84 71 36 68 29 47 36 55 85 97 96 10 98 79 56 62 6 51 34 33 7 16 68 5 79 49 45 66 87 67 74 43 83 57 98 5 89 20 63 82 51 52 38 12 70 32 50 29 42 94 56 23 18 96 42 46 28 75 89 4 60 46 79 89 33
16 95 34 31 72 17 55 97 41 59 67 13 17 12 18 53 69 6 9 19 33 34 35 76 7 68 64 94 94 16 90 1 28 54 59 7 11 62 2 96 86 24 20 22 9 58 84 37 94 30 84 92 66 73 34 47 21 7 99 35 60 92 23 80 45 67 39 29 10 41 70 40 43 2 1 33 11 79 84 42
27 19 14 97 59 11 99 18 65 20 33 83 71 89 31 68 56 63 6 94 25 53 96 23 88 81 20 45 76 68 92 4 49 19 53 90 48 71 26 38 68 9 19 20 4 26 54 5 34 61 32 40 4 21 49 22 29 1 56 83 92 23 51 84 64 27 82 70 18 10 70 60 88 68 12 24 15 36 79 98
75 43 13 49 46 89 96 96 38 53 97 44 42 30 30 100 65 90 6 27 17 80 62 41 80 56 25 11 52 1 50 29 15 78 88 93 48 30 1 90 76 47 1 11 72 20 7 88 43 40 87 7 82 61 79 64 45 43 60 60 7 68 4 51 42 38 100 85 67 80 37 54 46 42 77 30 2 35 48 14
1 68 97 73 68 52 22 72 50 55 87 94 58 79 28 89 63 93 16 53 56 30 28 71 13 21 4 50 49 5 3 16 93 72 99 43 84 81 18 73 8 9 67 46 98 20 51 33 10 25 79 9 50 46 26 58 39 49 14 36 98 58 53 79 76 59 36 65 19 44 63 26 9 24 47 45 45 7 92 6
14 69 57 85 15 25 73 54 88 71 68 87 83 99 4 61 72 59 44 93 76 100 17 56 55 44 7 68 42 62 37 80 60 26 99 78 36 66 90 66 37 62 94 91 22 70 53 33 82 51 65 78 15 37 86 96 86 47 40 19 72 37 34 56 13 59 56 14 24 95 92 37 80 77 16 84 74 42 40 41
72 76 74 63 25 4 36 35 48 46 78 67 48 46 65 10 93 34 13 86 94 43 51 5 100 33 68 91 82 25 40 74 85 31 34 23 54 66 100 20 67 58 85 94 67 37 19 90 69 16 1 26 89 61 79 13 11 32 66 92 28 24 33 90 19 34 76 24 79 39 44 34 85 17 1 79 82 37 48 53
42 88 35 26 24 79 54 43 67 26 98 35 74 42 51 68 13 75 70 45 55 25 82 33 71 61 79 69 90 80 85 82 15 62 15 83 72 20 77 2 70 60 46 91 70 36 11 78 31 50 46 90 17 5 61 25 9 2 77 83 88 30 69 75 88 23 57 69 37 30 81 96 25 97 33 22 15 85 12 80
40 53 48 5 11 43 99 32 62 94 38 40 41 89 13 69 2 34 1 69 5 11 79 59 71 22 63 11 99 70 67 96 20 86 43 15 74 100 46 66 72 33 6 71 82 99 53 24 6 50 47 89 79 44 95 65 84 44 23 34 98 57 50 34 25 63 80 36 18 1 34 18 62 2 98 32 79 80 57 1
77 76 14 36 22 65 49 87 12 63 22 85 29 67 52 6 21 1 3 68 52 8 28 18 30 10 6 52 11 27 78 21 7 60 75 42 80 49 34 56 53 80 60 82 5 80 30 32 10 25 62 19 26 31 59 13 44 33 68 98 50 96 32 6 31 4 73 4 19 77 10 61 69 86 98 6 27 49 22 18
14 89 53 50 57 23 4 85 51 31 29 68 60 73 31 4 17 84 54 42 81 1 36 68 20 57 85 46 38 42 54 83 7 53 86 93 61 67 76 14 94 60 86 52 20 69 98 18 97 25 100 14 42 86 80 8 26 4 64 6 11 67 60 75 35 87 7 75 81 68 32 84 42 58 27 2 67 56 9 42
