20 80
37 74 64 59 63 9 46 24 56 67 45 66 58 12 43 10 36 52 60 21 70 20 26 54 14 17 18 8 47 49 0 78 69 16 48 77 33 7 11 38 57 39 15 3 65 31 4 22 6 76 5 35 34 28 1 61 23 42 19 30 40 2 62 50 29 55 75 25 51 79 44 41 71 72 53 27 68 73 32 13
45 47 69 73 22 26 68 42 21 48 74 63 37 3 55 49 23 70 43 19 78 17 41 1 0 79 38 46 5 15 72 24 76 20 16 53 60 62 58 18 67 2 57 44 36 71 56 4 32 65 11 39 12 8 50 25 7 30 34 40 29 52 28 13 27 54 61 51 59 35 31 33 66 64 10 77 75 6 14 9
67 29 9 11 39 33 43 14 52 0 72 64 7 69 48 37 24 27 66 63 47 49 68 25 56 70 44 23 13 59 8 34 6 73 26 55 71 4 51 3 75 30 12 53 54 65 79 21 18 60 28 77 16 46 35 62 15 38 78 74 10 1 32 42 22 36 58 2 50 57 40 19 41 61 45 76 31 17 5 20
14 52 45 20 57 35 13 38 73 50 2 62 17 41 54 70 49 48 58 6 66 75 31 55 19 24 78 23 40 37 77 21 29 1 59 61 74 9 39 72 22 42 10 32 25 51 63 15 4 65 7 47 33 76 12 67 26 28 8 79 71 34 0 64 44 27 11 68 43 36 5 46 3 53 16 30 60 56 18 69
59 24 33 41 69 3 5 46 19 67 28 25 42 20 8 10 23 54 61 18 4 12 34 72 64 11 37 13 60 22 2 35 31 62 78 73 75 53 39 68 21 74 29 17 65 40 58 6 0 14 45 71 49 51 50 43 30 32 57 47 26 56 36 15 44 1 79 77 63 55 9 70 48 52 27 76 7 66 38 16
2 47 0 78 60 73 66 8 70 75 12 15 44 5 27 14 51 54 68 34 69 61 33 79 74 18 62 55 42 71 32 4 56 10 49 24 43 39 21 77 72 59 38 9 28 52 13 35 37 57 3 29 31 45 7 25 16 22 6 30 17 58 50 19 63 53 76 36 1 67 46 64 40 65 11 23 48 20 26 41
27 55 60 56 64 1 58 8 59 79 6 30 42 36 41 77 52 50 5 37 25 31 17 70 0 4 47 73 11 65 45 51 14 16 21 78 62 39 20 44 10 67 54 76 26 71 57 74 2 19 13 24 18 66 7 33 29 34 61 3 48 49 72 53 43 32 23 35 15 46 75 22 68 63 28 38 9 40 69 12
78 70 46 17 30 61 34 56 19 13 37 62 3 5 39 23 52 77 6 21 49 57 68 9 27 2 20 15 28 40 79 41 69 7 76 36 54 32 0 60 55 67 73 12 33 44 8 18 66 45 74 47 10 11 16 53 59 75 22 24 64 25 48 31 71 35 42 50 72 29 4 1 26 51 38 58 14 63 43 65
35 68 34 78 4 72 49 43 46 19 50 55 62 71 21 57 56 15 79 24 75 5 42 52 48 47 74 40 3 66 61 26 16 67 11 31 27 1 39 37 7 38 60 13 63 33 64 12 23 44 65 20 51 70 54 73 18 6 2 45 25 77 76 29 10 22 17 8 30 41 69 28 53 36 14 0 9 32 59 58
34 39 45 38 72 68 78 49 18 4 48 25 16 29 27 21 53 75 33 26 5 71 35 2 20 1 9 15 37 12 0 40 55 76 54 41 51 63 57 3 62 50 14 59 13 44 36 73 31 58 52 47 43 67 60 69 19 64 61 6 56 42 17 7 28 22 24 79 32 74 10 30 77 11 46 8 70 66 65 23
28 43 60 44 56 35 54 40 58 38 48 30 5 66 47 36 62 2 75 10 53 14 4 50 23 0 17 18 12 19 52 31 70 32 39 37 78 7 15 51 3 46 11 6 45 26 61 22 16 21 79 33 20 68 49 55 63 67 77 76 24 57 65 64 59 25 69 9 42 73 71 29 13 27 8 74 34 41 72 1
37 1 67 44 13 6 36 16 2 35 56 38 73 3 17 57 48 18 46 33 8 54 23 5 65 74 59 52 60 43 34 30 20 55 4 28 22 63 24 29 72 47 25 78 0 32 45 62 71 40 7 68 31 41 11 14 53 42 21 9 76 70 26 58 61 10 77 75 66 12 69 15 51 50 49 39 19 27 79 64
28 53 29 7 69 5 58 66 8 16 32 25 72 26 49 34 57 68 43 17 48 37 63 3 73 46 36 71 55 42 54 40 12 78 77 65 30 20 74 27 1 6 70 47 35 50 75 10 44 38 21 64 13 59 41 51 39 11 4 18 61 45 76 23 56 9 24 79 67 14 19 33 15 22 62 0 2 60 31 52
32 0 49 9 54 1 64 62 59 66 74 47 2 50 69 5 42 15 39 11 28 34 41 23 63 30 70 27 51 6 19 67 43 21 78 7 14 56 4 76 57 55 61 46 53 22 36 24 17 18 13 75 45 77 3 20 71 31 72 16 60 12 79 48 10 73 44 52 68 8 37 25 58 40 29 33 65 38 26 35
11 19 16 57 12 32 69 65 53 52 44 48 25 22 1 15 50 46 26 6 63 28 9 18 4 70 21 34 27 37 78 62 41 0 8 66 49 31 39 59 74 54 38 55 2 42 3 51 47 79 30 24 56 7 64 13 71 14 76 36 72 5 43 58 73 23 77 45 60 68 67 29 10 75 20 61 35 33 17 40
37 0 65 5 59 29 61 8 66 43 39 7 31 22 51 55 26 24 15 35 74 10 71 44 67 45 32 63 11 57 40 75 48 69 12 73 13 47 54 41 28 50 49 23 72 16 2 78 19 52 34 14 4 30 36 70 20 3 6 79 33 60 62 46 21 64 25 38 58 42 1 77 18 76 56 53 9 68 27 17
52 48 41 40 50 74 2 22 77 20 26 44 11 54 69 27 28 42 47 45 58 38 71 72 33 65 64 67 14 75 66 31 55 73 12 78 10 8 60 46 36 43 23 61 68 7 24 79 21 37 62 32 70 16 56 63 53 57 0 76 13 4 18 19 5 9 49 15 6 17 51 34 1 3 35 39 29 25 30 59
39 69 22 77 11 17 47 26 49 75 7 34 33 51 1 55 74 5 71 6 59 27 56 32 72 4 18 8 10 73 36 37 62 67 14 24 57 38 19 79 58 30 28 20 31 16 76 70 78 50 48 54 13 66 41 42 68 44 52 23 0 45 15 43 21 29 2 61 12 25 60 3 46 64 65 9 35 40 53 63
57 30 33 74 24 37 50 9 45 60 18 29 34 46 41 40 61 69 39 22 51 10 66 32 27 43 64 55 38 76 79 7 35 3 28 78 65 42 20 70 5 75 19 48 6 62 52 59 54 25 58 36 23 71 8 11 53 26 21 72 12 14 63 16 44 31 56 49 1 73 77 15 13 2 0 17 4 67 68 47
74 72 10 24 23 46 70 67 14 34 0 36 54 12 7 26 13 52 40 39 64 49 15 61 59 57 71 16 41 53 73 8 45 77 78 50 11 29 79 27 32 5 3 28 65 1 47 9 25 75 17 60 43 33 76 18 4 48 38 22 56 2 66 55 20 21 6 19 31 51 63 35 68 30 69 58 44 62 37 42
37 61 70 51 54 84 100 96 39 63 100 13 14 75 42 91 52 32 19 29 82 100 82 54 16 10 40 10 45 92 37 20 26 29 33 1 92 90 26 54 97 14 50 48 3 78 20 90 4 7 7 1 15 76 62 74 36 44 2 47 74 79 11 32 81 86 42 32 31 100 82 18 85 9 30 29 28 4 55 99
21 32 44 86 94 3 64 12 3 30 39 77 37 88 49 42 73 59 13 91 45 13 58 10 75 4 18 74 99 23 7 36 52 27 8 76 73 44 39 85 61 87 13 17 94 14 38 96 48 51 19 33 30 40 72 94 29 100 2 53 83 31 94 46 25 70 53 41 94 81 60 27 51 28 3 69 85 55 22 46
82 31 12 15 40 88 71 91 67 1 24 83 4 80 93 53 84 6 74 34 27 98 70 67 91 39 50 77 68 43 63 31 35 18 11 33 19 52 58 45 69 38 68 8 47 35 73 10 5 58 12 60 87 91 38 41 41 37 14 92 98 58 90 95 63 2 42 7 89 75 53 95 57 17 24 70 69 72 88 84
85 26 41 88 8 7 41 59 32 91 25 34 36 51 71 30 6 97 53 41 84 8 51 61 16 88 90 75 66 65 71 71 22 35 45 84 74 5 53 54 1 84 66 87 47 83 66 85 91 65 60 94 37 75 53 17 22 63 46 42 48 74 100 97 53 94 89 37 78 94 79 10 93 23 78 12 67 45 59 18
83 49 88 83 23 17 31 96 7 10 8 77 35 23 96 4 11 42 33 53 26 24 82 35 20 24 78 89 29 6 39 51 7 97 86 88 71 81 57 45 10 40 75 46 97 81 56 90 29 28 14 37 76 62 38 95 5 48 78 71 78 85 48 57 18 79 80 4 87 43 32 14 26 36 84 87 77 10 37 46
72 4 18 41 74 44 27 92 16 26 96 75 72 17 27 95 44 79 34 18 82 68 89 98 16 43 53 76 79 59 41 51 87 45 62 72 90 80 78 88 23 53 64 38 49 18 72 44 39 96 58 41 97 6 25 27 4 19 75 100 58 61 13 23 51 13 89 14 54 28 40 50 55 1 54 73 65 3 1 58
94 44 63 31 59 47 27 17 4 43 25 80 79 54 87 47 88 22 14 13 67 63 89 8 68 63 95 76 60 46 74 34 97 83 28 13 94 67 31 11 61 94 42 52 38 76 27 20 11 62 93 68 59 88 77 55 18 95 59 49 29 25 77 56 91 44 75 12 28 19 1 9 74 25 96 3 31 53 79 27
46 72 40 68 72 7 35 36 50 3 62 49 15 17 34 3 72 8 95 86 72 19 75 12 38 38 57 95 2 40 49 4 61 38 80 84 19 52 12 90 20 83 42 91 73 17 56 73 48 68 84 76 27 48 85 37 17 1 77 97 80 97 66 49 80 4 1 47 52 82 93 85 42 91 53 64 81 22 88 30
97 21 73 14 67 1 70 18 89 67 44 32 32 77 36 91 65 58 20 1 60 35 34 8 51 55 99 59 58 37 78 88 73 50 43 6 72 71 62 38 35 86 51 42 17 45 54 13 9 29 30 12 21 20 86 81 27 53 17 26 2 67 21 42 97 99 30 31 65 81 6 27 6 28 77 42 65 2 29 71
19 42 57 78 7 62 96 30 65 69 82 79 97 63 86 10 83 20 100 94 72 34 92 81 93 89 28 69 9 99 53 65 49 3 82 73 91 53 50 92 76 62 88 45 3 99 45 29 8 51 12 29 79 36 33 80 83 66 56 23 19 73 39 57 86 55 75 50 17 77 6 78 79 62 18 3 80 81 77 29
16 29 56 45 43 44 56 80 95 6 22 4 41 6 96 90 35 100 30 38 69 65 57 18 68 5 28 78 88 34 31 73 33 34 34 69 82 13 59 52 33 52 33 18 73 9 78 66 81 13 57 58 12 18 90 38 25 61 23 75 100 58 12 42 61 23 13 81 43 70 98 45 16 59 55 25 74 16 37 68
1 7 87 27 68 36 39 48 27 82 27 22 50 50 41 4 90 29 20 57 80 17 100 32 96 78 64 100 79 64 61 32 12 72 27 9 67 60 23 75 3 83 14 24 62 13 32 75 10 87 3 67 17 50 12 68 51 58 6 78 68 45 20 89 23 66 1 23 83 97 90 34 23 98 13 29 70 31 79 51
8 22 20 73 52 20 41 82 18 24 62 56 8 24 3 71 88 63 14 35 66 35 19 91 27 58 14 45 90 1 89 92 16 81 71 92 50 36 72 41 37 28 50 57 20 79 32 68 22 87 15 69 46 90 97 63 22 14 81 6 92 23 50 63 58 14 68 60 62 28 14 98 86 23 11 66 98 57 68 40
7 50 1 98 91 48 31 94 36 73 44 6 55 8 52 57 94 61 65 9 32 70 36 72 2 84 12 70 36 15 50 75 67 17 49 10 23 98 11 21 12 52 99 30 50 32 61 58 98 10 55 27 49 41 54 13 16 40 88 3 95 88 43 38 84 8 26 83 94 33 96 90 64 56 87 83 12 15 62 43
30 92 25 97 5 37 80 49 45 15 74 94 42 12 15 67 85 69 64 14 90 19 37 22 37 15 48 55 40 44 55 57 17 40 99 47 35 7 85 59 2 55 75 86 67 56 54 5 78 36 86 75 97 32 84 99 55 19 83 18 89 3 40 21 24 54 98 21 21 74 98 29 99 99 59 5 57 48 51 2
69 66 94 3 7 3 54 82 8 93 71 24 60 55 58 70 25 77 94 12 7 24 74 13 93 13 31 1 81 33 34 100 67 42 81 3 40 61 88 90 96 30 36 68 38 50 46 90 56 8 56 99 15 93 8 19 25 64 10 59 73 85 65 16 44 84 6 75 36 33 13 40 55 52 18 84 51 62 76 37
11 40 93 37 49 31 54 40 5 27 68 17 47 10 20 42 98 41 6 73 23 45 94 9 79 55 1 100 36 44 41 82 88 96 86 29 70 2 39 34 33 62 92 59 78 91 80 27 40 77 94 3 82 51 2 26 95 88 95 68 26 9 34 86 76 84 94 18 59 37 82 97 73 93 71 14 75 3 76 15
86 93 40 94 45 8 70 66 47 56 39 64 92 96 8 93 33 42 90 41 38 30 83 54 33 62 26 42 5 47 49 45 46 62 18 35 29 68 52 8 72 20 77 55 36 99 11 24 86 41 41 54 42 84 77 18 26 83 82 40 77 96 4 99 60 13 67 71 8 7 26 46 12 54 48 33 16 9 47 45
35 64 82 1 86 13 9 90 49 17 78 87 36 23 84 92 29 7 78 14 100 36 38 56 88 91 98 96 9 10 44 15 62 60 76 65 88 73 40 34 42 2 9 38 41 94 49 53 33 76 62 65 45 43 89 88 57 14 14 85 83 80 37 54 31 90 78 47 91 20 75 16 16 64 40 69 15 88 90 74
69 93 82 99 92 62 1 70 32 82 74 95 10 23 99 82 88 78 86 81 15 83 68 57 35 89 91 68 6 58 71 72 15 78 10 34 92 77 6 58 13 5 20 34 2 63 89 46 51 60 93 58 24 95 56 66 61 76 92 33 98 54 30 8 36 58 45 21 8 32 100 15 88 55 95 29 13 40 64 82
