20 80
54 12 37 53 42 71 0 27 49 31 76 48 3 13 18 34 10 62 39 46 19 60 75 1 68 73 79 77 38 24 36 21 43 78 70 28 55 22 67 65 61 7 59 40 51 2 23 33 35 45 66 50 20 5 6 69 15 8 47 29 72 57 17 44 30 14 11 74 25 16 52 56 41 64 58 32 4 26 63 9
58 60 72 51 1 16 57 13 3 52 15 74 8 11 77 44 33 41 35 56 76 49 67 30 54 17 59 27 55 63 20 22 71 42 48 79 2 18 28 47 46 5 75 21 25 6 34 36 12 78 38 53 19 4 73 61 40 32 69 45 31 24 62 66 10 0 43 64 26 14 9 7 50 70 37 29 68 39 65 23
9 69 42 30 16 8 32 41 79 12 19 23 51 22 39 44 10 26 45 5 54 75 76 67 7 55 36 52 50 21 43 20 65 49 35 61 66 27 63 72 28 78 11 14 40 4 24 53 59 2 47 73 74 38 33 62 13 0 31 6 68 46 60 17 58 3 15 71 18 77 37 57 1 48 29 25 70 64 34 56
26 22 36 40 31 69 68 41 67 61 51 63 16 25 55 10 0 74 66 5 38 32 34 78 50 49 39 65 73 47 9 46 77 72 58 4 70 1 76 62 57 28 6 27 23 12 20 56 3 29 11 2 75 15 45 18 35 64 13 71 48 43 7 30 14 17 60 59 54 19 37 42 21 24 79 52 44 8 53 33
73 1 39 12 22 38 50 69 34 71 62 41 53 46 43 74 48 0 23 33 16 68 67 77 47 30 11 5 10 40 8 26 19 49 32 20 15 17 18 78 3 61 6 72 42 7 54 58 44 66 45 76 21 28 64 70 31 14 24 27 52 75 9 37 65 57 56 13 36 59 55 51 60 2 29 35 25 63 4 79
61 68 17 38 55 30 2 19 11 49 29 73 0 6 62 22 5 41 32 54 21 77 76 79 78 69 28 14 8 10 56 33 63 40 18 64 37 27 31 3 74 48 34 25 67 51 20 60 57 52 9 24 42 59 36 71 7 65 4 39 43 12 35 16 53 26 72 47 15 45 44 58 70 46 50 75 1 66 23 13
73 19 50 8 42 57 35 26 65 66 37 30 21 79 68 77 58 64 15 12 39 51 18 2 71 32 46 70 34 78 72 40 23 4 10 17 13 60 44 75 38 9 52 49 55 76 16 6 1 3 53 43 7 69 63 41 20 27 62 33 11 48 24 45 5 56 54 61 14 22 74 0 29 36 47 28 31 67 59 25
64 31 22 41 27 60 37 20 68 21 47 51 30 0 42 55 65 23 44 53 73 49 52 58 70 32 61 11 35 77 59 62 1 66 48 56 33 71 29 38 28 8 43 57 24 39 63 10 25 13 3 19 15 34 69 18 46 67 45 75 5 79 9 40 72 7 26 6 2 36 50 14 76 16 74 78 12 17 4 54
8 2 9 47 66 3 20 24 77 73 63 62 21 22 61 34 27 16 78 10 68 46 17 6 29 49 69 5 18 13 65 23 45 26 19 55 36 4 75 37 39 42 48 71 0 70 79 54 43 32 60 12 58 56 35 74 38 52 44 33 64 53 11 76 50 25 57 28 7 1 51 30 59 31 41 67 72 14 15 40
26 11 13 22 79 57 30 50 41 15 59 5 37 56 44 4 12 71 24 14 17 27 35 49 73 19 10 51 61 38 68 45 31 18 42 78 75 64 77 66 40 34 39 70 3 32 33 43 20 23 62 60 69 29 63 48 8 74 52 0 25 7 16 55 6 58 54 46 67 28 9 21 53 72 36 2 65 1 76 47
52 35 21 18 51 50 70 7 31 46 69 36 30 40 26 59 17 68 39 72 71 4 77 67 66 58 73 1 38 37 56 2 33 57 8 22 25 49 44 64 61 54 78 79 19 16 13 65 15 0 23 27 32 3 47 74 10 63 41 76 14 48 55 6 43 28 5 11 12 24 34 62 53 20 75 42 9 60 29 45
18 32 66 56 45 78 48 15 59 79 13 31 65 9 20 76 33 60 6 70 23 35 11 7 54 1 25 36 27 43 51 75 16 39 63 46 21 5 61 24 12 29 40 2 58 41 4 47 3 44 10 8 73 30 57 37 67 34 53 38 64 72 69 0 68 77 42 62 14 28 17 22 55 74 19 49 71 52 50 26
44 31 4 67 71 60 40 68 69 64 79 77 32 58 65 24 7 57 45 47 48 33 29 27 10 1 70 0 23 49 22 8 74 36 63 78 2 76 46 43 28 51 72 12 25 42 34 13 55 16 62 14 73 19 66 54 17 35 38 18 41 37 11 61 21 6 39 75 5 3 30 56 9 53 26 52 15 20 59 50
61 78 63 71 72 73 70 41 56 18 76 62 79 31 3 57 0 58 51 6 19 2 13 42 46 55 75 8 45 14 27 35 23 1 30 49 9 28 15 48 17 26 36 54 67 7 11 12 53 69 59 50 74 24 32 4 77 65 43 10 29 16 47 34 44 66 37 5 21 38 25 40 22 33 64 60 68 20 39 52
8 33 12 7 73 10 34 79 52 64 49 35 44 65 68 71 76 28 27 25 70 6 14 54 32 61 18 0 15 17 78 2 31 26 20 59 48 55 3 67 13 46 39 37 4 29 1 19 74 9 5 36 23 53 60 75 66 47 11 45 42 69 50 43 72 51 56 16 38 57 62 77 40 22 30 63 21 58 24 41
41 44 60 62 59 72 64 45 55 0 24 20 65 25 26 34 54 23 6 27 17 21 78 16 79 5 58 29 51 3 61 9 10 38 8 19 37 39 48 47 68 73 18 33 74 57 66 12 46 76 1 53 15 40 75 42 2 63 77 7 52 50 36 69 56 35 4 13 43 70 22 71 49 32 67 28 31 30 14 11
69 46 68 40 12 11 47 49 32 17 19 53 75 25 59 51 77 5 39 78 67 72 15 14 4 36 20 76 55 44 31 30 21 28 62 70 7 35 27 79 73 45 8 34 54 74 61 13 33 29 41 50 23 26 16 0 1 52 22 24 56 66 9 48 71 63 42 2 57 18 60 6 65 58 10 37 38 3 64 43
1 44 30 5 39 10 79 43 70 55 13 61 33 38 26 0 3 24 62 21 56 57 6 51 35 27 45 36 18 14 12 34 69 40 16 47 17 68 46 63 48 78 42 74 67 32 37 66 71 9 15 64 25 11 53 31 77 7 4 54 22 2 23 73 76 29 41 59 75 20 28 72 19 49 65 50 60 58 8 52
3 4 9 12 41 44 19 6 1 38 40 63 36 65 18 50 73 34 56 27 5 47 21 60 23 77 59 46 55 70 37 66 62 67 45 52 57 35 39 31 69 72 20 58 75 49 10 79 11 30 0 16 78 53 61 42 26 29 17 2 22 24 48 7 25 13 28 54 32 68 33 43 71 51 8 15 74 64 76 14
19 27 42 66 8 29 11 9 24 10 76 37 57 28 45 33 5 32 52 79 43 17 30 75 49 70 77 4 53 46 23 59 78 39 71 0 60 35 25 61 62 69 72 38 1 16 50 47 73 21 74 40 6 3 63 68 31 7 54 56 13 67 2 58 55 22 26 34 64 18 44 36 51 14 20 65 41 48 15 12
59 6 65 75 18 83 35 78 28 60 92 20 85 80 37 19 98 89 65 7 56 20 5 55 92 52 76 6 33 73 1 82 86 84 62 29 29 24 81 45 40 49 17 2 39 4 93 30 4 6 21 12 69 33 18 3 49 81 51 13 62 52 10 43 22 39 26 76 63 30 1 100 1 80 18 37 37 43 21 37
76 7 85 44 14 78 54 16 50 80 47 16 38 49 87 8 82 88 48 6 98 78 93 6 93 66 83 31 36 5 5 38 4 15 63 89 45 33 51 10 52 57 14 91 31 37 88 5 84 30 1 25 7 63 7 84 29 1 87 87 87 97 72 21 20 1 75 83 80 64 61 94 48 86 96 23 3 44 51 45
51 80 75 2 14 88 32 46 56 93 95 24 50 55 55 23 26 71 88 8 38 58 16 2 94 45 9 14 11 7 32 24 58 2 41 33 23 55 74 25 55 44 51 27 73 43 31 16 96 91 81 89 44 63 6 57 95 13 4 100 24 93 56 3 44 82 57 100 32 34 24 67 20 9 60 30 44 70 73 9
17 20 35 45 91 99 76 59 90 40 11 8 66 13 94 11 74 22 12 72 12 80 29 36 77 45 90 40 90 48 89 16 49 96 14 8 92 81 44 25 35 92 63 95 66 32 70 84 47 89 7 66 19 20 16 81 27 63 59 58 5 93 52 60 72 8 64 73 58 56 37 66 29 89 33 18 77 57 22 54
50 78 6 50 98 3 85 10 26 24 37 65 26 87 58 37 78 31 94 37 56 50 60 85 40 6 39 94 27 45 70 94 79 16 59 14 54 17 53 77 41 6 87 27 52 46 18 60 39 58 5 94 38 45 99 4 91 12 61 49 42 26 43 78 93 19 70 15 85 55 87 48 33 54 92 3 91 73 93 61
8 66 57 53 2 66 72 30 22 6 32 18 28 27 54 38 97 3 24 93 17 66 53 59 72 73 16 8 2 26 2 68 98 69 55 69 81 73 13 82 65 40 43 82 35 38 23 94 75 76 79 55 68 79 71 80 88 3 85 45 13 94 56 18 4 2 25 42 56 56 55 47 37 62 19 66 28 88 94 36
40 29 84 24 5 27 36 30 89 5 51 74 49 43 28 82 37 47 77 5 83 22 70 70 27 51 19 15 55 8 83 100 89 3 38 39 22 4 29 6 84 74 74 49 86 68 63 18 21 3 53 89 95 66 42 81 98 81 19 67 94 83 8 78 86 22 80 53 6 13 94 99 89 3 70 91 19 84 87 60
76 45 56 49 48 90 23 96 57 8 40 16 74 28 36 100 38 96 89 73 61 29 83 71 68 41 92 90 60 9 92 66 97 55 63 43 25 68 23 80 12 82 68 59 82 46 41 26 94 73 12 94 10 25 85 22 74 25 35 35 84 24 97 72 87 69 12 52 80 89 84 5 21 2 25 25 99 67 77 72
81 78 83 68 36 81 39 6 81 61 21 48 16 1 84 83 19 72 31 78 63 83 38 49 26 91 94 13 31 95 79 23 7 32 88 44 64 43 40 91 94 99 66 97 45 64 77 46 49 43 7 91 26 13 76 35 8 43 99 94 45 25 15 62 6 70 30 44 57 15 15 55 22 38 24 32 49 89 84 50
16 59 92 90 65 87 26 39 16 75 29 69 22 16 22 38 66 57 51 40 80 33 67 60 35 3 58 98 66 26 38 74 47 93 27 98 64 33 78 39 50 55 57 34 55 45 73 46 85 5 18 59 25 28 79 6 47 44 57 97 14 3 19 59 31 73 75 91 77 1 68 96 86 70 18 52 38 51 29 22
52 52 54 4 2 98 36 44 38 41 1 73 3 29 17 62 86 45 51 34 45 44 6 88 63 69 21 93 98 7 54 29 46 67 13 34 55 62 67 24 86 90 59 86 17 17 30 35 96 54 34 92 47 28 9 15 28 97 11 97 50 94 22 70 78 30 98 26 62 95 53 88 79 22 89 70 94 18 92 19
75 21 25 39 54 73 60 65 5 21 100 54 29 4 97 61 72 77 9 38 27 67 13 3 58 1 17 11 88 15 7 66 14 38 69 10 8 49 83 28 28 96 64 66 50 92 80 91 40 53 3 26 61 1 90 78 45 58 53 13 68 39 89 35 89 2 34 4 77 7 69 94 8 23 33 12 22 82 18 35
43 26 99 61 40 58 16 37 7 25 11 24 90 50 29 47 39 80 9 57 55 96 17 61 4 20 83 76 32 13 82 7 9 34 68 91 3 40 88 95 88 65 12 56 41 83 22 51 81 91 49 57 78 55 35 47 1 10 76 72 59 7 89 21 36 62 83 33 6 86 13 69 65 65 94 52 47 68 20 65
13 26 95 30 5 68 70 62 14 90 99 4 94 90 86 66 34 27 94 21 26 3 29 69 57 26 9 8 12 63 80 94 81 85 76 37 58 75 97 73 99 26 71 86 39 11 18 81 78 51 13 97 16 62 7 21 7 95 10 46 64 35 32 49 64 67 90 50 81 5 33 40 63 48 24 2 98 21 32 24
51 93 95 75 95 22 21 10 98 81 95 43 19 51 69 58 27 79 4 19 24 22 74 17 5 67 43 99 10 67 11 76 75 28 53 16 91 39 23 56 78 24 27 33 3 87 64 61 56 95 43 23 82 84 54 57 57 25 7 82 4 39 65 16 6 62 99 3 5 34 41 70 50 32 32 2 42 81 38 75
29 57 98 75 87 53 100 60 95 64 64 35 83 15 69 14 22 55 94 7 37 46 51 15 51 65 45 28 75 6 24 48 22 94 76 14 25 20 67 95 37 40 34 42 66 87 55 60 100 31 13 53 17 42 66 91 15 80 5 50 91 49 11 77 72 45 70 9 95 94 76 46 12 51 63 85 1 10 54 45
68 63 90 32 19 28 44 2 75 42 97 30 89 79 40 58 80 54 54 25 65 36 57 47 72 70 64 82 26 82 47 51 63 67 57 30 89 54 47 87 64 79 37 94 48 23 80 85 44 4 7 73 40 66 19 54 56 21 79 29 98 34 41 41 41 5 45 92 37 56 14 3 21 32 49 8 60 66 65 48
67 14 96 89 84 72 99 51 56 21 34 87 60 91 60 28 54 86 87 35 57 77 15 47 10 74 47 59 98 96 47 21 80 58 50 100 44 87 59 56 16 88 69 65 70 17 9 44 59 100 3 60 50 48 88 15 47 60 89 24 94 88 17 98 72 78 66 59 68 34 31 17 57 90 53 99 93 78 55 79
93 3 78 11 23 10 50 69 63 45 10 31 8 84 32 87 21 91 83 68 60 61 16 30 47 23 68 21 61 72 76 5 53 59 74 58 65 97 17 47 2 65 16 26 12 86 82 85 1 17 45 27 88 8 73 71 37 72 33 37 76 47 25 63 17 51 92 19 4 45 73 2 54 51 60 30 56 26 86 83
28 60 25 72 60 78 75 11 73 14 85 24 98 63 48 47 86 97 8 63 86 13 49 78 89 7 25 5 60 76 74 80 9 23 1 83 83 38 91 28 17 55 2 60 41 88 88 17 5 51 84 80 78 40 54 52 9 5 45 68 55 56 5 72 43 90 74 34 8 82 80 63 40 33 55 51 37 78 97 15
