20 80
31 22 58 11 4 65 28 68 74 79 24 64 29 55 23 69 75 62 34 42 5 66 38 44 16 67 37 6 1 13 50 72 30 70 17 59 35 39 32 21 54 3 12 8 57 2 18 61 9 56 48 52 71 36 41 0 53 51 76 78 60 46 27 20 49 10 14 15 45 33 19 25 73 26 63 77 7 47 40 43
65 38 67 40 64 62 71 26 41 16 43 37 52 7 18 42 6 46 12 0 78 29 3 9 36 72 56 15 47 34 61 79 55 17 8 25 75 5 24 33 50 20 39 57 30 22 45 23 44 58 11 14 66 35 73 21 77 60 53 69 59 19 31 2 74 49 48 32 68 27 63 54 4 76 13 1 28 10 70 51
44 79 72 14 48 62 33 32 16 26 28 42 24 36 75 53 76 4 20 27 3 38 1 46 22 37 63 74 64 52 54 18 61 35 17 8 65 31 50 2 69 7 78 60 57 9 19 41 12 40 68 11 0 73 77 59 25 71 58 15 56 23 10 21 47 66 67 30 29 45 51 5 13 34 55 39 70 6 49 43
16 79 41 25 15 77 75 4 14 74 26 30 18 65 28 63 55 9 27 24 43 2 71 72 70 68 60 12 57 51 78 36 50 19 76 53 44 62 7 1 17 29 32 56 66 73 10 58 13 6 49 54 45 61 23 46 20 37 67 22 31 69 5 35 39 48 0 11 21 3 47 40 42 33 52 59 34 38 8 64
40 12 79 16 60 50 38 10 44 27 69 0 52 39 15 68 67 17 25 29 48 32 46 70 75 71 7 59 2 41 20 28 47 9 5 53 37 19 11 57 33 45 4 13 78 65 42 73 36 35 31 1 18 66 3 6 74 64 24 14 22 23 21 56 55 51 62 58 61 30 72 43 8 49 76 54 63 77 26 34
29 16 20 5 59 28 49 76 64 38 58 53 63 23 36 32 21 70 7 50 73 52 1 17 79 74 25 55 39 11 35 41 72 67 62 15 4 48 56 77 2 46 68 8 78 60 61 34 14 13 30 54 75 12 71 66 65 42 57 26 9 37 0 69 6 3 19 51 22 33 44 31 24 10 27 43 18 45 47 40
72 19 48 66 5 34 67 76 35 0 70 6 78 54 69 57 51 44 8 29 63 13 9 62 33 46 7 39 14 50 37 28 71 17 40 36 73 47 55 25 38 24 58 64 26 75 79 61 3 45 41 68 49 77 23 1 2 52 20 16 65 32 59 53 56 30 12 22 15 27 18 11 43 42 60 74 31 4 21 10
64 72 2 47 51 52 38 74 23 19 21 67 10 36 6 70 30 12 5 44 56 46 26 29 13 57 22 39 16 17 66 71 79 42 59 58 31 60 32 61 55 11 18 14 25 40 41 27 53 9 76 33 48 45 69 50 37 4 75 7 49 0 43 63 24 15 20 8 62 68 65 34 78 73 1 28 54 77 3 35
79 69 3 36 70 63 25 46 68 49 74 8 48 42 65 61 10 16 23 37 18 26 15 72 1 19 60 38 20 67 30 17 40 28 73 59 52 44 5 76 29 22 55 47 31 12 32 4 41 66 11 71 56 0 7 54 75 45 21 33 9 64 58 77 14 39 24 34 62 78 53 43 35 27 6 51 2 13 50 57
23 41 4 52 9 30 60 15 47 69 29 36 53 51 79 25 5 40 48 61 49 74 46 64 12 75 26 32 59 20 7 8 66 78 2 73 71 45 10 67 21 1 63 14 43 34 27 77 13 55 31 17 39 76 65 6 3 57 18 38 54 42 58 50 33 72 70 22 56 19 68 37 28 35 24 62 16 11 44 0
23 65 2 7 10 22 58 16 12 18 15 68 79 52 26 45 75 40 4 36 56 30 8 0 37 42 19 54 69 9 28 51 41 59 70 46 35 55 3 34 60 61 24 11 5 27 53 50 72 78 14 57 38 73 32 39 17 63 29 13 1 31 6 71 48 33 47 21 44 67 43 20 62 25 49 77 76 64 74 66
6 9 19 75 52 39 57 29 72 0 77 45 44 41 40 11 18 8 13 12 50 23 30 22 10 74 59 68 21 67 38 55 20 62 56 34 27 35 63 79 47 70 48 24 51 33 58 43 49 37 71 76 36 46 17 15 25 65 64 28 16 66 69 5 14 3 7 60 26 1 54 2 32 42 31 53 4 61 73 78
58 17 18 21 4 23 77 51 10 35 76 16 71 56 31 0 66 40 60 67 34 1 59 39 75 50 25 45 19 57 72 11 65 12 6 20 26 30 3 43 78 49 68 73 79 13 7 63 38 37 62 55 32 53 74 70 2 42 14 8 47 9 69 52 64 15 27 41 46 54 36 28 61 44 5 22 48 24 29 33
0 41 51 49 57 9 54 70 4 72 46 52 47 24 36 65 58 5 66 21 77 63 39 20 3 29 59 62 56 12 26 73 42 35 34 27 11 1 25 37 18 61 76 71 13 2 67 53 38 10 30 22 32 45 79 50 60 23 75 64 78 55 44 15 28 69 31 33 48 74 7 6 43 40 68 17 8 19 14 16
14 34 49 75 26 20 41 8 64 22 46 68 66 10 52 54 0 38 33 59 72 73 56 45 35 63 1 42 43 11 51 78 48 76 32 40 5 29 71 74 70 55 19 79 16 15 23 67 37 62 6 24 2 31 30 27 13 4 57 3 53 17 65 50 28 69 18 12 9 61 36 47 77 7 58 60 44 25 39 21
53 2 30 44 45 62 65 32 48 79 1 18 78 17 6 70 46 69 21 8 12 58 16 43 11 76 55 23 7 13 38 19 41 40 64 27 4 9 35 57 71 68 37 50 56 3 67 25 29 73 36 74 22 26 60 28 10 72 61 52 54 31 75 33 63 47 66 42 15 24 34 39 77 5 59 20 51 0 49 14
58 72 45 39 30 13 18 10 29 20 76 31 79 11 54 38 14 44 25 53 47 73 57 71 34 69 36 32 65 68 77 12 7 60 46 1 41 23 70 8 55 0 16 22 67 78 33 15 5 66 9 62 37 24 3 21 19 43 26 17 4 6 42 56 59 74 2 28 64 52 49 27 50 61 40 63 75 51 35 48
73 77 6 65 26 2 35 1 55 63 4 53 48 36 17 30 60 41 27 5 47 51 49 62 22 16 33 72 23 14 32 18 40 38 7 3 12 70 15 31 42 25 29 58 9 44 19 54 52 43 71 24 20 34 39 45 69 56 66 8 76 37 79 0 21 59 10 75 11 13 64 61 46 28 57 74 68 78 50 67
65 43 25 71 1 0 15 24 31 58 39 42 9 66 2 34 26 8 6 40 54 30 76 17 47 18 27 11 50 75 29 41 35 64 10 28 13 36 73 53 7 79 20 37 46 56 55 48 57 70 68 49 19 59 14 4 45 69 22 23 52 51 61 67 62 72 74 38 32 5 16 12 44 78 33 77 63 3 60 21
42 6 60 36 52 13 51 67 8 62 70 48 73 11 55 41 44 64 35 76 22 10 0 27 30 45 3 14 68 65 46 50 4 79 63 58 31 66 61 47 72 21 77 38 43 17 19 39 78 69 9 34 54 37 33 16 32 23 59 1 71 49 56 57 12 18 26 24 29 74 75 20 2 28 40 53 7 15 25 5
81 44 97 89 17 100 10 23 58 64 73 18 31 62 12 37 83 38 1 98 20 84 25 33 81 19 18 34 74 96 2 6 5 47 23 4 27 75 17 57 37 63 59 14 68 72 31 63 26 21 73 15 98 15 45 14 57 49 61 41 56 62 92 16 69 90 70 75 12 83 29 43 96 54 16 98 91 2 76 44
58 61 95 7 53 82 69 36 34 96 91 75 36 68 67 3 72 85 80 16 44 19 91 74 37 9 63 71 57 83 90 69 13 63 8 8 29 81 68 4 54 58 13 78 93 94 79 9 47 22 95 81 46 88 32 12 88 45 83 65 9 16 3 30 75 39 60 66 71 53 39 55 32 37 87 75 23 43 4 86
83 65 4 99 55 9 2 53 83 84 80 78 7 66 57 12 14 34 88 39 75 13 15 29 51 36 98 67 41 64 98 10 23 16 4 16 39 7 80 46 54 73 13 89 73 94 44 57 86 48 7 96 15 53 92 27 89 97 44 46 7 28 19 21 40 43 74 66 73 99 28 86 63 34 15 31 77 87 21 67
69 5 20 76 83 63 89 5 38 36 61 25 91 26 35 58 45 3 64 83 61 7 72 82 4 23 94 91 75 11 17 11 96 10 66 74 19 99 11 69 98 65 59 15 67 1 31 19 90 13 14 90 76 25 23 32 82 21 79 32 9 53 83 89 98 16 53 14 4 78 84 76 93 84 19 43 11 35 51 55
73 32 32 64 24 70 51 15 6 1 60 17 13 44 46 69 93 44 63 40 39 63 11 12 15 70 71 23 46 50 12 4 52 90 100 46 23 13 31 21 39 97 76 51 26 97 87 54 78 10 21 75 62 32 90 11 92 44 87 89 13 51 71 95 39 56 89 7 47 9 88 12 12 38 69 71 67 63 86 65
66 87 43 78 69 79 77 52 46 63 77 3 16 17 89 91 83 43 57 47 31 46 27 73 20 46 51 27 69 63 95 41 4 24 25 96 91 70 24 73 82 61 28 45 17 48 96 32 77 32 25 70 52 64 97 96 25 23 40 37 13 28 48 30 2 93 66 11 85 6 48 31 3 85 72 9 37 82 8 9
21 2 61 89 16 54 85 17 70 24 13 85 47 93 40 4 15 94 65 2 42 84 62 7 42 73 84 57 19 55 83 73 77 24 6 95 57 91 75 64 64 21 17 10 80 62 3 12 86 82 68 78 20 33 31 51 43 94 53 9 94 9 13 16 69 16 56 13 50 47 75 8 24 65 6 69 79 7 35 34
4 3 97 58 22 9 93 20 34 100 46 51 76 37 33 94 10 87 95 82 21 30 88 94 61 84 54 93 7 3 12 52 23 69 60 69 24 51 59 41 29 20 49 35 50 92 36 7 80 32 89 19 87 85 33 1 29 20 10 4 70 30 10 40 85 55 41 1 32 4 43 76 73 48 53 89 15 16 65 57
45 1 52 62 13 19 6 65 4 72 74 32 21 38 83 41 49 96 14 21 76 100 65 45 63 51 60 67 71 16 68 82 22 34 17 87 90 89 48 44 7 5 33 100 59 17 72 41 6 58 62 69 96 100 10 90 96 79 83 68 91 26 17 89 80 48 85 63 50 43 21 8 19 91 15 17 53 59 60 46
14 90 21 2 71 46 91 79 98 29 5 100 50 23 22 1 88 99 60 91 29 31 79 82 71 97 22 19 19 6 38 33 36 37 16 91 6 38 68 6 93 28 80 45 56 36 72 60 91 28 12 89 85 22 63 32 73 99 65 4 42 34 27 48 58 6 23 32 66 86 60 60 17 15 57 10 69 2 62 60
39 29 13 64 36 91 61 95 40 8 79 8 70 4 50 3 85 61 47 38 69 51 13 92 96 7 51 63 46 98 63 8 56 68 35 57 16 79 54 52 72 100 18 76 47 59 28 24 2 68 92 38 76 51 85 82 18 30 43 19 15 6 68 82 57 52 94 23 82 2 77 23 28 96 97 8 49 34 27 25
79 9 9 91 35 17 33 82 82 6 10 72 93 88 93 92 66 65 70 32 17 14 2 15 1 90 20 82 99 28 33 72 99 15 79 45 52 14 7 99 55 86 4 15 11 38 85 33 63 52 86 84 6 16 97 10 38 51 3 51 59 23 59 15 88 62 33 10 12 89 14 45 72 57 36 33 5 72 74 36
48 48 11 18 1 90 7 58 19 11 44 30 18 28 86 78 80 76 54 94 61 33 52 48 26 28 27 54 35 33 12 29 44 14 61 64 62 44 46 59 14 22 80 81 71 34 21 75 57 68 24 52 59 100 46 12 57 49 13 19 78 47 9 3 92 32 6 89 48 51 18 72 5 31 45 13 84 65 68 75
79 69 25 9 28 77 72 58 84 41 46 6 13 91 11 94 60 14 81 54 10 58 64 45 17 24 37 53 61 95 70 6 41 82 12 25 62 12 64 91 34 14 88 95 97 52 45 31 82 25 53 58 72 84 37 86 73 61 75 36 1 94 27 6 70 32 49 91 94 85 71 80 31 60 42 10 52 91 55 16
30 5 68 73 8 17 96 8 28 75 59 81 19 16 51 81 2 1 61 9 19 5 39 46 4 87 37 93 80 82 83 27 12 7 82 82 10 14 82 82 69 59 12 64 67 65 83 13 63 49 63 29 73 40 59 95 71 53 85 54 95 80 34 40 74 96 46 73 46 14 50 83 87 92 54 87 47 17 54 74
99 12 53 58 84 90 25 57 73 92 96 67 81 75 54 2 94 36 69 35 66 15 9 38 1 96 60 89 37 25 6 92 79 66 36 55 32 68 42 63 23 73 61 57 37 51 61 42 35 26 47 9 80 87 57 32 98 60 71 43 96 63 65 12 21 22 13 69 65 72 31 45 5 74 68 75 47 6 88 98
86 38 26 56 91 11 61 11 12 26 27 30 2 60 10 67 9 33 82 23 79 89 49 20 10 49 41 11 12 10 29 78 98 38 92 29 7 13 55 33 49 39 40 81 71 86 82 63 69 32 13 45 55 15 21 84 11 61 26 21 53 91 24 99 18 29 48 91 70 35 2 81 61 35 5 33 42 53 29 75
85 88 9 7 39 11 15 64 72 32 91 70 52 78 4 46 32 100 24 57 35 6 42 48 64 15 24 57 69 62 67 57 51 17 26 21 14 95 98 91 57 82 100 92 95 70 85 45 42 88 70 36 50 19 85 85 71 89 13 13 2 68 38 66 64 99 87 38 88 97 42 35 96 62 23 13 14 51 96 29
69 89 11 75 27 13 68 41 90 91 23 94 94 21 5 33 68 66 64 50 23 65 51 3 92 81 61 53 60 17 1 28 75 60 74 41 55 68 11 46 12 53 48 74 12 68 2 92 23 36 36 4 57 62 76 53 70 98 59 34 17 81 48 23 8 7 98 16 26 84 47 34 4 13 40 45 56 20 22 39
46 37 69 21 33 48 13 88 69 74 55 8 18 11 96 54 10 40 75 72 83 54 90 24 45 80 52 43 99 63 19 29 79 72 3 97 51 14 58 56 22 48 75 82 3 89 97 24 14 83 75 16 26 71 62 43 81 17 91 72 22 27 88 49 23 19 15 19 33 11 64 6 78 85 10 30 67 78 87 97
