20 80
56 55 29 63 34 2 7 17 70 45 9 16 73 36 44 53 20 46 32 0 10 26 76 6 69 35 71 60 50 39 42 64 68 72 15 38 30 37 65 41 19 1 78 22 28 13 12 61 79 33 75 74 5 24 57 27 52 21 14 11 54 51 8 43 49 77 48 58 67 40 25 3 18 47 62 23 4 59 31 66
63 5 54 67 73 78 34 14 10 69 61 41 28 6 15 71 13 24 46 57 3 43 53 47 31 7 64 51 22 68 74 42 11 75 23 72 18 33 20 45 49 58 25 0 16 39 60 66 9 79 40 2 38 17 76 8 52 77 62 1 32 30 12 55 29 59 44 56 65 4 50 36 19 70 21 48 26 37 27 35
68 34 7 4 60 1 28 54 37 45 52 8 11 79 36 48 29 27 64 30 56 2 74 38 76 33 55 51 50 75 69 20 43 71 6 18 44 49 77 35 19 31 62 21 67 16 26 63 23 32 17 39 78 61 10 24 3 42 15 9 46 13 70 66 14 72 41 53 40 0 65 59 5 25 58 57 22 47 12 73
28 5 31 8 74 65 60 69 14 7 72 59 1 3 73 40 41 57 9 44 66 27 53 64 62 26 29 39 2 49 58 33 77 50 15 35 45 56 11 70 54 34 16 55 13 37 68 24 76 36 75 25 43 71 32 46 67 17 52 61 51 20 12 42 19 38 6 18 78 63 0 22 4 48 47 30 23 10 79 21
20 13 1 38 63 57 40 75 9 18 37 53 66 10 8 77 70 41 32 42 28 36 12 5 2 62 22 24 26 19 49 58 23 76 55 29 7 61 43 71 78 56 44 34 51 74 27 0 25 48 47 3 21 50 31 73 17 54 33 79 65 6 11 69 15 14 45 35 68 39 59 72 4 46 16 64 60 67 30 52
72 19 13 63 10 56 53 21 25 68 33 52 61 58 66 3 17 4 22 5 12 75 38 9 45 76 50 18 57 46 65 0 62 14 67 37 64 36 20 8 34 40 71 79 26 70 16 73 51 60 11 28 77 30 32 54 69 24 42 49 29 74 41 43 1 59 31 2 23 15 55 39 48 35 47 6 7 44 27 78
3 77 79 29 76 35 53 65 39 48 52 34 21 72 16 12 5 26 14 55 32 27 45 56 19 67 33 20 64 24 59 8 40 57 58 6 38 42 9 49 25 61 75 51 43 1 36 50 78 2 54 46 17 37 47 74 70 69 41 44 71 60 66 13 28 15 63 10 30 31 22 7 73 11 68 4 0 62 23 18
40 62 46 73 30 22 78 8 66 21 43 76 42 48 44 13 71 45 33 16 47 57 51 50 29 58 15 63 59 52 72 61 24 6 65 67 28 54 60 64 23 20 26 70 11 4 53 1 79 37 49 77 19 27 17 3 38 68 34 75 5 74 69 12 2 36 41 39 18 35 0 9 10 55 56 14 7 25 31 32
27 2 41 35 23 7 4 61 42 25 67 75 38 11 15 70 36 52 20 57 5 14 49 33 30 28 78 1 68 39 47 73 26 77 13 69 46 51 17 24 72 50 12 16 74 32 59 60 54 44 31 48 56 79 55 10 9 29 58 53 37 76 21 8 0 34 45 64 66 19 3 71 22 62 40 6 63 65 43 18
42 18 37 52 41 24 19 70 14 74 71 25 39 59 53 11 2 33 43 28 73 63 36 69 54 4 31 6 27 21 22 62 34 79 5 66 15 8 17 16 77 12 61 75 38 64 55 67 78 1 57 51 44 72 48 9 47 26 60 13 23 49 58 3 40 30 65 56 46 10 50 45 0 35 7 32 76 29 20 68
70 2 62 29 19 36 60 0 41 63 74 32 75 13 27 49 26 76 1 12 14 50 17 24 30 56 73 40 22 65 4 23 57 34 71 59 20 64 69 68 67 48 8 45 39 42 33 38 18 72 79 3 7 66 55 43 28 46 5 58 77 6 78 53 11 21 47 44 10 9 61 31 16 25 35 37 15 54 52 51
66 9 38 0 25 5 62 7 10 8 50 46 55 47 4 69 32 41 59 37 36 48 53 67 75 33 52 76 3 24 70 21 78 19 11 45 72 60 49 26 57 54 58 23 31 35 20 15 17 29 28 43 14 63 71 16 1 22 6 51 79 74 18 27 77 2 44 56 64 61 30 34 73 12 39 40 68 13 42 65
45 16 5 23 13 8 4 37 11 36 20 10 59 30 49 35 43 0 61 22 41 71 78 70 31 65 26 60 56 2 76 25 1 50 19 14 6 64 38 9 32 67 48 62 44 12 63 27 18 33 17 69 47 29 51 58 21 7 55 42 40 34 52 68 79 74 24 54 75 53 73 15 66 57 77 28 46 39 3 72
47 73 75 24 51 52 9 11 32 27 76 48 36 25 67 2 55 68 77 60 28 31 37 70 38 66 44 0 3 46 41 29 19 58 18 10 12 54 72 13 14 17 39 62 35 16 43 63 33 45 69 53 15 50 1 5 56 23 78 22 42 49 57 21 4 74 64 7 79 59 40 30 6 26 34 65 20 8 71 61
9 14 12 21 50 69 5 79 41 31 65 2 34 47 11 73 52 32 35 58 7 54 78 0 29 53 25 6 46 18 49 27 20 61 68 24 57 45 10 38 67 23 37 55 56 8 30 22 13 48 70 59 66 75 76 44 15 64 39 1 26 62 36 17 28 60 74 43 33 19 16 72 40 63 71 4 3 51 77 42
56 51 1 26 48 21 64 42 12 4 24 13 29 39 27 74 60 31 46 66 0 34 32 65 53 19 5 59 79 30 44 69 50 6 52 40 70 33 49 54 25 37 77 78 67 8 38 15 58 72 17 73 76 28 36 47 57 16 23 41 22 14 45 71 61 63 11 75 20 18 35 7 62 43 9 2 68 10 3 55
25 51 31 79 63 60 28 35 33 9 12 29 0 78 1 30 46 40 74 5 3 23 56 55 24 76 15 36 50 34 21 38 68 37 48 58 75 54 45 53 44 61 18 72 22 64 65 27 77 11 19 66 59 13 26 73 7 39 57 67 43 47 4 49 16 62 42 41 69 6 52 71 10 2 8 20 70 32 14 17
75 32 18 33 64 2 49 71 41 16 54 27 25 12 53 77 56 55 46 39 6 19 10 21 30 24 74 57 31 63 65 42 66 48 61 44 47 11 69 52 78 1 67 62 79 9 76 68 4 13 59 72 20 73 51 37 70 45 5 50 43 3 58 23 38 60 35 36 7 40 28 34 22 26 15 14 0 8 29 17
61 10 15 74 43 8 20 76 39 41 73 36 44 64 16 33 55 0 17 13 6 30 77 21 11 46 63 2 54 14 31 59 78 1 35 72 67 5 12 28 51 48 68 79 40 66 62 50 47 65 60 42 37 9 52 56 4 69 75 18 3 23 24 49 34 32 53 27 22 71 58 26 29 45 25 38 57 70 19 7
40 73 14 0 8 71 1 6 30 61 64 4 19 25 70 60 9 42 15 44 79 16 66 43 20 27 32 65 18 26 11 56 62 63 57 33 2 7 46 59 31 41 51 72 67 77 47 23 78 49 34 45 69 52 38 35 22 3 36 55 50 74 10 76 54 48 21 28 39 68 29 13 53 58 17 75 24 12 37 5
94 73 61 57 99 4 74 35 26 51 14 97 33 71 91 13 17 96 10 44 78 9 1 43 64 39 78 14 78 47 96 32 72 17 74 35 14 92 100 76 62 39 23 3 4 42 56 80 33 4 67 83 75 17 25 59 80 13 59 56 87 19 46 21 28 41 56 85 96 23 40 70 75 3 8 17 4 28 23 18
67 99 39 27 18 22 5 91 29 50 67 43 71 17 58 21 4 71 67 51 23 69 13 15 89 85 55 46 90 37 24 25 5 45 52 19 57 7 58 60 71 46 86 67 86 2 80 81 80 37 54 100 69 96 25 87 49 76 3 45 69 14 79 37 16 73 79 83 15 11 100 96 61 12 89 92 93 24 47 21
30 87 46 42 94 43 47 72 25 64 14 80 71 87 8 79 52 44 76 75 15 92 31 52 97 71 40 68 96 72 3 38 95 28 82 87 26 48 48 86 67 87 98 6 6 28 72 39 56 66 50 46 99 12 64 96 78 89 3 46 4 84 63 74 3 80 8 55 58 76 69 5 45 17 41 15 24 63 56 20
8 7 49 38 63 21 100 58 67 55 76 71 15 22 36 31 17 94 2 61 30 58 9 22 25 87 50 81 54 100 51 30 37 84 70 85 95 55 71 18 39 17 89 13 33 6 73 25 13 8 8 98 82 20 47 63 35 74 79 47 43 39 83 33 71 48 69 38 68 9 40 66 2 21 83 57 71 62 99 28
67 90 50 31 37 59 57 87 72 2 100 69 57 45 94 98 17 13 82 35 30 76 54 80 88 62 65 59 13 81 5 29 8 99 12 35 55 83 96 68 28 71 46 46 43 29 1 74 91 3 3 29 29 25 89 45 58 65 71 40 65 56 43 70 92 88 66 82 12 92 35 77 74 39 22 100 12 96 28 49
60 84 53 40 32 19 58 34 34 11 53 98 43 1 69 4 54 10 64 2 20 87 36 97 84 65 74 80 59 2 74 4 79 50 57 56 66 87 43 64 69 75 69 6 19 22 92 86 89 98 23 19 8 23 22 32 7 52 37 80 40 88 89 66 65 86 2 47 32 73 9 94 79 54 50 82 21 14 18 15
79 79 37 11 70 10 9 77 98 10 35 41 52 57 87 14 81 9 41 72 71 2 15 23 9 37 81 52 68 29 64 45 90 46 48 17 19 2 85 33 78 39 45 81 13 62 47 38 19 71 10 32 1 29 37 77 25 12 12 94 90 65 74 94 46 24 91 71 50 26 67 68 37 67 92 41 75 51 28 93
16 5 28 100 78 99 39 71 99 70 11 10 72 27 74 14 33 48 70 51 2 66 48 32 27 10 62 41 8 15 36 61 30 99 76 54 60 93 37 90 76 41 77 21 38 24 48 4 71 45 91 17 39 59 27 74 29 17 92 99 53 61 40 75 87 93 22 90 55 35 32 88 13 47 24 46 80 60 79 8
32 22 96 93 52 81 90 27 2 52 93 22 97 2 38 26 50 36 27 5 26 6 90 27 25 64 28 64 71 36 76 6 57 77 100 35 24 58 27 57 59 40 23 82 19 13 67 66 82 75 8 21 75 67 99 82 16 23 96 77 33 85 62 5 8 13 21 1 57 31 84 95 73 49 83 6 68 53 44 81
75 1 9 49 51 83 10 28 1 23 65 89 52 96 70 48 84 8 49 31 22 97 83 54 29 72 26 35 33 20 52 38 33 44 45 66 67 73 95 99 16 94 59 44 33 31 53 50 67 62 16 8 91 41 56 11 58 45 40 25 94 2 57 86 77 3 14 74 76 86 77 86 88 55 67 71 40 27 93 18
78 1 35 29 1 3 84 28 39 63 43 3 59 71 44 23 38 19 80 47 61 46 40 34 38 96 72 18 9 90 63 68 70 87 69 63 95 30 16 99 31 87 1 57 12 48 28 73 32 62 96 9 82 36 22 77 42 53 58 2 59 62 31 68 96 71 82 54 14 85 92 89 64 67 53 28 35 43 97 31
38 36 52 70 48 4 61 63 56 70 3 52 98 74 81 20 61 33 19 4 78 79 99 90 11 50 89 92 2 46 86 54 43 7 89 7 82 64 62 40 57 47 6 40 10 30 30 60 5 61 72 98 43 87 79 11 19 9 23 85 87 28 24 21 91 55 71 79 73 19 7 31 71 22 41 80 80 50 47 30
35 40 100 56 66 13 78 90 25 68 90 80 70 66 69 98 92 21 16 11 92 86 99 20 40 24 84 44 93 6 59 49 78 6 64 35 86 18 13 98 24 78 76 49 86 93 50 31 77 11 76 47 95 65 62 54 92 51 30 40 32 30 72 14 91 65 80 89 99 99 53 33 37 25 35 14 11 50 66 75
31 28 60 39 7 70 54 7 74 29 13 36 33 74 8 10 7 7 69 23 87 81 21 76 58 71 45 44 86 48 49 55 90 15 49 100 73 27 23 40 95 96 41 55 67 7 74 80 69 70 93 52 20 59 80 36 41 94 87 9 79 55 26 23 73 8 15 10 64 84 57 60 99 70 74 94 74 58 39 96
42 44 83 11 62 28 60 6 29 6 2 15 15 42 19 71 90 83 71 41 4 99 59 81 91 56 62 70 5 65 85 43 69 25 30 30 2 86 76 26 6 24 79 24 85 34 72 14 68 75 31 17 12 17 20 89 53 65 43 75 25 19 43 11 15 43 89 89 27 35 16 38 42 26 98 39 65 28 44 93
99 64 75 85 47 77 56 7 50 88 80 48 30 3 59 46 57 83 25 70 15 13 84 19 38 92 99 21 39 36 69 16 89 51 2 35 98 35 86 72 26 98 19 93 71 48 25 39 56 81 76 74 70 98 60 69 57 20 88 2 31 84 74 57 7 10 22 67 12 15 66 52 72 68 80 11 8 34 13 42
54 47 18 30 65 95 40 39 67 19 46 22 94 8 79 23 68 9 14 98 21 62 10 49 33 34 90 55 6 90 73 30 91 53 50 78 73 86 47 76 92 100 20 37 85 76 94 66 78 95 8 60 89 51 36 95 60 49 58 34 38 32 77 70 48 76 95 47 60 74 75 93 48 13 77 41 25 92 68 89
64 34 72 15 46 57 55 5 1 54 83 24 12 8 13 72 42 76 3 34 21 37 8 38 29 13 20 75 22 87 24 21 73 58 32 90 31 17 10 30 46 57 21 75 65 45 50 85 94 96 74 24 10 21 48 2 27 100 70 39 53 6 43 88 79 36 37 66 63 38 7 89 59 11 69 55 76 36 11 52
60 57 84 49 82 99 61 92 91 75 78 70 15 87 92 3 33 64 92 73 65 38 94 2 48 96 98 6 57 51 48 32 6 99 6 71 61 6 70 26 18 30 37 43 48 56 26 82 67 94 60 100 86 89 84 12 6 83 2 41 99 34 86 68 32 14 51 54 97 54 69 20 36 89 75 76 38 90 82 72
17 86 3 73 53 38 44 37 76 64 7 81 59 68 65 20 8 27 100 36 54 45 33 29 35 76 9 83 43 48 65 25 27 41 71 69 72 1 5 23 88 54 35 83 5 79 44 65 27 51 17 23 45 78 60 23 26 38 48 54 5 53 61 17 1 54 57 74 85 47 98 82 31 54 19 53 70 1 45 16
