20 80
10 38 46 4 5 22 66 53 59 25 15 26 67 78 55 77 14 20 79 50 23 35 61 11 63 57 42 32 71 72 58 62 56 51 24 47 44 60 6 34 73 31 18 28 16 33 3 17 19 37 36 39 76 0 43 13 9 64 27 68 7 12 2 29 41 52 1 65 75 49 8 69 48 54 74 30 45 40 70 21
10 36 78 77 4 38 25 72 69 17 13 26 1 35 40 60 14 16 34 56 23 27 41 20 3 11 58 2 63 39 55 12 47 33 43 48 51 28 42 73 53 6 67 59 79 64 29 24 71 66 54 21 44 32 8 74 45 49 5 76 46 22 0 30 61 75 52 68 37 50 62 19 15 70 18 7 9 31 65 57
32 60 64 21 72 15 40 75 79 22 12 69 56 4 41 17 65 19 53 14 73 30 70 23 78 9 77 33 28 45 44 36 48 47 27 51 67 66 57 26 2 43 3 74 55 5 76 37 63 38 20 25 29 49 8 7 71 1 68 18 16 62 34 10 58 59 42 39 13 35 31 61 54 46 24 11 52 0 50 6
8 2 31 69 21 55 41 67 25 70 33 68 66 44 77 58 45 59 27 1 28 40 37 5 57 63 22 64 42 29 0 65 24 54 15 11 34 6 72 26 10 75 60 19 73 36 3 46 61 50 76 56 49 9 35 43 74 53 47 62 48 7 38 51 52 32 78 12 18 16 20 30 79 4 71 23 39 13 14 17
10 37 21 59 58 50 38 78 24 0 8 34 64 40 73 44 55 11 33 15 6 68 12 20 54 74 45 71 30 56 57 51 25 65 18 63 2 17 72 22 9 39 32 35 62 13 16 29 4 67 70 43 42 27 3 61 47 77 23 41 14 49 19 46 76 53 75 52 1 28 31 60 66 5 48 36 79 7 26 69
61 15 3 54 44 4 58 40 13 51 6 22 70 45 46 64 27 60 21 9 18 42 63 43 55 50 48 29 53 12 0 66 16 14 17 2 35 31 25 62 20 8 76 33 24 1 69 78 49 52 59 26 72 65 32 34 68 28 19 74 23 38 71 10 11 36 73 67 5 56 75 77 57 7 30 39 41 79 47 37
37 29 27 35 9 53 13 78 11 10 47 39 40 24 45 79 21 26 63 19 17 32 46 58 6 56 70 38 0 44 61 77 22 4 65 73 51 2 34 48 14 1 42 41 72 25 76 20 16 31 28 55 30 8 43 12 5 66 36 57 18 60 50 69 62 59 7 75 15 74 3 71 23 33 49 68 52 54 64 67
41 11 57 36 26 53 66 45 23 29 50 55 3 65 19 48 42 79 73 77 56 21 28 18 44 37 9 69 15 6 34 51 27 78 16 46 24 33 10 59 72 52 58 13 47 1 70 75 43 60 2 30 32 40 76 54 12 14 39 67 31 35 61 74 7 8 68 71 49 20 17 4 25 62 38 64 5 63 22 0
18 4 38 6 47 48 73 70 27 62 52 12 16 74 71 50 44 58 0 14 45 2 55 46 36 3 33 26 9 43 39 59 32 72 75 60 30 5 21 11 53 69 34 8 31 15 17 63 29 51 25 66 56 7 10 28 19 76 35 65 79 67 1 77 49 24 57 78 54 23 20 37 42 64 40 61 22 68 13 41
9 62 0 41 37 54 68 48 13 65 49 61 77 20 55 40 59 45 50 19 76 27 70 14 31 43 5 7 29 32 69 56 64 79 18 8 10 74 60 2 63 72 1 47 44 23 58 11 26 28 46 67 12 16 35 21 36 24 66 73 22 34 25 57 71 33 51 39 4 6 17 38 52 30 42 3 75 53 78 15
37 50 64 79 7 75 55 23 59 27 2 68 52 24 53 56 32 45 60 15 11 61 13 18 26 21 77 66 73 40 76 38 65 46 49 3 8 19 48 4 12 47 72 35 39 9 36 74 10 70 25 44 54 5 51 78 34 58 16 69 42 22 1 0 31 43 62 6 33 30 20 14 67 41 57 28 71 17 29 63
3 73 29 76 60 30 42 26 10 19 20 2 39 27 22 54 12 23 5 50 36 47 7 71 79 78 72 46 48 61 11 43 21 1 51 68 53 59 16 35 66 6 69 14 18 32 74 41 44 0 58 40 49 75 17 57 65 52 28 77 34 56 25 63 9 13 24 37 64 4 55 38 70 67 33 62 15 31 45 8
31 78 68 65 79 54 42 34 47 10 32 39 3 19 57 40 46 50 7 33 11 27 55 6 59 48 58 64 16 13 5 70 75 74 37 26 8 0 77 66 41 72 4 52 56 53 12 20 18 29 62 51 71 38 43 15 14 23 67 45 21 28 36 30 61 49 2 69 60 35 9 1 25 73 44 24 17 22 76 63
11 29 55 31 28 8 53 72 46 59 71 48 22 41 25 70 75 36 35 19 23 51 43 69 38 7 4 54 14 76 24 1 2 32 49 6 47 18 12 67 34 63 56 5 58 44 17 13 33 9 0 37 79 62 39 65 3 68 40 21 77 26 57 20 16 60 50 61 66 30 52 74 42 73 78 27 15 45 10 64
57 73 22 26 12 70 30 61 55 17 74 42 60 69 7 5 66 33 6 41 11 31 49 78 37 58 4 40 9 29 64 76 20 39 15 53 1 23 28 51 47 43 16 52 79 24 45 75 3 21 27 71 59 13 19 65 25 63 32 77 2 62 68 36 35 46 18 72 0 48 67 14 54 10 44 50 38 8 56 34
50 23 47 35 7 33 1 52 60 29 72 46 51 12 3 18 58 39 44 24 71 76 45 48 68 34 5 38 20 26 27 25 16 10 75 22 56 31 41 4 8 67 77 32 15 55 14 74 69 64 28 53 11 59 17 57 0 13 21 73 36 40 43 37 30 79 70 9 42 63 61 62 19 54 6 65 49 2 66 78
73 51 59 53 66 19 43 27 31 7 57 13 6 40 74 61 20 69 49 2 8 14 33 72 78 52 4 16 3 23 29 36 63 46 77 21 71 15 37 67 76 26 64 68 24 38 1 28 47 62 45 54 0 75 42 18 5 11 25 41 17 9 60 70 22 39 56 35 58 12 34 44 32 50 30 48 65 79 55 10
11 24 3 76 35 10 12 62 17 72 19 15 25 46 6 44 53 54 33 40 16 65 71 60 68 45 58 67 21 66 20 22 78 59 48 23 61 29 74 73 27 70 9 36 50 34 75 64 49 4 56 47 26 55 79 63 1 43 42 7 39 14 5 37 57 69 2 8 77 30 52 38 41 13 28 18 0 31 32 51
50 47 72 53 74 48 75 57 27 2 51 12 10 64 20 70 22 25 6 38 45 35 52 59 28 44 34 60 78 69 55 0 63 9 32 76 26 65 41 79 18 1 36 67 3 15 68 17 5 13 4 37 42 56 40 31 39 73 62 61 23 7 54 14 8 21 30 71 16 19 77 43 46 24 66 33 58 29 49 11
14 45 66 47 51 5 35 58 54 27 49 21 7 60 43 9 32 42 30 67 72 53 69 73 26 18 48 55 10 16 78 24 3 17 34 4 76 77 25 12 44 33 28 52 50 64 2 62 71 68 70 63 41 38 39 8 1 37 46 13 57 65 0 61 31 29 20 75 56 11 59 6 36 40 74 15 19 23 22 79
97 82 40 49 21 12 78 91 78 73 13 38 62 56 86 4 33 94 35 45 36 48 6 30 30 70 58 42 70 25 33 65 96 52 92 11 23 84 43 60 85 64 14 71 13 40 57 38 62 45 2 67 79 30 26 34 84 29 47 25 44 83 85 83 12 65 6 29 86 66 40 96 12 65 55 53 18 71 86 7
49 98 72 25 32 3 91 42 72 88 48 88 76 36 8 5 7 29 59 31 46 57 31 87 61 38 44 18 60 93 39 10 52 14 70 59 74 18 80 27 64 90 61 54 36 48 80 29 59 56 23 6 49 47 60 6 43 80 17 25 12 70 86 16 55 72 18 50 4 51 88 60 63 61 81 49 33 91 80 28
85 33 48 48 71 2 91 23 15 95 19 7 79 65 17 33 74 9 49 35 67 62 28 47 93 66 50 2 42 98 16 94 44 83 55 89 87 53 37 77 51 16 97 43 95 64 91 2 13 53 43 78 2 8 61 47 96 68 69 70 37 37 3 92 98 63 49 60 29 19 37 46 100 49 54 89 76 33 67 15
19 89 10 18 75 63 6 81 25 92 33 6 19 57 20 82 92 23 84 13 75 49 63 57 37 72 31 4 18 57 99 83 31 53 28 86 20 18 17 55 64 43 50 4 22 56 90 25 40 45 54 93 94 73 16 41 26 32 64 89 53 92 79 87 49 86 71 7 28 54 97 25 57 56 37 57 69 76 90 53
43 75 13 86 45 78 83 7 69 12 56 80 98 23 31 9 45 27 30 37 35 52 61 26 89 52 95 71 52 41 89 34 21 100 83 53 41 69 29 82 44 43 81 67 23 55 40 87 78 92 72 42 4 70 9 71 93 37 9 38 96 69 69 76 38 73 56 15 4 86 91 81 20 64 37 86 57 81 29 44
82 96 45 61 50 44 63 56 100 94 68 2 37 89 95 34 45 3 65 75 29 86 46 19 54 3 62 67 15 59 98 9 47 51 3 18 96 60 17 49 98 55 20 45 19 95 7 5 94 99 75 32 9 14 89 8 31 70 23 35 75 37 71 88 37 22 60 47 4 63 42 28 57 41 45 5 44 53 19 69
41 30 73 16 18 63 59 10 52 35 80 44 19 83 84 52 14 3 45 90 28 5 66 17 2 51 54 2 100 10 60 79 81 76 61 70 98 89 45 39 5 12 68 35 15 31 18 54 42 32 67 20 18 33 18 92 10 42 58 82 44 86 86 75 69 15 51 44 45 61 29 12 40 94 1 45 44 17 76 55
45 25 5 54 79 46 97 45 95 54 20 8 86 52 52 6 22 33 95 96 81 11 56 68 61 42 69 95 37 12 86 9 9 53 48 95 39 20 68 22 60 96 55 57 20 58 36 50 92 73 12 50 48 44 50 83 75 1 12 70 1 69 71 39 65 89 30 18 1 84 55 57 20 49 76 46 48 88 15 13
23 33 6 12 72 93 92 27 6 56 57 65 99 91 13 49 75 70 5 77 62 67 32 6 37 17 78 9 4 22 40 77 35 1 84 44 28 8 55 53 55 63 29 95 54 60 55 30 73 58 25 13 56 28 81 69 15 78 13 89 63 80 73 19 69 39 39 48 86 67 77 69 18 21 64 44 11 77 11 42
23 31 75 13 100 46 19 35 90 100 15 72 90 24 3 51 28 9 74 86 72 31 81 56 17 95 13 69 65 46 12 30 87 11 36 99 68 54 87 7 16 90 73 95 25 30 91 64 96 2 40 26 22 93 16 60 91 79 96 89 47 14 82 86 76 62 85 2 74 78 36 98 13 88 8 21 34 61 12 36
11 73 18 57 53 92 57 43 7 15 22 28 5 100 34 99 1 70 96 56 52 88 97 89 13 77 82 21 20 72 44 44 27 58 54 93 19 97 73 28 69 74 62 50 55 68 23 55 23 96 87 23 99 9 72 36 63 100 57 21 24 6 41 45 80 70 44 30 100 25 35 5 59 63 21 61 42 28 9 82
34 76 39 46 1 81 25 71 18 59 66 21 96 99 79 44 6 12 44 76 83 27 2 45 75 66 49 16 48 56 4 57 7 82 23 3 47 59 59 67 24 79 44 43 13 99 2 58 77 66 15 74 78 32 39 43 6 89 30 89 39 29 76 100 26 25 31 20 23 75 35 84 61 48 40 53 76 71 72 12
35 55 27 100 72 65 60 74 48 29 62 31 55 12 4 60 17 53 55 43 5 38 32 18 73 46 47 51 64 10 43 56 33 22 78 98 98 47 96 64 54 95 20 11 41 89 82 8 59 97 29 37 89 11 64 48 68 92 69 71 14 37 88 74 78 51 8 48 57 88 93 7 61 36 63 43 22 77 39 54
45 1 74 86 61 36 63 64 13 96 12 79 19 37 54 6 86 71 16 82 97 67 46 40 31 14 4 99 88 77 54 33 37 10 25 95 23 29 64 2 89 96 97 27 97 49 67 59 10 1 58 94 37 50 12 67 28 55 98 14 61 54 55 27 60 87 93 58 30 36 6 65 6 56 63 88 60 62 32 9
54 81 28 49 14 27 10 94 73 1 44 97 22 60 73 24 39 8 63 16 49 15 4 100 12 3 77 33 96 65 57 18 100 39 19 97 15 71 95 95 6 99 49 13 92 80 92 61 20 13 73 95 17 71 58 15 58 80 9 38 52 48 87 45 28 96 78 24 9 33 98 73 15 93 80 55 7 77 81 69
30 78 14 45 43 91 88 83 38 86 27 45 91 69 44 8 51 46 92 19 80 83 41 31 41 46 21 62 65 40 75 69 72 93 31 61 82 33 73 74 67 81 28 46 87 89 59 13 24 49 39 51 26 96 14 19 98 87 40 78 5 54 84 68 14 14 88 43 88 87 2 25 34 58 38 19 71 99 69 69
52 70 59 49 67 18 88 18 86 42 65 50 8 55 64 82 100 87 90 17 96 87 71 1 16 73 33 32 46 90 54 20 15 27 51 96 15 51 40 2 95 42 30 29 80 13 79 51 84 67 89 82 3 32 98 42 45 61 69 43 97 95 30 83 73 33 100 8 67 93 2 32 89 8 36 47 36 71 56 97
37 86 82 67 46 73 21 60 24 38 43 83 89 19 86 26 36 87 32 8 75 40 76 63 95 89 44 92 14 39 99 82 93 23 57 87 49 98 26 37 22 35 63 34 84 52 6 96 88 35 20 18 22 10 65 56 12 33 47 55 68 33 23 29 67 9 57 61 2 8 9 15 66 69 18 57 79 48 52 41
98 68 17 94 31 5 66 32 17 44 1 82 69 48 77 14 64 28 27 3 83 43 28 67 7 27 49 29 73 38 55 23 60 5 61 43 83 24 61 45 6 12 54 24 55 45 33 96 15 61 60 28 90 26 39 84 4 63 52 94 74 58 19 83 11 16 82 75 19 62 62 81 32 14 65 85 52 66 50 43
82 14 16 40 39 82 60 65 56 56 60 40 80 3 29 70 44 78 4 34 74 22 95 84 37 91 6 75 94 98 41 42 12 26 58 20 86 94 42 62 17 3 60 31 34 58 14 81 42 36 61 88 17 48 62 63 18 94 96 47 46 31 23 94 16 83 46 62 100 65 20 45 21 49 75 1 50 98 83 79
