20 80
39 17 62 35 1 65 50 8 13 16 23 68 58 30 18 54 73 78 36 52 75 19 44 72 48 59 22 67 49 42 12 28 25 69 9 46 66 4 14 61 43 51 38 47 60 0 76 77 37 53 57 11 41 56 71 29 10 40 70 21 26 34 55 27 24 3 20 15 6 31 32 63 33 7 74 45 5 64 2 79
54 78 72 74 7 20 75 23 12 55 15 6 32 42 1 38 39 40 63 64 26 36 19 48 49 71 9 28 37 33 56 73 46 35 17 4 25 13 27 60 50 3 22 61 58 65 29 66 31 5 0 34 70 30 53 69 67 21 43 52 47 14 44 77 57 41 62 51 8 10 79 76 68 59 24 45 2 16 11 18
36 22 49 65 61 76 67 2 74 35 9 34 54 42 75 23 0 47 32 40 10 53 26 8 39 72 50 69 25 30 18 73 60 52 56 66 38 51 7 14 41 24 28 33 46 27 12 62 79 55 71 68 3 21 77 19 63 78 31 13 64 16 45 37 70 59 17 1 4 44 20 11 43 6 5 15 48 57 29 58
66 64 13 79 76 7 27 16 63 10 53 3 14 2 12 33 42 9 40 52 70 46 23 8 49 34 54 25 5 24 29 19 77 21 28 36 32 26 45 74 20 65 56 47 57 43 41 75 4 18 44 62 60 39 1 38 48 50 0 37 58 35 71 22 68 31 73 30 59 78 72 6 55 15 17 61 11 67 69 51
74 7 41 60 5 72 30 31 68 12 49 10 65 25 26 40 34 44 79 23 52 37 45 35 19 71 73 57 47 20 46 3 18 75 42 56 76 66 62 2 27 32 53 69 0 78 24 17 36 59 70 15 29 50 22 48 13 67 58 64 28 38 9 61 54 1 77 51 63 6 39 21 33 8 14 55 11 4 16 43
10 22 38 15 51 67 76 55 56 78 54 60 26 3 46 70 39 48 4 63 29 2 28 35 73 40 8 52 50 74 0 37 77 14 44 71 65 18 45 61 21 43 72 79 30 36 42 75 20 25 66 16 27 31 12 59 6 13 19 24 57 58 23 7 68 64 62 41 5 9 49 69 33 11 1 17 32 53 34 47
65 8 46 10 63 55 24 1 34 27 14 70 64 21 30 52 54 57 5 17 15 4 77 0 69 73 36 72 61 3 2 56 41 62 75 66 45 20 78 12 23 35 18 76 32 29 44 49 22 59 31 39 37 67 43 47 71 13 50 68 33 38 11 28 7 60 40 26 6 16 79 51 9 58 53 25 42 74 48 19
77 39 65 63 71 28 35 8 45 0 40 3 22 18 55 73 29 69 64 46 44 5 60 7 15 24 11 53 17 19 54 61 58 47 62 31 27 78 34 59 66 4 32 6 30 2 43 12 79 14 49 9 42 23 10 56 37 21 72 20 13 76 74 68 33 57 26 36 16 50 75 38 52 1 67 51 25 70 48 41
68 11 79 25 23 0 59 15 67 27 47 34 61 72 71 43 39 77 6 17 50 45 53 41 8 18 9 10 24 44 35 20 62 52 4 48 38 40 28 70 19 32 46 3 54 37 2 58 16 42 66 31 57 78 60 26 63 73 64 13 55 22 29 75 69 56 49 65 21 7 51 33 12 74 36 1 30 5 76 14
59 6 2 58 41 19 35 16 43 47 66 53 68 25 8 73 46 62 17 23 42 50 22 39 27 5 15 18 9 26 36 7 10 21 40 4 72 0 38 51 77 31 44 64 65 45 14 70 60 69 78 74 13 3 37 71 28 20 1 12 67 75 55 34 52 61 56 49 33 79 24 30 54 57 63 76 32 48 11 29
53 79 7 0 42 28 20 69 14 60 59 33 35 37 66 21 6 52 58 27 48 75 65 10 77 54 49 31 47 15 40 51 36 78 13 68 71 19 1 43 39 55 5 3 62 45 30 24 29 50 56 4 76 11 61 74 72 38 32 26 34 64 16 18 67 63 17 22 2 70 41 73 12 57 44 23 8 25 9 46
67 18 41 4 38 10 16 47 3 56 54 50 35 43 79 23 11 21 27 65 8 69 53 29 57 58 2 31 74 63 17 28 46 32 59 45 33 66 52 62 48 49 73 19 39 37 76 70 64 20 55 22 44 12 7 26 60 75 71 15 72 61 5 6 51 36 13 30 40 0 68 77 25 24 9 1 14 78 42 34
30 3 76 12 68 33 23 10 66 79 51 35 74 19 47 15 41 49 65 4 20 73 45 77 6 62 9 50 27 67 11 61 70 38 34 26 32 29 7 18 57 1 60 64 52 63 42 17 69 59 46 53 25 54 44 48 75 31 16 21 56 22 71 36 8 2 40 58 24 5 0 28 72 43 14 13 39 37 55 78
14 5 4 8 58 68 17 72 60 19 77 36 10 20 61 49 12 22 37 33 32 38 3 59 48 63 6 45 27 18 56 78 39 65 66 29 28 2 41 76 43 71 11 57 54 42 52 62 55 21 16 47 9 31 53 44 69 25 74 40 50 35 13 79 7 51 15 34 30 0 64 46 1 75 23 70 26 24 67 73
66 21 56 35 12 59 3 76 54 29 50 2 37 69 60 11 1 43 58 28 42 72 74 68 18 52 55 7 34 24 5 79 53 61 51 23 65 40 77 27 0 73 38 39 75 41 71 31 16 45 63 57 70 19 10 9 26 64 17 4 49 44 36 78 25 20 32 13 22 15 47 33 6 14 8 48 62 30 46 67
44 21 15 47 37 19 74 48 26 49 23 34 67 7 25 41 4 6 2 58 75 71 36 1 12 30 56 20 35 27 24 73 79 11 42 52 69 10 39 33 70 68 78 29 51 32 77 38 64 0 53 17 8 57 13 9 45 16 66 40 63 50 61 60 18 62 31 46 54 3 76 5 43 22 65 14 28 55 72 59
79 73 11 63 61 39 51 6 13 66 62 24 29 37 47 53 57 8 58 45 7 1 31 75 41 44 70 0 30 35 25 26 16 14 49 60 43 64 76 50 42 55 5 40 59 67 19 52 46 18 77 78 27 21 72 71 15 34 48 54 22 68 3 74 2 20 23 33 69 28 9 4 32 17 12 56 36 65 10 38
28 62 42 52 0 68 64 10 17 25 22 14 44 26 57 53 23 38 18 39 78 16 40 43 67 70 15 51 75 3 48 19 79 55 50 1 47 4 73 45 72 60 37 31 5 66 7 8 29 46 2 9 13 69 12 76 24 41 61 58 34 36 59 49 56 33 74 27 71 35 63 11 32 54 77 65 21 30 6 20
23 11 15 22 46 28 40 9 2 27 64 18 41 53 1 71 42 10 5 25 73 55 68 76 75 51 43 48 6 16 21 74 14 61 57 47 37 50 35 54 70 8 0 32 79 31 13 60 4 7 63 69 19 49 66 78 20 56 52 30 72 77 59 29 36 12 65 39 44 33 17 3 26 24 58 62 45 38 34 67
48 5 16 28 56 8 40 10 20 65 67 76 17 30 53 26 51 61 41 64 22 11 1 55 74 34 38 3 63 0 2 72 39 21 35 19 12 52 54 71 31 18 23 78 6 69 47 37 79 68 50 36 57 70 27 13 42 32 14 66 29 43 45 46 25 44 15 62 77 59 4 49 9 33 75 60 7 73 24 58
37 37 30 17 51 61 31 21 17 71 12 84 14 50 69 89 53 93 10 37 9 66 86 12 89 58 24 1 99 84 21 42 29 41 82 96 67 99 72 19 94 34 82 37 96 92 98 6 80 94 58 21 80 51 89 12 44 40 99 45 81 39 14 79 7 8 41 18 10 75 30 34 61 90 62 90 11 60 43 48
66 57 94 97 93 29 65 47 30 80 40 77 36 96 6 55 47 59 13 37 89 88 95 91 13 79 17 25 98 77 55 73 31 54 20 14 12 79 91 81 72 64 31 70 13 93 71 45 30 97 67 9 88 25 38 14 65 7 52 89 55 55 53 44 49 26 75 62 53 56 71 86 83 75 73 52 68 84 90 7
75 56 96 26 74 57 48 55 51 25 28 70 35 8 14 96 96 76 72 7 9 82 43 15 66 19 74 91 49 66 59 54 67 15 54 48 90 100 37 69 55 75 17 29 5 48 27 47 79 95 76 67 89 73 75 70 52 11 13 90 65 51 32 88 96 58 24 74 90 26 52 100 4 37 27 44 14 16 10 91
43 99 25 83 49 79 33 98 37 17 98 46 23 86 94 67 59 33 89 7 3 29 17 18 85 94 71 75 57 48 47 56 65 73 62 37 14 81 90 96 100 93 77 32 65 13 31 54 89 35 86 12 16 20 53 66 95 94 84 78 67 99 100 7 18 9 59 5 33 96 36 68 74 98 82 29 43 4 77 7
37 27 30 44 89 81 52 99 5 28 74 30 95 59 99 32 40 34 72 93 22 55 16 100 49 7 25 86 62 87 94 48 94 78 20 11 32 18 38 28 49 4 61 5 10 79 18 98 98 17 20 39 49 18 7 99 81 63 47 78 64 100 35 76 34 22 77 76 1 44 88 96 67 71 25 44 49 36 9 24
12 18 38 91 3 50 91 1 30 13 20 51 53 39 87 7 55 68 40 24 46 78 34 42 71 39 56 35 31 36 90 40 94 48 78 34 57 4 24 48 67 50 32 33 97 100 44 54 71 78 95 43 28 70 12 79 88 33 67 99 37 78 5 24 54 39 14 55 10 71 25 75 24 87 23 49 65 28 42 21
97 34 55 73 6 86 29 66 23 11 44 23 22 19 36 20 7 62 73 65 94 11 61 44 16 1 89 98 84 52 81 28 53 20 77 40 26 47 85 39 81 30 27 92 34 30 67 28 76 96 17 98 78 40 95 96 33 64 9 54 53 70 1 96 26 83 56 79 93 55 22 72 51 48 66 97 85 86 27 89
36 7 55 99 12 27 32 98 2 97 41 51 24 4 33 59 75 36 85 34 79 97 91 36 35 20 99 79 87 56 74 87 37 100 41 41 80 55 90 40 77 91 86 11 17 78 95 70 1 100 21 35 6 92 65 63 85 9 22 94 31 17 49 94 19 7 6 13 35 61 33 100 69 2 36 13 62 72 77 47
17 15 91 88 75 77 67 85 50 19 44 56 36 81 82 84 7 10 86 8 87 81 61 79 33 10 90 99 10 61 48 76 7 7 4 50 79 31 96 5 30 73 55 55 50 6 52 37 42 1 45 54 6 18 40 92 99 54 69 83 27 65 15 12 90 23 81 79 13 23 96 59 53 34 94 58 67 34 20 84
12 27 100 100 16 90 47 88 61 24 94 2 94 30 2 50 29 87 24 63 17 62 14 70 16 8 72 69 22 6 75 25 26 98 56 12 15 87 68 74 53 71 49 98 3 13 5 2 95 82 47 64 81 4 4 72 32 28 94 22 74 5 84 65 91 41 67 7 58 10 82 10 50 57 38 47 46 64 26 49
19 36 45 26 11 92 88 88 56 53 30 81 48 66 21 52 55 90 4 92 93 50 91 91 54 65 2 52 45 37 47 93 4 46 22 53 22 72 70 76 90 79 26 45 65 79 44 61 14 92 99 48 88 82 20 25 52 67 38 2 87 85 35 55 62 44 28 38 99 8 21 87 76 14 4 7 100 47 90 27
68 75 48 69 97 35 24 98 63 56 84 2 75 89 93 69 87 44 85 65 1 29 41 30 93 86 49 18 90 73 55 64 8 89 66 44 66 74 45 66 10 21 58 46 45 40 7 50 90 54 61 93 2 90 43 31 98 100 33 50 82 6 6 5 27 58 59 57 6 19 32 14 5 85 46 8 25 10 5 80
49 3 68 84 27 36 66 40 99 87 12 5 10 21 93 29 46 37 44 97 68 17 87 63 3 11 31 36 50 81 89 95 79 17 9 45 49 16 79 47 14 42 29 40 92 48 50 85 32 2 18 83 94 23 63 76 52 88 72 42 17 88 48 99 20 68 86 73 15 45 22 20 88 85 76 37 61 41 19 74
8 50 39 93 1 76 29 60 48 9 18 18 93 33 62 3 31 47 14 66 98 15 47 34 14 23 56 40 84 77 20 20 93 84 29 21 91 48 79 11 56 90 48 35 74 21 49 90 10 65 30 73 17 21 9 35 92 67 82 36 31 7 97 75 44 50 57 35 33 10 53 13 22 99 84 68 3 17 56 60
1 43 43 78 12 88 11 30 56 63 65 81 65 70 5 79 38 56 27 54 90 11 12 91 41 6 32 94 58 56 24 91 64 53 77 34 11 82 58 40 79 22 85 22 74 1 34 93 4 61 46 32 78 39 31 24 52 38 28 61 22 78 89 3 73 21 85 47 37 11 13 15 1 90 61 1 55 17 36 84
4 93 87 21 29 92 7 35 60 99 17 57 50 16 3 77 17 5 10 73 66 45 64 4 60 68 82 76 46 79 19 81 12 37 49 19 50 55 73 29 36 84 95 67 42 28 26 59 87 91 6 9 95 65 63 11 74 7 59 64 35 72 65 60 71 39 52 4 90 20 25 20 70 27 59 72 34 55 97 31
1 47 28 16 94 60 71 60 52 93 63 44 9 15 62 1 61 79 81 21 77 42 2 37 9 65 10 71 97 84 2 74 92 12 17 26 25 2 21 41 69 18 32 77 90 22 19 93 82 9 34 91 95 19 7 53 34 24 83 4 98 57 33 56 99 95 59 26 74 70 63 19 86 34 5 1 59 74 71 90
42 67 70 23 78 18 97 71 18 78 69 20 90 43 1 74 24 56 69 36 64 8 28 63 60 1 79 31 90 76 65 58 27 21 99 85 37 30 88 93 43 88 47 56 60 37 83 54 25 58 29 51 9 24 71 32 20 59 32 49 19 92 77 94 40 22 63 92 47 92 19 28 17 36 51 15 10 26 4 15
97 3 30 56 46 35 52 46 81 81 73 20 80 74 14 58 77 100 60 33 95 92 97 82 47 25 4 80 36 19 49 61 75 21 26 74 29 21 88 63 67 66 11 74 26 4 47 26 20 77 85 80 42 22 68 47 81 61 71 3 10 15 28 90 78 89 81 60 32 35 19 55 40 65 31 41 43 73 11 43
16 14 61 93 22 13 25 29 47 36 31 95 32 35 3 33 79 94 56 75 79 51 100 95 86 34 64 17 14 79 2 69 79 98 78 78 86 57 95 28 40 44 51 5 40 7 78 34 39 59 40 52 69 93 35 84 9 12 42 2 94 46 42 87 74 53 94 24 30 27 31 88 56 95 66 6 82 67 10 46
