20 80
45 43 52 26 21 22 42 33 36 51 10 38 69 18 58 15 65 66 60 59 63 24 30 61 25 8 31 29 2 14 9 78 55 35 74 72 7 6 0 27 44 11 12 46 28 68 79 67 64 73 5 1 54 41 77 13 34 47 23 53 76 3 32 4 56 16 19 62 48 70 71 37 39 49 50 20 75 17 57 40
24 76 77 20 74 60 62 44 39 4 45 53 25 79 8 28 19 14 48 65 63 2 56 0 75 17 42 64 38 61 34 21 49 59 52 72 70 37 57 36 22 27 40 35 31 29 51 68 50 73 66 78 32 1 5 10 16 71 3 58 11 15 26 55 12 41 43 47 7 18 69 13 6 9 67 46 23 54 33 30
18 37 28 40 27 55 50 64 17 38 21 31 68 47 20 7 74 79 60 11 72 26 1 57 22 52 10 65 78 32 73 30 49 16 77 54 15 46 62 35 0 9 48 69 76 56 58 39 19 14 44 8 13 4 70 63 45 53 29 25 59 24 75 41 34 6 43 42 71 5 2 61 3 33 12 36 23 66 67 51
54 9 2 44 53 41 26 78 72 59 33 67 46 55 36 11 75 39 73 49 12 51 64 19 76 43 37 79 22 10 28 74 29 52 61 5 0 25 42 14 71 3 38 70 17 6 40 48 45 77 24 32 20 63 8 69 60 16 57 62 58 21 13 23 7 1 27 4 56 65 30 15 34 50 31 35 66 18 47 68
55 38 6 41 18 25 7 32 47 10 43 17 78 77 61 71 27 9 53 24 65 33 40 3 42 14 73 28 15 2 68 57 37 60 12 22 62 5 36 46 26 67 30 72 20 29 70 52 51 31 58 35 21 0 49 69 56 13 44 45 23 34 48 54 64 1 8 50 63 79 74 19 39 66 76 11 16 4 75 59
54 57 31 29 7 72 58 39 27 66 13 33 61 46 64 74 15 26 59 49 55 47 20 78 32 18 79 60 12 75 16 17 73 34 2 8 1 43 28 38 6 68 22 45 11 63 24 52 65 53 37 44 48 50 40 5 76 19 25 62 14 77 30 23 10 0 35 42 41 69 70 21 9 36 71 51 67 4 3 56
59 61 30 56 68 46 6 79 54 72 63 16 19 31 40 41 15 4 3 22 5 25 13 53 49 24 32 11 69 70 2 34 44 73 38 26 29 14 78 10 37 17 74 36 28 23 57 47 35 7 42 12 18 21 1 58 0 33 39 60 48 64 27 45 62 67 50 55 52 77 43 20 9 76 75 71 65 66 8 51
29 39 54 22 58 7 26 71 37 72 17 9 13 46 77 27 2 75 50 10 19 8 23 33 57 67 3 11 35 16 18 63 73 59 68 32 30 56 20 47 34 65 66 79 5 40 45 24 14 55 12 6 53 38 49 64 51 60 25 43 61 1 62 69 70 48 74 52 0 78 28 76 44 21 4 42 15 36 41 31
68 37 70 39 40 49 41 76 2 7 62 36 1 46 66 53 5 67 77 14 6 21 64 11 74 51 58 38 22 12 72 25 50 42 35 27 15 45 59 29 20 52 24 54 31 55 13 4 56 75 16 26 73 48 0 63 60 79 28 65 19 71 3 23 34 57 32 8 69 61 78 43 9 10 30 17 18 44 47 33
24 46 52 48 43 7 28 10 13 73 41 5 25 35 78 70 74 77 34 79 50 4 8 3 40 19 2 71 14 32 68 76 22 55 12 65 1 23 42 16 29 75 57 0 47 17 9 27 18 66 64 62 49 51 15 59 33 36 38 54 11 39 58 20 37 31 61 30 44 67 63 45 69 60 56 72 21 6 26 53
1 56 77 50 63 22 27 12 61 9 36 53 43 66 8 72 21 32 33 65 42 60 75 73 51 24 28 54 39 16 71 14 45 31 59 78 30 18 64 76 2 79 67 17 58 13 25 74 34 23 37 52 29 69 26 3 10 6 49 47 62 4 15 68 7 46 44 0 35 40 48 38 5 70 57 11 19 55 41 20
26 15 62 0 76 73 34 60 67 54 78 21 59 53 19 52 68 41 45 66 33 11 40 20 38 18 36 50 71 1 2 51 23 5 61 7 13 48 4 8 69 70 55 29 64 57 31 9 3 22 72 42 75 10 58 24 35 25 63 17 39 16 46 6 14 47 77 74 27 37 49 65 56 28 30 32 44 79 43 12
42 57 79 20 30 75 17 62 19 71 48 78 27 5 55 29 26 65 54 59 2 72 40 66 70 47 67 32 35 52 1 60 36 18 6 10 3 51 49 61 28 76 31 25 7 77 14 41 34 46 38 0 11 13 33 73 21 63 58 45 44 43 15 4 16 23 64 53 39 9 74 69 22 8 68 37 56 24 12 50
17 25 31 73 48 11 71 59 60 44 2 66 34 57 67 15 35 22 61 54 43 50 16 1 79 47 77 29 14 58 40 26 21 12 23 70 55 74 30 64 75 33 46 5 19 24 36 53 3 0 38 62 76 6 49 27 56 45 37 13 9 65 51 10 8 28 41 72 20 7 63 52 39 78 42 69 18 32 4 68
62 31 26 50 34 16 6 40 78 59 25 18 22 47 63 30 44 17 4 13 56 52 43 9 15 32 66 39 42 79 54 24 69 71 65 35 12 7 37 68 38 41 45 21 0 73 29 46 28 27 19 14 55 23 76 58 2 48 60 1 33 53 57 49 8 67 11 36 61 64 20 10 51 75 5 70 77 3 74 72
78 5 15 51 31 77 76 57 41 42 1 11 40 70 44 75 2 18 62 43 22 52 30 16 53 39 72 7 24 21 74 48 50 46 10 37 73 14 35 27 28 0 25 45 54 67 29 61 17 65 3 13 34 64 69 33 32 49 19 9 56 12 36 60 20 23 26 71 4 47 63 79 66 59 38 68 55 58 8 6
12 58 43 62 21 49 45 11 71 48 24 35 77 9 40 42 37 7 52 33 61 39 27 47 20 13 59 55 0 44 15 79 17 50 51 29 67 1 32 54 66 78 18 23 28 57 10 65 2 76 72 36 75 5 22 60 74 34 73 25 6 41 14 68 69 70 63 56 8 16 53 19 3 64 31 30 46 26 4 38
59 6 18 49 56 69 30 4 17 19 7 31 2 20 13 3 57 78 65 42 24 73 22 9 33 43 8 48 21 23 70 15 29 74 5 50 26 51 60 55 54 61 47 40 12 79 62 14 46 67 38 71 1 28 39 77 45 0 36 52 72 63 11 58 35 66 34 75 16 25 68 32 27 53 10 41 64 44 37 76
69 73 65 42 79 28 67 7 29 36 37 64 52 76 23 57 33 35 47 77 12 6 61 15 2 27 68 56 32 20 39 17 3 49 21 4 75 30 13 45 71 9 25 16 8 78 70 55 72 62 1 66 24 51 11 46 38 50 31 44 41 74 18 58 54 43 53 0 59 48 14 34 63 19 40 60 10 5 26 22
68 8 43 47 55 22 64 16 3 51 14 54 66 42 73 13 78 2 63 32 57 23 29 26 6 45 49 52 41 15 20 12 27 11 58 77 61 53 37 50 74 24 4 0 28 40 48 21 70 10 35 60 56 38 34 17 9 44 39 30 1 19 59 76 18 33 46 72 36 65 5 7 79 31 75 25 62 69 71 67
23 7 52 88 87 97 73 38 55 4 59 29 1 4 26 1 73 40 42 24 77 22 25 88 89 19 91 10 61 1 37 87 61 20 91 59 53 71 64 91 79 100 19 55 72 26 51 20 7 38 96 80 100 4 25 76 74 16 62 22 63 33 47 50 1 95 82 38 83 36 63 28 70 32 58 83 53 93 37 40
81 41 47 68 79 31 77 98 50 13 64 40 71 39 9 11 60 43 12 8 7 58 24 55 64 85 62 7 78 52 84 54 49 7 56 44 64 15 33 32 86 47 74 30 60 5 13 78 64 8 45 50 24 55 47 13 49 84 5 1 86 88 21 11 70 92 75 80 91 3 27 57 70 33 79 88 57 70 7 13
67 92 4 77 17 71 58 76 54 43 31 67 34 16 62 61 63 71 94 11 51 44 80 13 69 80 11 10 30 50 70 16 82 63 25 98 89 53 12 26 7 99 86 30 94 77 67 97 57 69 71 82 43 88 43 49 64 4 59 92 61 79 13 39 18 46 55 78 28 3 31 41 5 62 68 55 78 68 89 43
91 10 99 50 61 49 60 54 34 9 55 36 42 5 88 17 100 41 23 66 26 98 77 93 41 61 3 71 95 41 4 29 5 97 78 14 58 86 42 12 11 5 44 39 59 14 87 1 73 85 37 10 74 28 67 41 35 58 32 56 68 10 56 20 51 52 43 61 14 28 62 69 67 91 40 39 39 77 97 68
65 7 70 65 55 36 92 21 78 84 19 32 69 96 41 13 2 57 11 67 24 2 27 97 69 82 34 43 99 72 41 17 1 62 62 43 65 9 7 59 28 57 14 48 66 79 2 76 25 3 55 90 48 21 36 22 57 62 54 74 83 45 26 46 47 45 76 100 38 7 52 32 44 73 44 53 59 38 95 45
10 18 74 79 50 46 76 9 55 61 58 34 38 72 47 51 15 73 99 7 62 20 56 79 75 71 47 77 77 12 73 39 13 68 4 20 39 90 97 8 52 26 73 82 84 34 4 39 29 53 47 18 3 84 72 44 88 77 94 2 63 24 64 30 44 69 22 33 19 29 30 47 40 38 22 70 97 29 44 17
27 25 32 76 44 37 84 57 10 33 11 34 64 15 18 1 81 31 12 13 57 76 40 3 5 69 63 22 15 40 30 86 12 24 86 59 6 61 11 100 59 52 70 11 9 58 60 29 39 25 19 35 82 56 1 66 82 67 59 54 67 13 46 98 69 54 20 9 91 47 100 100 81 12 69 15 90 62 56 24
45 29 33 59 26 37 76 14 19 68 3 79 23 66 5 15 38 91 68 55 25 93 64 45 75 15 13 84 41 30 46 55 23 33 15 64 6 17 81 52 18 7 33 77 96 97 54 91 8 17 75 38 24 60 9 15 83 51 92 79 11 52 52 13 11 75 84 93 57 71 13 4 30 12 90 93 63 65 5 77
5 57 61 20 32 4 66 96 59 12 59 5 45 30 3 45 21 65 64 38 11 60 24 19 57 72 11 37 17 92 7 82 18 82 5 95 89 76 92 69 10 34 84 13 49 17 18 42 1 77 65 30 8 88 26 29 7 100 72 96 61 97 63 91 2 31 55 10 31 16 59 84 82 93 11 60 18 97 69 14
26 65 13 19 23 75 66 27 73 52 24 72 89 50 67 72 77 15 26 37 46 79 63 23 92 49 44 20 56 8 33 30 20 70 65 87 22 63 74 89 90 8 88 58 42 79 82 4 93 90 80 14 13 80 41 1 5 87 53 83 91 46 32 28 13 4 44 40 25 22 42 49 35 39 79 5 81 38 49 77
77 2 22 93 48 49 37 50 95 94 28 87 49 21 78 65 55 21 10 36 90 51 19 17 74 96 27 29 17 27 60 88 34 25 70 12 96 70 2 33 46 100 8 44 42 99 78 17 85 75 28 23 57 10 8 23 13 30 53 57 29 73 62 81 95 93 19 68 59 28 9 20 20 43 96 79 21 47 49 65
79 9 83 59 3 82 96 79 5 8 67 99 74 49 98 22 16 34 14 52 96 14 50 57 36 47 97 83 31 97 38 86 79 68 14 94 33 60 36 1 83 13 62 84 7 34 16 73 2 89 43 9 81 74 38 46 39 98 54 34 40 2 75 10 83 4 11 89 54 29 41 37 66 68 49 47 42 80 32 53
26 95 91 69 48 23 76 57 84 68 68 82 32 22 33 69 45 95 81 21 1 83 2 2 77 2 67 62 20 15 36 48 63 71 34 24 28 3 11 45 28 40 11 51 64 68 25 20 32 69 85 38 71 100 75 84 98 68 82 85 72 59 25 65 67 53 31 40 79 95 44 16 87 76 68 70 28 48 71 26
54 3 25 82 80 60 90 88 33 32 12 74 46 31 38 63 72 40 73 58 68 42 15 87 6 21 19 6 5 23 16 62 53 9 24 35 27 40 77 76 32 18 53 35 47 13 29 43 12 49 54 38 67 84 48 53 68 34 13 31 90 80 6 8 85 99 14 53 25 7 17 26 40 36 13 15 87 94 58 19
83 28 8 87 55 28 14 53 46 47 39 2 41 81 49 51 45 77 84 28 11 6 8 52 2 8 100 83 56 44 99 97 15 72 98 87 52 31 28 91 66 5 81 59 99 29 76 65 42 87 90 51 87 91 34 81 35 39 74 6 32 52 47 71 43 58 99 50 3 7 86 40 38 80 81 69 89 68 11 28
90 28 17 46 57 39 10 74 40 99 40 22 73 58 53 79 32 5 15 6 24 54 62 92 81 45 28 63 71 91 57 6 5 15 69 88 43 10 48 9 27 11 31 72 11 72 87 74 61 21 98 72 95 51 47 83 86 89 80 4 81 96 48 83 62 65 80 12 28 67 31 98 23 38 38 37 67 75 84 88
1 5 21 76 63 57 18 20 85 10 27 81 81 54 52 24 65 59 20 24 90 73 22 73 58 43 41 92 30 47 15 93 47 14 70 6 46 51 27 7 12 42 45 34 99 28 15 9 62 88 77 61 59 95 41 54 87 12 4 12 55 57 4 97 33 93 76 59 76 47 1 59 42 72 63 51 11 30 30 13
40 81 46 83 58 32 30 82 7 82 99 4 66 42 59 66 74 69 93 65 97 67 48 15 92 23 56 65 54 70 14 69 53 48 97 2 75 63 87 32 41 3 15 16 7 28 37 7 60 72 67 100 9 91 18 52 47 96 2 39 59 30 58 56 58 76 10 95 89 1 67 92 10 33 83 52 38 17 23 90
53 86 71 23 11 69 42 73 94 72 59 92 20 71 32 39 100 31 4 31 61 26 72 87 24 83 22 45 9 52 57 49 12 92 17 90 92 55 90 89 100 44 10 41 97 75 29 3 65 74 69 55 51 13 17 28 18 76 12 91 100 60 76 14 65 63 98 97 43 7 30 51 24 80 26 62 35 72 16 39
23 24 63 43 72 92 97 79 100 28 18 62 35 89 71 69 39 100 49 72 54 100 11 77 59 12 40 40 90 32 89 62 58 19 97 79 8 7 44 75 51 32 76 9 56 88 67 96 78 45 2 51 93 47 100 8 62 96 12 89 3 8 38 46 89 31 37 10 96 48 52 9 37 99 65 88 14 33 7 62
