20 80
24 3 38 26 27 35 43 16 76 71 47 6 69 57 72 66 60 11 21 56 68 17 10 30 1 52 58 39 73 41 0 64 74 14 5 63 51 32 46 2 8 42 9 20 53 48 28 77 44 75 49 70 33 50 78 62 79 25 40 4 45 31 65 55 36 37 67 13 61 7 54 23 29 18 22 59 34 12 19 15
6 65 41 21 0 18 24 15 35 75 34 67 16 14 76 5 2 46 19 68 59 49 78 11 57 10 63 60 48 7 37 3 45 79 54 69 66 77 55 26 58 44 17 32 30 23 74 73 51 1 62 56 31 52 43 47 33 40 22 25 9 8 53 64 38 4 42 36 28 70 20 50 27 61 13 29 12 39 71 72
46 15 16 10 24 70 55 53 28 63 66 72 39 61 71 77 41 37 13 75 18 35 21 30 26 64 6 74 48 45 65 54 5 14 69 58 17 31 52 73 68 38 36 40 79 33 56 42 50 20 11 22 47 76 7 3 49 2 34 43 59 27 23 9 1 32 12 78 67 51 25 57 8 44 0 29 19 60 4 62
3 38 2 54 22 27 18 39 63 20 76 62 73 72 77 57 75 61 53 78 56 17 25 21 71 23 37 51 49 58 11 41 68 34 9 14 15 52 70 65 8 42 13 36 50 32 64 67 24 30 46 16 66 12 4 43 7 59 19 79 0 48 60 55 47 33 31 10 69 5 44 40 1 28 74 35 26 6 29 45
62 18 55 0 56 22 76 40 38 52 70 1 11 29 36 61 66 73 44 12 68 4 78 51 54 35 63 26 79 59 48 74 34 65 5 37 58 77 30 39 60 10 21 33 31 8 67 7 53 43 75 42 23 6 20 9 3 2 24 47 25 28 50 72 27 19 71 17 13 49 46 16 41 64 57 69 45 14 32 15
41 48 67 79 36 72 27 77 56 30 75 76 37 45 63 5 7 57 15 53 18 55 20 44 50 11 34 17 1 33 14 12 35 61 4 78 21 69 74 52 13 28 64 40 71 31 8 19 39 6 59 66 9 23 32 51 43 29 2 0 22 65 10 25 60 73 62 49 16 24 58 46 47 42 38 26 70 54 68 3
60 53 64 11 52 70 14 25 75 76 59 44 6 2 41 38 67 24 35 40 45 50 13 72 37 36 3 1 26 39 19 34 49 17 58 66 16 4 0 47 74 79 73 22 57 21 61 15 54 32 10 56 63 62 30 27 55 28 18 71 68 8 23 12 77 65 51 7 78 5 9 48 31 42 29 69 46 43 20 33
49 57 18 0 78 50 3 33 17 47 13 38 27 36 24 40 41 71 42 79 5 32 61 72 70 59 54 19 35 69 7 51 46 52 67 39 6 25 1 31 64 30 68 63 48 56 21 4 65 43 9 26 16 76 10 23 37 22 8 55 15 20 44 45 62 75 29 14 11 73 12 28 2 53 77 66 74 60 58 34
69 74 32 64 17 25 61 13 21 46 18 55 16 78 30 76 53 39 63 19 29 8 62 52 0 31 65 47 33 1 44 7 14 20 59 3 51 24 68 5 35 77 50 75 41 66 43 72 37 79 67 56 11 22 36 71 49 23 54 15 12 9 2 42 27 26 58 45 70 60 57 10 34 48 6 73 40 4 38 28
49 63 69 40 39 72 38 52 62 31 65 5 47 70 20 32 15 9 76 44 77 11 2 29 22 71 55 37 21 78 13 18 58 53 0 36 60 67 50 28 4 57 43 34 6 66 19 25 35 68 12 26 64 79 46 42 16 41 51 1 73 61 74 17 45 24 23 14 33 10 8 30 7 3 59 56 54 27 75 48
70 55 57 33 3 6 74 75 24 7 78 15 72 41 61 11 0 48 51 12 38 71 39 4 46 29 69 27 19 20 73 16 9 35 47 37 53 49 1 54 17 59 2 67 77 8 40 14 63 44 23 10 42 52 32 22 34 26 45 43 58 18 56 36 28 64 50 31 66 21 5 30 68 25 13 79 62 65 60 76
55 18 3 40 9 25 32 4 63 77 54 2 53 36 50 58 59 67 51 14 35 19 6 10 21 17 23 39 15 76 60 61 0 52 1 31 22 38 30 79 70 5 44 12 8 75 43 45 20 66 73 69 48 62 7 71 41 29 27 11 26 78 37 13 28 65 24 74 72 33 57 56 34 49 68 16 46 47 42 64
18 35 12 69 13 6 48 44 50 14 32 25 77 68 56 46 28 75 41 19 55 0 70 38 47 36 30 67 45 52 71 74 72 59 76 24 64 8 57 54 22 73 23 34 9 58 11 39 29 33 42 17 37 63 3 61 16 2 26 20 40 60 31 21 78 43 7 10 4 66 1 27 79 53 65 51 49 62 5 15
30 57 65 59 20 0 78 32 72 11 4 8 16 63 40 15 9 43 37 50 77 62 7 44 3 34 5 25 31 23 2 35 66 51 36 10 38 53 69 29 17 73 13 28 67 12 52 42 64 6 49 1 46 70 74 22 54 24 56 14 33 58 71 41 61 21 19 79 27 18 26 60 39 68 45 75 55 48 47 76
47 52 37 15 57 14 7 60 35 41 40 26 29 56 50 20 1 3 64 74 16 53 28 69 61 55 58 48 73 0 79 9 43 4 72 11 21 39 49 51 78 76 19 66 75 54 77 63 67 27 25 13 71 24 34 2 31 17 45 23 42 62 5 36 8 12 33 68 44 46 30 32 10 59 18 65 22 70 38 6
79 10 31 54 78 22 4 7 17 66 11 57 23 2 71 68 16 51 32 55 18 38 33 50 1 37 47 49 65 45 64 34 6 25 77 27 61 74 59 30 13 43 19 56 70 48 15 41 46 39 35 29 60 20 36 12 72 52 76 3 21 28 9 73 24 58 5 67 69 75 62 40 8 53 63 0 26 14 42 44
42 15 59 4 57 69 5 11 71 12 13 66 70 79 56 65 72 77 6 28 36 55 22 58 37 18 52 41 73 62 78 25 45 31 0 64 44 76 8 16 60 2 46 43 48 19 61 32 67 34 1 7 49 75 10 54 30 51 23 27 39 20 17 63 9 3 74 35 47 29 53 40 33 26 24 14 21 50 38 68
73 22 31 53 8 39 20 12 68 10 14 56 30 59 24 1 28 43 55 0 71 49 3 45 57 54 75 34 69 46 67 52 36 32 13 23 40 64 26 70 61 65 41 76 21 42 29 17 9 38 6 44 47 15 60 50 79 66 2 37 35 72 4 16 27 7 25 78 63 48 62 19 5 51 11 77 58 18 74 33
4 64 33 3 32 27 39 42 72 8 50 7 35 66 71 56 67 5 55 70 13 54 18 17 21 58 12 34 44 31 22 62 57 75 51 47 25 73 68 11 63 41 6 1 76 9 0 15 43 53 26 23 19 29 38 16 74 59 14 30 65 20 78 46 45 37 36 28 40 10 24 77 60 79 2 69 61 48 49 52
40 47 3 11 37 45 64 24 25 74 55 63 49 71 39 34 58 50 41 62 72 19 20 1 22 0 38 66 36 7 6 33 69 48 27 56 75 23 51 79 35 60 15 4 78 61 21 65 18 43 67 17 14 8 32 26 73 12 77 46 68 42 53 16 2 44 29 13 76 10 59 28 57 30 70 5 31 54 52 9
91 52 7 70 43 62 53 16 81 3 87 41 34 36 42 54 54 65 15 54 6 27 39 84 55 19 90 36 42 13 1 20 44 11 65 58 86 23 54 40 16 77 77 87 84 25 7 35 5 93 19 87 41 92 25 97 90 91 58 93 97 72 80 85 70 60 81 30 82 96 73 49 98 82 28 60 90 13 13 8
67 69 95 59 45 47 76 81 29 64 43 12 65 53 53 61 79 100 34 88 86 69 69 54 97 93 78 72 28 45 61 67 18 92 74 85 52 45 72 80 97 50 6 99 63 73 9 19 65 85 18 58 70 53 3 55 61 46 46 83 36 7 75 52 75 92 99 45 94 9 75 56 38 59 77 13 36 80 46 4
2 39 33 31 86 2 18 47 78 93 36 50 23 82 15 38 13 99 48 51 71 81 79 98 42 82 31 10 94 56 34 64 41 72 51 9 31 77 36 33 32 72 29 77 78 66 61 87 23 2 33 69 49 82 48 83 76 74 92 20 54 75 95 31 29 64 32 6 14 71 21 5 79 37 71 38 28 62 76 12
10 34 12 5 47 41 35 92 77 89 82 53 34 41 5 77 53 88 88 97 15 22 3 57 19 72 2 87 6 47 12 65 68 97 37 40 56 37 5 56 18 21 47 12 84 89 53 46 79 34 82 23 46 94 72 23 14 66 80 89 13 87 100 28 37 11 7 11 24 44 10 17 67 49 14 29 53 76 6 88
4 73 90 10 24 45 8 8 29 3 49 29 29 100 71 21 93 68 45 19 79 60 89 24 63 30 96 63 54 30 34 12 61 13 82 88 72 93 39 43 29 64 19 99 7 54 41 67 63 5 65 76 34 74 13 67 74 12 46 29 24 11 83 49 73 76 15 38 10 53 46 64 84 26 51 73 82 88 59 46
66 58 41 2 71 87 42 3 95 95 93 5 68 29 98 11 3 64 29 17 98 8 79 1 55 67 61 27 99 89 47 48 19 100 70 3 58 61 96 97 88 54 46 84 26 32 31 100 23 32 76 20 89 57 74 64 49 99 66 93 86 2 95 83 18 10 83 92 60 75 56 93 84 16 87 63 3 14 33 8
58 78 64 76 69 12 41 84 28 3 77 59 65 58 52 39 65 65 47 70 16 20 24 79 37 37 33 65 59 50 63 25 53 64 72 100 83 32 31 94 100 79 96 27 100 4 50 55 24 10 86 98 33 25 97 48 62 49 4 44 68 87 3 29 67 54 87 87 69 41 52 76 71 74 75 69 29 76 72 80
82 86 88 41 3 56 61 90 10 38 60 27 77 11 1 17 56 25 43 11 80 63 16 70 5 17 24 100 99 72 7 36 12 74 77 47 89 45 74 38 60 77 80 51 33 96 76 81 90 62 32 9 49 16 1 92 11 79 85 90 80 13 11 19 67 2 43 41 35 9 16 23 3 78 89 98 3 58 65 59
83 62 26 3 4 77 13 65 88 49 41 55 76 91 85 11 14 69 9 72 31 60 56 32 46 99 44 28 87 95 44 99 3 29 34 61 99 73 96 83 64 94 89 75 24 63 21 30 11 61 9 72 70 76 36 28 19 33 21 29 21 90 91 92 50 7 16 46 42 57 77 10 75 48 43 82 74 5 98 85
55 53 79 86 5 60 22 75 84 96 60 38 45 78 71 37 97 33 24 13 43 66 100 56 60 80 11 76 70 57 89 36 99 87 43 66 92 29 62 44 56 82 17 17 42 34 1 59 52 26 41 27 68 46 94 86 89 50 92 57 62 84 21 52 41 63 35 95 65 1 94 87 26 17 77 7 94 83 12 7
94 92 90 65 22 63 62 1 74 77 68 48 22 71 51 4 95 72 87 72 3 29 90 33 83 76 95 71 34 54 84 17 95 3 72 9 24 43 16 6 77 13 37 83 19 61 18 55 40 3 16 16 61 55 81 45 22 44 72 14 44 21 12 80 92 81 14 41 10 77 45 15 22 84 30 54 57 80 72 80
37 80 4 80 8 97 15 20 79 80 94 57 78 88 54 89 86 72 73 52 4 28 63 28 76 2 21 21 55 66 99 40 79 58 68 13 33 59 56 17 36 64 98 2 66 15 66 36 20 60 24 6 31 72 14 21 52 100 91 35 13 97 82 19 70 97 10 60 70 16 22 34 69 46 81 5 1 5 41 82
98 33 1 69 9 30 11 80 23 58 35 97 64 55 30 89 19 34 13 71 23 70 86 40 60 50 9 82 78 98 84 90 13 19 54 92 44 38 74 18 18 39 27 43 7 56 41 36 10 9 51 46 20 1 7 88 86 31 61 26 100 91 9 49 66 7 72 27 35 42 99 60 54 6 55 46 40 61 71 36
3 34 73 41 96 29 41 85 83 96 38 35 77 74 39 33 71 42 11 12 20 23 5 54 34 62 54 34 85 58 4 61 65 67 97 100 35 11 20 5 10 98 20 10 72 39 97 50 79 77 14 58 88 22 91 36 56 39 88 97 65 75 73 85 18 78 92 47 59 20 49 88 55 100 79 69 75 64 43 17
51 13 52 2 94 100 7 10 21 5 98 63 83 7 13 58 72 95 52 25 85 61 98 7 28 57 48 49 73 30 71 81 66 20 72 16 35 91 22 72 84 8 88 85 72 84 38 71 10 59 100 73 59 18 44 36 99 56 30 14 1 19 45 67 44 98 88 34 79 17 5 98 14 90 35 31 71 10 2 53
58 84 61 41 72 21 51 61 26 29 46 19 56 90 16 69 77 86 87 82 96 66 71 44 49 4 23 53 46 14 12 3 22 22 25 98 87 62 41 24 6 9 46 12 76 78 74 97 21 53 88 4 40 17 99 1 67 11 73 20 84 47 66 90 83 20 2 49 96 90 27 68 36 70 65 17 42 62 78 76
85 98 46 23 77 99 11 68 35 75 41 26 55 32 48 41 45 66 97 8 77 95 98 96 31 12 50 17 5 68 43 36 81 11 81 40 11 26 85 15 72 28 7 65 21 26 87 94 45 2 23 6 95 30 63 22 7 83 68 44 70 26 52 49 18 6 41 37 76 67 79 57 91 1 10 94 82 14 54 100
90 66 51 78 15 16 26 91 55 45 70 25 83 13 88 14 74 77 2 12 29 70 70 73 32 52 8 74 68 90 19 78 14 40 98 9 4 7 62 49 25 47 42 2 39 53 28 33 18 66 52 64 37 21 38 86 70 100 73 20 31 71 31 51 59 18 88 81 60 28 87 61 91 92 57 89 90 68 74 88
91 57 60 99 3 70 52 34 73 50 42 32 9 13 69 74 37 8 69 90 66 98 10 71 56 16 7 97 66 59 3 19 85 85 2 29 9 72 41 29 17 75 98 49 61 53 77 44 8 30 64 89 3 85 60 74 44 26 49 89 36 9 55 52 93 48 59 67 19 25 30 77 5 33 14 31 51 64 53 10
34 82 84 55 27 16 20 36 12 11 21 91 100 8 41 90 39 57 94 100 57 40 66 81 78 65 37 23 93 55 4 1 18 44 69 48 24 97 44 53 28 29 42 98 29 75 69 23 71 100 54 28 86 80 40 92 35 18 95 90 55 3 1 2 10 35 82 65 85 82 52 19 57 20 63 99 30 81 84 86
