20 80
21 16 61 62 24 27 11 45 51 53 10 75 72 1 20 33 17 34 43 4 58 14 26 29 46 39 44 15 37 73 22 49 9 31 71 79 28 13 64 47 69 36 32 3 66 74 65 70 50 40 63 59 60 12 23 56 6 57 8 0 48 5 19 41 38 77 7 55 2 68 35 52 42 76 25 18 78 67 30 54
0 15 63 9 11 74 21 44 27 64 49 2 12 65 18 43 10 78 38 54 62 77 70 28 35 17 46 32 40 42 30 57 60 3 61 23 76 26 4 19 36 24 48 55 37 16 50 13 39 51 75 5 31 53 34 71 33 25 72 41 69 52 6 29 67 20 14 68 47 59 45 56 58 66 7 73 1 8 22 79
64 65 76 53 10 17 24 16 62 60 15 78 20 5 73 59 23 51 31 69 33 55 25 1 41 37 4 26 8 44 79 14 77 75 46 56 58 67 39 66 71 0 3 72 6 13 11 40 57 34 61 38 18 29 48 21 2 63 68 36 22 50 7 12 54 27 28 19 30 49 52 74 70 9 32 43 47 35 42 45
9 1 46 25 58 62 68 73 56 54 66 7 24 12 33 76 4 40 16 11 77 75 38 32 19 71 74 63 55 20 28 37 69 39 31 5 65 22 6 0 13 72 27 42 36 79 60 29 78 10 21 67 52 57 53 59 50 30 35 48 47 61 44 17 49 34 8 23 64 70 45 3 2 51 26 18 43 41 14 15
61 40 30 67 36 21 78 47 56 76 1 4 37 66 18 75 27 10 22 65 57 0 16 51 63 9 26 45 2 49 64 74 12 68 48 43 6 58 60 52 69 54 7 19 44 14 50 34 77 31 20 59 55 42 72 79 38 29 23 3 62 25 46 39 8 5 33 41 28 53 24 11 35 70 32 13 71 15 73 17
5 34 4 71 28 29 11 21 43 50 73 32 22 78 17 66 39 23 65 54 8 15 64 6 3 45 48 49 55 14 31 9 24 70 52 75 77 59 46 51 69 62 25 2 10 56 35 20 76 79 72 7 58 44 42 37 12 68 0 30 63 18 60 26 40 27 16 1 74 47 67 61 13 36 53 38 19 33 57 41
55 10 22 44 79 65 11 7 29 53 47 18 60 56 71 30 13 25 68 51 17 46 39 42 14 59 36 64 58 45 63 34 43 6 2 73 9 20 41 54 1 15 67 38 8 16 3 27 28 66 78 37 33 32 19 49 21 4 26 24 31 52 50 48 70 23 76 57 74 62 77 69 75 35 0 12 61 72 5 40
7 32 10 27 33 44 47 75 16 4 3 69 1 39 49 5 64 52 0 70 59 18 53 15 79 31 28 20 11 54 25 14 40 9 6 74 51 35 45 77 67 43 76 22 42 30 78 73 37 58 8 50 23 38 61 68 41 71 26 56 66 34 13 57 36 29 63 65 21 2 12 55 62 17 24 72 46 60 48 19
8 28 60 43 37 34 11 79 33 46 38 30 57 13 4 36 1 65 63 59 52 67 68 58 15 18 29 19 69 47 20 73 7 72 40 49 0 2 3 17 39 32 76 24 56 77 53 16 23 10 41 71 12 26 9 6 14 70 45 61 27 31 55 21 54 78 66 74 48 50 35 44 51 22 42 5 62 25 75 64
52 0 15 34 45 25 68 53 50 5 44 12 61 59 57 35 18 26 62 75 58 72 64 10 67 6 65 48 19 74 32 16 11 28 56 13 14 9 78 79 40 51 27 17 77 43 24 54 42 33 49 29 70 55 8 21 60 39 3 38 71 46 63 22 47 76 2 31 73 66 4 1 41 36 20 7 23 69 37 30
2 73 38 49 59 28 60 11 63 13 40 61 62 37 31 57 18 46 22 68 48 21 27 42 69 43 74 75 66 71 1 5 44 70 9 39 33 35 72 8 45 54 56 4 26 41 17 67 24 25 16 51 30 23 6 53 15 65 0 50 20 64 77 55 78 10 19 32 3 29 36 52 7 47 34 79 12 14 76 58
71 66 40 79 47 59 69 18 31 77 54 42 57 73 67 27 68 49 62 2 28 22 20 10 56 72 75 50 1 51 58 33 21 41 25 30 12 17 3 63 53 48 39 65 34 61 45 6 70 44 26 64 46 19 37 36 4 13 76 43 16 8 55 29 9 78 11 23 35 7 74 24 0 15 14 5 52 32 38 60
12 22 66 72 9 67 16 29 39 4 6 70 20 48 35 55 32 34 42 65 57 37 43 1 23 56 31 52 53 78 47 45 5 36 30 26 69 46 17 44 49 21 75 14 77 64 2 41 76 0 38 58 25 3 11 7 79 28 15 74 40 27 62 63 19 50 24 71 68 10 59 13 33 8 60 54 18 73 61 51
18 77 64 9 23 12 57 32 10 39 22 29 72 5 27 62 79 17 54 75 43 8 40 35 59 34 24 66 21 33 19 53 41 47 51 50 67 15 37 71 63 31 68 69 28 73 26 56 55 3 46 14 48 65 49 4 6 0 11 74 1 30 78 13 7 70 61 36 42 44 58 60 16 20 45 38 52 25 76 2
10 19 56 16 67 12 4 43 22 79 54 59 77 65 32 53 5 17 29 3 28 60 39 23 11 35 37 31 24 62 7 13 9 75 8 44 61 55 38 78 52 6 45 40 30 42 36 20 33 47 34 69 70 46 2 25 50 58 72 71 18 49 74 63 66 21 68 73 1 64 27 48 15 76 26 51 41 57 14 0
54 0 15 3 34 62 4 43 10 66 52 50 74 24 73 77 21 37 39 26 29 71 60 2 47 65 57 55 75 12 22 40 78 30 20 17 5 64 67 59 23 48 11 63 7 13 31 51 19 79 41 70 72 27 8 33 6 25 46 32 76 45 68 1 9 42 44 49 36 56 14 35 16 18 53 38 69 61 58 28
48 13 41 27 4 28 76 18 78 26 59 39 44 51 38 35 66 19 40 0 32 55 52 6 25 56 45 16 42 30 3 72 54 20 22 53 63 7 23 62 2 50 70 37 24 1 74 69 14 34 79 77 68 17 61 29 60 47 5 10 46 9 8 75 11 57 49 36 15 43 73 12 64 67 31 21 58 71 65 33
34 16 19 77 11 4 38 33 31 42 2 57 74 6 37 50 27 58 73 12 61 45 66 71 79 43 20 7 14 54 63 39 25 23 44 28 40 49 10 47 70 36 78 67 55 46 13 75 26 21 59 5 53 48 51 15 69 0 62 30 22 3 60 8 56 64 1 17 35 32 24 65 68 9 41 76 18 72 29 52
64 71 32 4 48 33 77 69 20 76 43 58 1 22 39 13 16 75 60 28 45 14 54 37 36 18 65 41 3 30 73 47 9 42 63 62 25 67 70 52 56 50 44 31 27 74 68 19 72 26 6 5 66 24 61 7 23 21 8 79 46 11 35 17 29 2 38 53 0 57 51 10 78 12 55 49 40 34 15 59
19 4 73 67 55 76 29 12 47 2 20 34 71 64 43 18 58 68 3 1 16 51 26 28 0 6 25 44 15 50 77 7 24 57 38 70 59 72 65 5 60 42 32 54 17 33 66 78 61 69 39 21 53 63 31 40 22 35 14 48 74 49 10 37 13 56 9 41 36 79 62 27 23 75 8 30 45 52 46 11
40 5 66 31 50 27 68 72 97 65 71 76 27 29 66 15 56 46 53 51 76 94 68 76 83 52 81 53 59 11 2 66 17 83 9 10 28 1 49 60 7 38 90 21 49 43 67 39 23 1 59 39 73 23 21 41 77 33 63 66 28 75 91 16 21 36 5 57 88 21 37 41 19 73 79 59 58 86 11 30
56 5 72 29 79 11 48 93 77 65 24 96 31 42 20 5 6 6 67 94 51 47 46 23 33 42 87 68 13 98 22 25 81 43 4 11 64 27 9 42 58 54 32 24 48 78 80 94 33 22 61 80 28 32 99 38 17 35 96 64 98 23 64 97 59 56 79 45 93 44 16 69 21 31 2 62 88 40 92 3
91 25 86 98 33 19 36 30 13 74 35 12 21 42 32 45 80 63 33 34 50 12 58 22 45 73 22 25 38 56 86 96 33 50 52 31 44 99 27 56 83 61 96 27 75 90 86 88 83 94 66 11 62 13 46 77 96 43 65 70 100 63 10 68 38 76 95 64 47 73 100 88 82 15 100 57 74 27 87 68
3 43 49 86 28 28 98 29 46 3 15 56 10 3 53 97 95 8 14 12 92 31 95 94 53 68 95 34 92 92 19 25 95 90 11 35 16 91 54 55 64 67 93 11 6 15 77 16 93 40 46 4 47 46 61 25 98 8 41 94 64 39 28 17 42 71 83 75 14 82 29 92 92 63 56 83 28 12 6 100
16 71 84 55 67 80 89 42 52 31 57 63 92 13 85 41 75 44 25 77 87 62 50 9 46 51 70 61 73 62 77 40 58 31 37 77 47 40 22 60 89 61 100 79 89 57 5 100 76 74 43 77 97 21 63 73 20 99 66 52 17 70 63 82 55 5 41 71 70 63 3 53 63 78 50 82 38 48 38 23
59 99 62 77 54 24 22 55 18 85 28 21 36 100 18 47 69 49 58 9 56 32 51 1 62 3 50 81 15 96 3 43 65 55 1 11 14 84 2 81 25 54 74 9 42 26 34 4 6 77 59 11 77 96 49 93 64 55 22 32 84 76 11 49 71 27 91 96 64 94 13 9 99 25 22 9 14 21 27 47
60 68 97 82 3 97 3 70 68 31 11 51 48 18 9 47 65 29 96 34 97 83 99 2 55 96 24 98 62 96 12 90 72 35 56 83 1 65 21 38 74 60 29 31 43 25 23 3 99 92 96 90 39 28 53 55 47 17 79 35 78 92 26 94 3 54 65 9 53 99 2 66 13 27 45 74 38 92 99 94
10 68 13 98 9 28 12 60 55 5 30 31 12 31 56 47 89 17 22 51 94 63 100 42 67 5 22 36 69 34 71 29 95 86 94 49 35 56 97 31 27 76 90 2 13 16 16 16 85 52 1 46 9 14 98 20 31 91 10 1 75 66 5 64 56 82 68 12 58 61 41 66 85 58 61 95 95 46 80 24
36 79 94 89 24 99 19 84 89 61 17 35 35 38 89 20 97 42 76 12 90 83 26 51 78 85 97 98 84 14 48 53 3 61 7 10 72 30 11 83 26 53 23 73 37 83 32 62 64 18 12 37 50 32 52 71 8 92 60 43 18 78 49 2 92 79 22 86 19 76 6 14 83 67 44 67 28 13 59 7
88 54 72 54 8 14 99 51 74 56 35 75 2 90 88 74 3 94 7 62 72 42 81 37 11 16 28 99 37 36 83 37 14 83 84 60 36 100 27 73 65 78 91 99 99 2 8 91 61 89 54 42 81 82 20 13 67 98 11 7 71 22 33 71 87 78 4 99 10 57 3 81 18 65 59 64 92 9 56 6
73 98 62 62 72 45 98 87 89 19 49 13 25 38 84 64 93 27 69 37 98 48 31 87 66 100 54 98 81 16 65 32 75 27 18 37 10 60 94 33 16 81 32 51 95 30 52 28 27 24 39 14 12 36 42 83 56 27 65 3 45 44 63 73 11 73 86 75 98 27 23 46 68 55 21 59 17 44 45 14
49 60 22 51 41 51 99 86 58 91 48 99 97 93 77 82 91 33 56 56 3 75 59 43 97 85 89 6 56 98 91 92 26 80 11 32 87 23 24 3 76 70 29 57 74 2 91 14 97 5 15 54 66 50 61 60 98 38 57 23 22 52 82 22 82 78 93 90 57 28 57 8 71 51 40 27 44 41 13 42
84 4 98 52 79 51 5 95 100 74 19 72 6 77 8 62 8 74 95 24 18 47 9 88 5 59 79 89 100 58 30 79 1 53 14 32 89 39 60 5 50 91 56 88 34 20 17 62 32 53 79 59 96 95 54 85 7 98 18 90 21 72 23 78 12 10 78 52 19 54 74 32 10 4 22 93 58 81 11 64
21 72 4 56 64 44 26 18 11 32 90 63 56 55 11 26 33 38 63 58 59 11 48 4 90 38 93 73 39 76 48 100 23 100 77 69 50 82 25 81 21 32 61 74 96 45 80 71 39 78 63 37 94 53 44 90 11 23 28 63 52 7 7 55 72 32 18 60 69 34 77 38 20 7 6 25 74 6 14 70
94 100 42 74 82 12 36 35 86 16 78 53 21 87 46 26 70 2 35 40 2 55 16 56 41 23 48 2 1 33 80 81 25 33 100 83 30 95 47 44 30 65 13 85 41 82 80 40 91 98 82 40 4 44 9 50 79 84 71 94 46 54 15 37 45 92 43 16 87 42 98 87 64 61 86 7 12 72 50 13
84 88 40 69 33 78 46 73 18 76 86 44 26 62 34 88 89 44 33 79 65 48 25 82 61 9 28 8 67 71 3 57 21 46 59 73 12 98 89 23 77 50 65 54 8 24 20 98 56 80 62 87 79 22 24 66 3 17 97 40 29 52 45 58 45 19 67 16 2 60 9 11 100 56 92 32 29 34 47 90
89 89 66 70 79 85 63 3 95 67 79 88 12 25 7 43 39 13 34 8 3 85 37 81 21 70 61 88 35 39 80 15 4 66 26 56 71 58 21 56 85 74 83 29 54 9 38 96 83 74 59 34 60 28 24 69 57 13 25 60 25 33 77 5 52 95 62 29 17 65 48 83 4 31 77 69 46 74 25 54
61 39 54 100 31 52 86 7 92 79 63 6 88 33 41 15 92 88 1 86 51 44 48 5 77 92 98 71 4 84 21 18 33 23 71 63 96 3 77 60 59 39 49 91 71 75 21 19 43 17 4 33 38 55 66 93 45 87 78 33 12 71 8 41 87 15 94 74 13 53 31 16 84 50 3 38 58 30 96 2
16 78 14 1 22 35 32 10 25 68 26 23 44 62 25 70 53 70 21 36 27 60 35 88 57 13 64 80 2 29 60 47 45 56 80 33 48 77 37 75 16 66 86 73 54 40 14 22 11 12 26 63 68 49 4 64 14 59 15 60 43 33 10 53 87 17 8 73 69 100 55 22 50 23 16 27 60 50 6 35
69 4 18 65 10 4 96 96 77 95 70 31 5 87 32 13 93 100 50 73 35 15 68 10 70 17 72 15 61 5 1 32 62 81 38 38 72 66 47 76 40 66 20 64 84 8 30 51 92 6 30 54 24 7 6 94 78 41 13 74 36 37 63 30 33 91 10 94 94 44 85 47 58 19 100 7 64 48 75 70
