20 80
32 41 70 78 60 11 44 45 23 10 21 56 53 68 34 9 1 8 5 74 57 18 17 13 20 64 25 26 37 47 59 15 27 7 72 35 3 19 54 33 31 30 58 49 55 14 46 76 0 29 77 2 16 65 39 42 22 50 24 28 79 12 40 73 38 36 62 48 52 43 69 51 66 61 63 75 71 6 67 4
70 1 76 75 51 41 46 29 45 35 71 7 2 14 55 48 73 13 25 11 27 4 38 18 44 57 78 3 0 6 24 30 16 56 47 34 62 54 8 22 74 58 72 60 64 65 32 50 20 37 43 49 59 26 19 9 68 77 66 21 69 23 28 63 53 40 5 17 42 39 79 31 52 10 15 67 36 12 61 33
39 48 6 52 33 37 31 23 63 27 17 11 22 44 58 32 19 50 24 41 62 68 49 54 29 13 65 72 7 16 57 74 51 12 64 56 5 46 67 70 25 1 60 71 75 47 9 76 2 43 0 36 8 42 14 26 34 69 28 55 53 30 21 78 18 35 38 66 20 4 77 3 73 40 10 15 45 61 59 79
53 54 1 0 65 10 5 3 23 8 47 34 77 29 33 70 51 57 19 43 32 41 64 50 74 44 18 13 9 12 6 62 31 11 61 48 28 14 30 73 20 66 21 24 52 59 2 78 38 58 25 72 27 17 46 35 37 22 76 4 55 45 67 79 68 75 40 60 63 7 49 69 39 42 71 16 36 15 56 26
13 68 8 40 0 17 26 37 35 30 45 14 7 39 43 47 49 66 62 41 29 69 24 59 71 31 58 21 6 56 15 55 12 3 60 64 36 53 70 27 28 33 74 9 79 57 44 77 42 50 72 63 34 67 48 18 11 65 76 38 51 54 20 16 23 25 46 4 78 61 75 22 19 1 73 2 10 32 52 5
19 52 46 22 79 75 29 71 73 69 9 31 56 7 24 23 4 54 61 5 50 78 15 37 2 43 0 49 28 17 65 58 18 41 74 33 27 70 3 60 72 34 36 76 57 45 14 1 67 16 47 53 21 44 55 26 35 48 66 6 77 10 38 51 63 30 42 32 12 25 64 39 13 62 8 59 11 68 20 40
15 33 54 76 62 28 48 19 59 56 8 42 32 20 34 29 25 66 73 9 17 45 74 72 30 11 22 50 43 78 27 58 39 26 69 49 36 23 60 57 13 2 0 53 47 1 14 77 7 64 51 35 21 67 41 75 6 4 71 40 12 65 18 37 3 70 10 38 61 79 52 24 16 46 44 31 55 68 63 5
77 32 68 10 35 2 16 29 55 31 23 28 51 58 39 70 9 19 4 56 1 53 7 41 37 60 61 33 26 62 45 59 17 36 46 72 43 6 22 42 44 12 65 14 52 30 69 67 40 78 21 79 34 3 73 13 54 47 27 74 5 18 57 24 38 0 76 50 11 25 63 66 20 49 48 8 71 15 64 75
2 26 73 76 14 22 28 38 62 57 52 79 16 42 0 31 74 55 72 5 21 36 43 4 41 63 46 71 7 19 18 39 35 67 50 20 68 58 75 48 53 64 10 15 3 29 59 17 9 69 49 70 54 77 32 51 44 1 23 61 47 33 34 13 11 27 65 12 24 6 30 66 56 40 25 37 45 60 8 78
6 24 22 31 1 25 2 35 67 70 8 40 71 62 20 50 19 74 39 3 66 28 65 12 47 68 60 49 53 75 64 73 51 46 58 78 57 55 76 61 5 17 18 56 77 29 69 79 52 54 41 14 36 42 33 13 16 72 26 38 23 9 11 44 48 34 27 7 63 43 0 30 45 10 59 4 37 32 15 21
50 73 38 41 29 52 44 11 9 1 54 57 51 53 42 21 20 10 33 24 67 69 63 28 26 74 77 46 37 32 64 79 19 5 49 47 0 13 58 6 16 70 34 45 48 18 76 72 36 12 56 27 25 3 66 17 55 7 61 23 68 62 65 60 43 22 14 8 35 4 75 31 15 39 71 30 2 40 78 59
50 78 14 65 63 36 72 30 4 75 73 66 48 13 17 28 8 69 44 3 45 12 23 41 62 79 54 38 77 56 29 52 67 58 46 42 20 18 60 35 22 7 6 64 27 1 43 40 15 59 10 37 57 5 31 2 76 53 49 26 71 19 74 21 70 32 33 0 9 11 55 16 24 39 47 34 61 51 68 25
24 45 49 76 22 38 60 37 4 3 31 40 10 56 79 16 77 32 46 7 27 53 48 25 54 66 73 59 67 43 21 26 68 61 78 13 33 58 35 44 71 74 0 39 17 36 42 64 47 75 19 41 6 2 14 18 23 1 63 30 50 65 5 11 52 29 70 12 9 62 57 28 34 15 51 72 55 69 8 20
75 22 32 79 13 5 55 69 3 51 43 68 70 64 37 10 7 78 34 71 27 4 38 18 50 20 17 26 46 45 60 29 58 2 54 44 42 67 14 63 39 35 65 57 72 61 19 41 74 28 23 48 56 12 49 6 40 62 53 24 30 8 76 52 9 36 16 15 77 73 66 31 11 0 21 59 1 25 47 33
1 28 53 48 31 57 45 61 74 64 26 8 21 70 47 79 6 25 24 52 76 27 55 34 50 30 54 29 60 39 71 32 2 73 43 4 11 46 63 40 78 51 10 38 33 72 7 75 0 68 59 20 58 67 77 18 62 14 22 12 37 35 56 44 42 19 3 23 5 36 41 16 66 17 9 65 49 15 69 13
73 62 2 49 65 29 52 64 69 56 59 12 74 15 78 14 48 18 36 60 10 13 76 42 43 50 79 26 54 17 31 6 7 24 72 53 61 63 58 66 8 30 68 33 70 0 75 4 51 19 28 1 45 32 20 46 3 16 41 71 9 57 5 27 22 38 37 11 47 25 40 55 34 35 67 77 44 21 39 23
17 22 8 43 76 3 2 14 74 27 53 65 19 63 25 42 24 33 69 12 32 54 72 10 71 61 18 21 62 77 11 60 36 73 6 48 1 20 26 9 46 7 29 34 51 70 15 58 41 79 39 75 38 47 66 49 56 4 59 31 0 45 44 37 68 67 52 5 64 40 13 57 28 16 55 78 35 50 30 23
11 58 53 17 21 42 0 36 7 65 76 52 27 2 10 61 60 8 32 3 71 26 24 73 35 64 4 46 72 69 29 54 44 68 49 77 78 79 31 45 16 63 25 13 18 34 50 6 14 9 48 43 15 12 22 5 41 67 59 56 39 70 30 47 75 1 33 74 51 40 38 37 55 20 57 19 62 28 66 23
34 36 76 67 47 32 43 38 78 68 13 70 61 54 29 52 28 41 73 17 19 6 63 79 24 69 62 23 65 4 2 30 66 8 51 49 15 75 46 35 72 60 55 10 26 0 5 18 59 9 53 20 1 56 11 64 3 50 31 45 37 16 21 40 71 42 7 27 14 22 44 25 58 77 48 12 33 39 57 74
11 49 21 20 23 37 42 33 79 50 76 28 1 31 61 4 47 16 39 2 29 13 32 60 14 68 67 74 53 72 54 30 40 41 43 9 71 62 36 73 22 70 66 8 35 55 38 3 78 18 7 27 12 24 15 6 64 45 46 5 48 52 65 69 0 51 63 10 26 25 77 56 57 58 59 17 34 19 44 75
87 95 35 94 80 93 8 94 16 16 58 32 33 11 3 78 36 67 84 37 9 90 5 98 59 43 59 17 41 65 30 71 11 83 95 12 65 82 32 67 77 31 69 61 73 39 47 64 51 53 67 29 84 97 56 29 45 96 90 28 57 94 41 32 21 74 44 32 33 42 13 49 4 40 98 97 44 79 57 85
66 42 20 69 84 26 29 63 28 49 62 20 70 41 94 16 4 39 59 14 68 53 3 66 98 9 65 89 41 86 66 44 74 24 76 14 85 34 31 46 25 94 68 42 80 39 52 76 55 2 96 72 67 55 74 74 32 81 21 49 33 60 56 8 39 45 95 69 30 8 28 41 87 58 78 37 70 77 79 53
44 70 50 60 7 86 77 54 84 50 15 68 26 27 15 47 72 92 88 90 37 26 30 46 15 4 69 31 20 19 45 28 85 51 50 95 22 46 38 83 99 31 43 30 80 88 52 45 59 26 33 18 11 16 36 63 23 49 59 59 2 50 81 81 34 55 26 66 12 65 7 60 67 5 50 16 32 86 12 73
16 94 28 41 30 22 76 86 9 61 83 30 64 68 66 5 36 74 12 76 98 53 37 98 75 10 61 15 17 54 10 19 86 93 53 94 45 37 26 93 56 70 24 94 86 25 28 30 97 34 95 79 57 94 56 78 18 26 7 52 8 15 35 88 96 25 8 64 92 4 4 13 23 29 72 5 33 42 77 73
49 26 43 29 43 90 5 79 33 73 2 76 81 14 46 62 84 38 70 26 50 39 48 16 52 98 2 10 31 70 83 27 6 59 13 42 69 87 64 76 50 27 32 37 51 39 37 4 93 8 41 98 76 51 32 45 47 52 44 34 80 86 50 64 68 55 90 34 62 36 10 36 37 17 88 37 61 67 10 7
55 67 51 28 91 49 83 30 70 7 65 37 47 3 36 14 37 67 28 5 14 45 78 82 37 50 56 31 92 15 76 47 45 78 59 96 97 98 25 68 35 51 64 74 42 81 35 40 10 96 34 84 31 72 18 98 18 95 24 60 44 55 81 1 44 63 85 100 31 26 17 32 86 98 37 66 33 17 76 86
80 46 8 87 34 6 91 29 11 33 88 13 76 22 33 93 100 48 81 13 81 84 61 52 74 89 6 86 85 57 35 98 81 11 96 41 43 69 40 68 44 79 54 50 53 45 20 50 82 71 98 55 48 65 38 41 51 31 8 21 96 94 72 83 91 70 19 26 88 2 45 66 9 96 31 56 13 58 92 92
69 38 33 45 66 3 99 1 18 52 66 39 24 62 96 44 4 73 74 59 53 83 30 76 4 25 62 92 48 14 35 35 4 18 99 4 23 85 4 98 68 19 33 55 40 88 89 79 2 35 46 83 90 24 23 58 75 33 87 54 4 96 77 87 65 87 49 35 52 51 45 98 7 15 63 63 20 33 7 58
50 86 81 58 16 75 71 75 18 40 80 22 35 10 71 24 14 1 32 59 9 28 2 96 92 79 62 43 61 58 34 14 11 67 86 22 14 27 7 15 85 68 67 51 2 71 10 44 74 96 12 11 21 77 87 73 56 78 95 84 10 65 77 34 71 3 91 20 12 72 26 27 68 71 10 38 66 41 34 88
1 70 71 21 45 46 11 59 37 15 96 80 91 72 3 85 35 85 14 28 73 15 94 100 29 87 65 52 88 17 25 3 73 96 44 45 19 2 58 58 56 86 3 57 31 53 47 22 94 59 27 20 90 31 4 78 69 64 21 5 72 84 7 32 44 33 21 27 5 29 34 30 44 83 55 26 100 74 36 61
98 72 74 10 48 76 7 19 52 35 84 8 77 9 86 50 25 49 57 35 25 89 19 81 55 66 93 55 66 99 60 65 90 90 9 86 91 14 80 7 44 27 87 58 68 90 47 3 2 84 67 62 85 92 94 5 60 29 100 60 23 80 40 9 61 81 44 18 79 58 72 89 97 22 20 55 12 64 52 17
18 89 20 50 99 81 63 74 81 54 5 91 38 45 85 87 6 38 64 68 13 75 49 45 83 77 64 33 15 31 49 70 17 9 8 45 68 61 90 40 40 65 54 51 53 41 82 78 56 81 76 11 20 51 71 39 77 96 72 81 59 24 25 19 25 2 10 76 81 22 7 12 40 2 75 45 58 24 48 18
83 7 34 86 52 50 67 10 60 93 33 19 8 23 49 90 81 68 66 33 96 89 41 82 20 85 85 12 40 74 45 72 91 80 78 36 75 59 65 98 17 94 64 6 13 52 65 48 13 53 43 3 5 55 26 96 60 74 50 86 52 45 44 93 92 31 95 22 68 69 45 8 72 58 39 49 61 48 32 74
93 85 87 50 51 63 41 32 73 12 11 3 53 39 19 83 47 9 36 52 67 28 73 73 86 19 99 22 37 37 58 77 81 79 67 80 72 50 98 67 88 46 56 44 88 12 59 46 93 32 71 63 62 32 68 43 16 50 14 14 32 52 68 81 20 49 73 77 29 25 99 10 35 7 60 20 36 65 81 59
96 13 61 49 21 3 61 58 36 40 79 56 68 39 74 20 16 31 64 66 68 7 18 36 43 20 83 84 2 74 9 11 13 76 26 52 36 8 83 84 34 37 34 81 4 14 85 20 57 72 65 71 88 6 57 71 1 87 67 43 31 39 37 49 84 55 20 54 86 82 53 20 57 73 57 5 76 88 60 72
60 86 53 64 80 93 55 99 26 45 66 64 20 95 27 44 67 73 49 49 38 81 5 49 28 44 55 96 83 7 76 87 27 62 93 86 35 62 3 22 49 36 100 13 97 28 13 58 57 15 61 27 28 45 14 6 50 25 62 38 55 29 38 72 53 76 13 7 23 89 68 83 14 71 17 39 12 9 92 28
12 5 96 48 42 68 46 79 15 98 26 69 7 95 24 71 33 40 21 7 52 57 55 23 69 43 22 83 85 88 11 17 6 19 6 76 89 24 92 64 9 28 30 92 46 10 97 41 8 6 22 51 73 18 95 8 7 67 92 15 75 30 91 52 48 58 93 70 32 52 22 67 25 92 51 61 56 50 67 90
7 75 31 19 73 56 52 41 50 11 41 50 47 70 79 32 53 3 54 58 48 72 27 86 98 71 40 88 91 45 52 91 5 100 35 24 4 12 71 54 49 71 15 31 46 25 92 65 78 83 1 80 81 79 44 28 21 63 74 19 55 9 16 26 84 96 83 85 2 65 33 94 1 50 77 15 85 97 78 4
23 15 87 74 40 47 62 94 66 72 20 63 99 26 40 61 23 8 40 73 7 61 55 90 90 42 50 5 77 78 59 46 39 27 42 37 25 34 6 2 83 54 61 95 4 2 22 28 23 20 46 19 40 98 10 67 18 46 68 15 30 58 1 92 30 72 40 83 94 98 62 69 60 83 71 20 21 50 87 33
80 49 99 15 3 16 80 44 3 60 68 60 9 82 83 84 57 73 93 17 31 92 4 71 54 31 72 33 76 88 20 29 39 24 21 14 2 25 87 78 65 60 25 52 40 79 74 23 68 22 78 63 92 98 11 54 28 42 63 42 14 57 28 95 24 9 32 54 40 65 11 26 72 37 53 96 3 40 44 25
