20 80
58 26 65 50 73 68 6 7 32 27 30 74 69 40 47 3 52 44 57 10 72 36 11 28 18 24 42 53 13 63 48 14 55 31 33 2 16 59 60 79 4 23 0 35 67 51 8 1 78 41 29 56 66 46 71 5 19 61 43 20 39 76 64 9 12 62 77 17 38 15 54 22 34 25 75 21 70 49 45 37
71 14 17 60 79 5 0 78 73 11 18 27 12 2 77 10 32 26 28 46 40 16 62 52 54 31 13 33 39 61 22 63 3 45 49 30 4 37 55 56 24 70 66 58 7 41 9 65 57 19 48 8 44 47 59 34 76 20 42 35 38 68 29 75 25 69 21 43 15 53 51 74 67 36 64 72 6 23 50 1
50 4 38 28 44 53 7 73 54 5 22 79 33 39 3 67 8 36 2 68 11 27 46 13 74 65 71 70 21 75 69 48 14 0 57 52 18 10 6 16 63 34 24 58 42 59 51 60 12 31 62 76 30 15 1 56 64 23 61 26 29 72 25 9 19 32 49 43 45 40 37 66 47 20 55 35 17 41 77 78
49 41 5 31 68 36 43 28 6 11 24 73 35 39 21 37 13 79 40 46 65 22 58 60 57 8 77 1 59 50 3 48 23 51 76 29 42 66 27 0 55 10 9 16 38 69 19 7 45 56 52 2 30 4 20 26 64 34 15 61 14 12 53 72 25 54 67 33 62 17 75 32 18 70 63 74 47 78 71 44
53 70 21 46 10 16 4 0 42 45 7 76 23 30 47 61 34 26 78 58 63 66 33 17 39 27 8 6 14 40 48 62 69 55 64 74 73 35 51 41 9 22 57 36 29 5 56 54 19 32 25 28 11 60 18 59 75 44 1 38 79 50 43 49 71 24 77 2 15 68 12 65 20 3 52 31 37 13 72 67
74 60 29 42 70 49 44 32 77 73 64 37 23 31 20 0 17 12 4 7 76 51 45 16 30 52 75 25 56 62 38 67 3 8 27 47 19 69 6 2 35 78 10 65 21 24 33 1 79 55 5 61 9 18 53 58 43 36 63 68 26 14 71 59 41 72 50 48 54 28 22 57 15 40 13 11 34 66 46 39
61 76 78 3 58 38 17 48 74 10 13 73 44 63 79 67 59 37 36 43 30 42 0 4 19 64 26 2 47 21 27 71 57 60 31 45 53 77 25 33 7 5 35 56 28 1 40 9 32 22 66 65 34 75 69 68 46 29 39 62 24 11 54 49 50 72 15 23 51 20 6 8 52 16 70 41 18 12 55 14
39 0 20 3 45 65 78 37 10 59 26 56 16 24 58 4 29 33 1 35 7 76 43 68 14 40 73 15 31 48 8 72 71 47 64 11 54 75 13 70 36 28 55 77 12 63 67 44 22 17 66 42 6 61 49 41 46 60 19 50 34 62 18 79 30 21 9 32 25 23 57 2 27 53 52 51 5 69 74 38
23 20 44 25 74 11 53 75 36 71 68 57 28 2 32 8 39 76 15 60 55 17 47 72 27 5 40 12 10 30 19 51 1 58 42 22 3 37 48 45 26 49 61 70 79 21 41 77 54 56 18 6 16 24 7 64 43 50 78 35 62 14 65 34 0 29 66 38 4 59 52 69 67 31 13 73 9 63 46 33
40 37 79 4 75 7 33 50 9 5 43 10 19 17 39 14 46 18 2 70 44 72 12 35 69 38 23 21 8 32 48 78 65 61 63 25 66 49 11 1 67 56 55 45 58 34 60 3 20 77 47 41 71 26 28 68 51 62 42 13 31 59 16 76 30 52 6 0 74 73 57 15 64 36 29 24 54 53 27 22
60 53 66 73 10 65 24 43 62 4 56 64 79 48 6 28 39 23 25 32 36 22 46 70 35 74 1 9 76 21 69 17 27 75 68 19 72 31 20 77 57 71 59 0 5 52 55 26 51 50 78 38 14 58 49 37 33 67 40 3 63 30 18 12 42 45 61 13 11 47 16 7 8 15 2 41 44 29 34 54
72 30 66 63 67 25 46 5 76 43 12 74 39 61 56 11 75 26 77 78 15 16 53 60 73 42 28 59 35 70 20 14 7 18 68 23 10 33 13 55 51 40 27 3 37 41 24 8 50 17 57 62 52 34 44 71 6 19 69 2 0 48 22 54 32 65 64 1 4 9 29 45 49 47 58 31 38 36 79 21
31 73 46 67 14 11 6 35 30 70 40 63 66 44 36 10 8 43 26 47 61 37 59 64 54 38 52 15 25 23 55 13 69 0 65 3 56 33 19 22 16 18 12 53 32 29 74 39 42 17 21 1 79 27 9 58 41 76 68 49 28 7 5 62 24 77 45 51 57 48 50 60 2 78 75 34 20 4 71 72
67 55 1 72 60 62 44 59 12 48 10 32 63 0 22 58 61 40 16 54 57 15 42 39 9 53 65 31 4 38 2 17 79 3 27 41 18 11 78 30 20 37 77 51 43 13 75 49 6 21 45 26 34 50 47 76 68 69 71 64 24 7 46 56 35 66 8 28 14 19 29 74 73 36 25 23 70 33 5 52
72 77 1 61 33 41 65 43 50 58 29 36 11 7 16 28 39 13 78 64 66 63 62 19 79 47 42 53 44 40 2 23 57 67 54 35 20 26 18 56 4 60 24 25 52 69 38 8 73 27 10 51 15 22 37 74 55 68 0 3 21 59 14 6 48 12 75 17 5 71 30 34 70 32 49 46 45 31 76 9
47 32 36 24 69 13 48 35 61 56 44 52 63 17 0 28 34 75 49 65 27 42 79 5 22 74 76 77 55 53 6 46 26 43 14 23 68 70 2 25 71 64 10 45 11 72 60 9 4 50 54 51 3 18 40 15 30 33 19 59 41 7 58 21 38 37 78 73 8 16 31 62 66 12 67 29 20 39 57 1
7 70 69 73 22 33 43 16 57 39 3 41 65 71 28 37 54 63 17 2 15 55 56 1 34 75 47 67 72 51 11 79 0 9 8 21 52 29 20 48 5 66 59 6 27 12 61 23 62 44 68 31 13 64 50 53 49 45 76 4 24 36 14 30 58 35 46 77 32 60 42 10 78 26 19 25 38 40 74 18
50 28 17 20 72 35 59 33 66 29 5 13 6 27 52 41 68 34 32 43 62 26 51 9 16 30 11 73 54 45 77 38 49 18 64 47 42 78 46 1 57 19 70 24 63 71 22 56 53 40 67 10 25 21 74 79 61 31 75 55 69 4 76 48 14 37 12 15 60 58 0 7 44 2 39 8 36 3 65 23
74 63 22 70 49 20 16 33 26 35 5 8 75 52 65 76 66 47 6 10 62 46 58 67 13 44 40 0 77 34 36 14 21 71 23 42 55 15 31 56 32 54 24 72 9 41 4 30 37 29 73 1 79 2 60 69 7 53 38 27 39 48 45 3 25 43 18 68 12 51 11 64 19 57 50 17 61 28 59 78
62 32 75 2 18 22 63 4 69 41 72 37 65 43 46 9 51 66 29 71 35 34 5 12 54 58 31 14 1 56 33 36 49 39 70 3 38 15 50 57 67 21 73 77 7 19 53 76 60 47 27 8 68 10 42 13 45 17 64 55 20 25 61 74 40 48 30 44 28 23 24 0 26 11 52 59 78 79 16 6
49 16 84 54 92 60 20 68 75 17 85 14 95 84 49 13 72 4 87 91 68 29 16 62 44 38 64 66 47 4 43 66 6 77 16 59 84 38 91 75 44 28 76 3 27 39 29 64 26 85 72 26 62 45 14 44 83 74 8 34 1 64 45 84 29 93 53 35 70 37 57 72 86 74 7 23 66 82 9 95
58 22 67 14 75 56 4 64 74 99 55 42 18 84 98 38 24 78 15 48 65 43 15 9 54 70 59 3 58 15 30 66 80 45 19 99 76 58 66 84 36 40 88 94 59 14 4 92 2 47 44 55 49 66 97 76 69 86 56 27 22 99 35 72 41 61 83 76 80 23 89 96 55 78 87 84 99 38 56 29
56 82 17 6 70 79 18 5 59 76 45 14 78 48 42 13 71 13 69 66 95 20 42 38 31 64 97 2 34 21 62 2 42 85 67 99 33 76 30 80 13 48 50 99 67 99 8 24 30 39 11 62 100 38 47 25 75 47 40 62 55 24 76 12 10 12 62 56 53 31 11 9 34 74 88 49 93 99 99 91
18 74 89 90 27 53 52 76 22 8 91 1 67 31 21 31 99 38 74 77 57 88 26 47 76 98 98 35 49 89 31 31 82 28 59 89 16 89 47 42 58 75 35 69 91 13 66 76 22 16 18 47 84 55 1 48 10 35 52 42 4 88 62 5 21 41 25 65 60 85 94 5 94 53 34 74 57 59 59 70
89 46 69 39 22 77 90 69 15 27 35 5 100 2 28 15 26 53 18 75 31 91 30 68 58 21 30 67 95 72 94 96 5 22 27 87 66 74 24 39 30 38 20 85 3 41 63 95 87 52 8 77 11 33 66 5 44 57 30 82 17 33 31 66 91 71 36 24 45 81 97 59 15 77 65 93 72 5 14 24
96 24 1 31 33 92 70 10 56 2 52 19 31 3 11 89 10 14 61 7 33 67 31 71 56 40 87 68 58 89 59 43 18 37 65 21 5 36 24 66 54 59 71 75 11 40 44 16 13 82 34 96 33 21 70 79 59 65 45 87 63 10 52 30 35 73 27 27 53 3 29 89 2 28 32 72 61 19 100 53
83 55 23 75 80 95 39 64 71 60 9 69 79 88 39 3 99 92 22 88 75 3 43 88 30 77 10 4 96 11 25 22 74 52 71 16 46 70 39 89 85 7 36 13 73 43 41 68 80 34 49 16 17 100 59 64 59 94 49 67 34 42 70 36 1 65 55 8 39 48 67 57 1 62 38 30 30 4 9 26
3 100 69 96 47 95 24 78 54 59 97 28 99 11 73 42 45 72 27 32 3 92 15 50 75 78 34 73 67 17 12 15 39 28 29 35 61 52 25 48 83 41 43 30 96 26 73 99 66 31 70 33 56 30 17 59 39 24 98 95 83 7 53 23 12 86 17 81 59 92 26 56 59 12 39 29 21 21 30 17
47 20 49 91 87 95 22 42 92 50 1 85 1 92 64 56 23 21 15 93 77 78 70 86 34 52 59 55 11 92 56 73 74 25 30 57 93 88 97 28 79 30 96 52 10 85 23 60 47 91 57 25 67 83 31 85 12 96 47 6 82 66 2 15 13 29 4 15 18 77 85 48 22 53 37 35 57 56 22 89
78 34 92 16 77 58 84 19 51 9 67 43 2 33 15 51 50 90 83 87 29 42 85 39 31 94 38 91 1 39 58 40 81 71 4 42 70 42 19 84 60 31 51 93 65 78 48 22 13 9 3 48 57 35 11 23 80 46 6 57 73 78 48 53 65 56 2 32 23 39 57 63 23 29 95 15 71 23 62 15
44 90 55 97 17 77 71 77 77 54 69 88 71 54 64 76 1 43 47 44 67 42 42 78 81 7 93 65 74 2 59 66 39 21 37 86 12 14 31 27 54 71 32 33 49 100 73 36 84 15 99 1 43 14 14 57 98 93 53 82 7 72 12 62 2 6 5 47 51 13 95 76 13 82 50 76 49 56 34 86
45 100 58 41 9 72 37 48 47 68 91 33 6 78 79 76 10 6 48 31 94 87 59 11 6 22 14 7 79 13 71 11 46 56 19 65 81 86 4 7 18 47 77 11 36 79 37 100 26 2 39 83 6 82 47 89 38 31 79 53 23 51 13 40 79 76 3 75 46 78 69 44 72 14 16 12 20 1 43 52
37 13 23 16 45 89 72 28 94 90 86 65 87 99 47 37 61 92 58 49 90 53 45 97 12 78 52 60 42 60 85 95 73 55 8 44 86 15 73 24 98 79 41 95 55 60 93 44 28 55 55 85 8 20 85 77 96 69 7 20 52 26 76 17 4 68 67 71 33 55 95 43 29 79 52 51 5 54 94 49
78 75 1 100 69 30 43 2 64 77 7 75 14 1 46 38 7 62 85 20 53 50 6 70 37 42 51 100 75 63 89 64 54 40 80 88 17 19 24 5 48 27 7 30 48 81 9 66 68 63 63 91 37 45 25 35 38 14 68 36 18 18 18 5 50 39 3 38 23 8 22 89 64 77 94 12 56 86 14 100
29 78 1 38 26 70 8 26 40 13 68 47 84 77 5 42 20 15 98 71 28 37 14 22 81 57 24 74 63 96 89 20 64 50 71 1 72 30 16 60 29 14 97 21 55 66 10 38 84 54 95 18 18 84 7 98 34 47 39 60 78 3 98 9 64 12 12 26 94 53 97 10 64 12 79 25 10 84 48 87
10 93 62 55 14 26 97 56 75 10 26 68 73 48 21 9 30 3 5 10 18 94 51 80 11 90 69 64 21 25 55 26 40 34 88 52 12 91 39 37 15 22 16 50 84 48 83 57 50 22 45 76 47 7 4 19 64 90 79 51 43 83 78 5 43 21 84 23 56 80 64 74 93 72 34 37 83 68 73 28
24 66 94 68 85 56 26 75 82 62 35 27 60 30 53 30 4 85 51 20 43 7 67 94 35 41 90 25 84 67 4 68 48 54 33 22 100 78 1 60 63 11 13 94 71 64 11 63 44 44 2 14 90 69 44 65 82 95 25 96 57 42 91 28 17 80 22 85 14 89 55 77 8 7 88 83 49 93 18 41
68 82 59 87 40 49 71 77 34 9 68 91 59 67 75 36 88 66 79 67 98 11 24 66 22 30 100 6 25 81 83 28 36 7 16 100 100 68 22 31 86 59 25 84 18 21 1 70 62 50 35 47 71 78 7 28 8 65 52 71 19 28 21 48 94 21 73 47 5 49 95 40 37 43 52 87 31 69 95 70
58 91 27 82 95 10 52 57 9 42 90 73 73 54 47 16 88 34 47 6 13 77 25 7 64 92 11 82 7 97 83 11 13 9 58 37 54 29 63 20 24 65 2 80 11 1 79 22 37 37 39 77 1 94 56 36 77 51 46 87 67 36 61 76 53 16 51 37 54 79 89 57 22 23 91 22 64 84 75 24
55 47 55 22 19 47 18 48 8 43 19 93 97 91 16 85 24 8 79 87 26 76 99 34 92 35 28 22 95 54 23 35 69 14 39 88 12 83 47 38 72 80 2 97 85 58 43 52 83 33 67 88 42 68 98 51 84 69 32 22 72 100 77 1 66 57 84 1 22 24 73 66 21 70 20 69 50 64 18 92
