20 80
65 28 60 41 46 64 21 70 19 62 8 69 49 10 43 52 29 55 15 77 53 33 17 57 25 48 35 50 78 79 39 58 4 1 31 0 5 37 74 18 26 47 40 75 73 6 44 42 12 61 72 38 34 27 63 16 24 36 56 11 45 2 23 71 76 68 30 54 14 20 67 9 66 32 51 22 7 59 3 13
74 65 55 3 75 0 13 15 61 22 27 6 60 56 46 42 18 23 5 38 35 77 26 64 71 10 39 48 37 14 7 72 53 40 52 45 43 66 70 8 2 33 29 47 4 19 21 30 41 20 69 54 12 34 17 11 24 79 9 50 51 63 58 49 25 62 28 73 16 36 1 76 57 68 31 78 67 44 59 32
17 63 21 42 70 22 31 62 12 41 32 47 29 28 38 72 60 57 71 43 76 65 15 67 44 77 9 0 34 37 11 75 24 64 1 66 46 5 14 16 55 26 68 51 50 7 49 61 33 56 45 78 69 48 18 53 20 3 39 74 36 8 52 2 73 58 27 54 10 35 19 23 4 40 6 30 59 25 13 79
9 51 77 26 72 6 37 22 53 18 16 3 45 58 19 13 30 41 4 2 14 11 48 7 33 54 25 34 23 68 15 44 69 12 61 70 43 52 29 71 60 49 75 79 46 21 0 17 42 28 55 74 56 20 57 67 5 40 35 31 10 63 8 38 1 66 65 24 59 78 39 50 64 47 62 36 76 73 27 32
10 8 31 43 1 9 68 18 7 29 78 12 0 30 32 42 37 38 6 13 4 16 39 60 23 58 79 65 41 49 14 33 44 24 27 25 40 62 5 54 61 50 36 48 74 22 20 64 19 56 35 15 77 46 21 47 34 72 75 57 66 2 52 53 3 45 28 55 63 11 70 59 51 67 71 26 69 73 76 17
79 49 51 22 68 39 56 48 8 36 54 69 45 33 41 60 37 28 5 27 38 75 26 23 35 7 2 50 25 73 66 58 67 0 19 47 18 42 46 43 44 77 70 55 57 63 59 20 24 12 65 52 62 30 72 61 21 16 1 11 6 10 78 74 40 64 71 13 17 76 4 9 14 15 3 53 32 31 29 34
34 76 0 41 28 64 43 30 38 14 49 13 55 52 40 33 60 73 39 56 19 10 5 29 79 69 11 31 45 70 74 2 65 15 68 47 26 53 17 8 62 4 27 66 51 59 3 1 22 50 32 72 71 25 23 6 36 57 78 21 75 16 12 58 54 63 44 42 67 61 9 46 18 35 37 48 7 20 24 77
0 36 30 27 9 52 43 29 15 41 55 47 25 32 16 54 38 17 22 51 66 4 1 74 58 62 79 71 5 57 44 72 49 31 10 45 2 53 67 37 68 59 14 12 6 39 46 63 28 76 64 56 20 24 13 8 3 50 65 33 70 48 73 18 77 60 7 21 40 61 23 78 75 11 26 19 42 34 35 69
8 15 16 63 28 44 46 30 29 34 20 6 33 24 21 0 73 5 57 79 17 66 27 9 1 40 38 41 49 45 67 72 62 60 55 36 74 64 25 71 26 42 54 23 32 13 19 12 22 52 39 53 4 7 3 47 68 2 59 50 75 48 11 43 31 78 18 37 61 10 69 70 14 51 76 77 65 56 58 35
37 45 18 27 77 3 71 21 57 10 49 60 15 35 12 43 39 61 66 69 20 74 0 2 48 73 33 25 63 32 34 46 58 59 76 79 50 13 42 31 11 55 23 72 41 22 14 68 9 29 51 30 24 78 44 17 4 38 47 62 52 40 8 36 56 26 5 28 54 70 19 16 64 6 1 7 67 53 65 75
41 8 48 65 77 57 68 22 2 28 7 79 69 0 25 76 21 43 36 16 12 72 38 78 52 70 50 61 55 13 30 73 39 53 63 3 64 67 6 40 5 33 29 49 15 32 9 71 14 60 26 19 44 4 1 17 42 34 31 46 51 11 37 24 35 59 10 62 56 45 75 54 27 74 18 66 23 20 58 47
10 36 68 51 9 20 29 19 13 79 31 61 5 64 54 63 57 44 73 70 53 67 22 6 45 39 38 50 49 15 66 56 17 4 26 40 12 3 55 78 33 74 16 43 60 32 47 48 69 41 11 24 52 75 18 0 25 42 46 35 23 76 77 8 7 72 58 28 21 71 30 14 62 34 37 59 1 27 65 2
2 7 25 70 21 1 53 28 14 24 61 0 13 64 33 72 45 52 56 39 40 30 78 6 77 42 57 62 32 59 31 35 18 76 11 46 65 49 29 67 37 12 3 38 50 16 79 9 58 8 71 60 5 44 69 51 48 66 54 74 41 43 17 73 20 26 15 34 63 22 19 75 4 47 27 23 10 68 55 36
70 5 71 19 20 50 77 24 16 45 25 67 32 46 65 73 42 40 52 0 39 10 11 38 12 43 37 15 54 51 53 35 60 64 9 75 62 2 14 27 21 55 3 13 76 18 23 31 1 58 26 59 36 48 8 74 79 68 69 28 49 66 72 22 4 29 33 6 47 7 41 34 78 56 44 61 30 17 57 63
23 39 78 40 34 15 31 49 6 66 16 73 46 10 58 69 7 11 29 37 27 77 51 42 22 74 56 28 36 20 71 33 5 72 43 12 52 1 59 47 26 55 35 75 4 32 0 53 41 50 24 48 3 44 61 54 13 9 19 45 68 57 2 18 70 67 21 76 14 17 64 25 38 8 30 63 62 79 65 60
55 53 63 32 35 28 72 41 12 46 52 77 37 31 59 2 22 73 39 8 43 29 15 5 64 18 23 36 79 48 16 33 34 58 24 21 20 78 6 50 71 38 67 60 54 1 3 17 14 61 45 11 51 19 27 30 26 76 75 49 57 74 66 70 4 9 13 65 62 7 25 47 69 10 0 68 56 44 40 42
47 72 77 54 25 68 14 42 44 31 55 43 63 57 65 74 34 19 10 79 15 51 64 24 52 36 73 22 4 58 8 1 78 27 67 76 71 33 28 16 53 38 20 17 9 32 46 18 60 21 59 0 66 62 70 12 45 50 37 40 56 7 41 3 6 75 39 11 26 2 61 48 69 5 13 35 30 23 49 29
35 32 2 9 44 18 15 14 41 22 20 24 42 1 54 64 19 27 66 7 56 45 51 63 38 50 71 4 65 61 28 37 10 36 68 75 73 52 79 13 33 30 62 70 25 74 12 49 5 3 6 47 26 17 40 48 78 76 57 69 55 60 53 46 23 8 21 0 16 67 59 11 29 77 58 43 39 72 34 31
36 77 75 33 76 59 72 8 70 63 66 74 61 58 18 3 47 16 27 71 49 30 62 1 31 20 4 23 64 52 53 56 32 39 29 24 51 57 10 26 0 6 14 38 35 60 42 54 68 28 69 46 22 11 21 34 48 78 79 41 5 43 15 40 50 17 37 67 2 44 7 19 45 65 55 13 9 73 25 12
30 53 42 40 31 45 76 62 59 37 75 63 19 68 50 5 71 69 41 23 44 32 4 35 21 46 47 60 73 74 25 18 12 6 66 33 16 49 22 17 72 65 79 14 77 34 57 8 52 78 26 0 54 43 1 15 38 29 7 51 2 64 56 39 28 13 55 61 9 10 58 70 67 36 27 3 48 11 24 20
73 51 96 2 88 95 48 52 71 53 12 5 40 55 25 94 74 43 97 13 77 32 76 82 58 58 58 54 69 37 59 28 10 78 67 35 48 53 45 27 57 70 96 87 12 28 80 32 27 7 79 85 64 24 20 3 76 69 90 64 75 85 76 89 46 87 47 77 64 2 23 19 31 8 48 29 61 41 95 37
87 8 12 92 83 11 93 51 47 42 56 12 33 23 100 97 67 100 53 96 5 28 1 45 20 42 94 51 49 21 63 42 92 75 79 22 46 100 24 21 52 59 77 2 59 46 50 16 31 30 1 25 4 46 88 48 96 26 92 91 80 30 14 99 44 85 65 28 95 91 22 93 76 22 44 67 67 55 57 2
83 73 19 79 46 56 48 97 5 46 94 10 34 91 39 91 40 35 71 49 22 52 82 68 24 46 79 20 51 12 66 57 86 83 32 75 63 65 65 11 61 13 60 69 99 45 47 32 29 85 7 85 20 1 54 93 84 77 78 78 81 95 99 87 77 48 60 28 17 95 11 43 64 5 52 36 1 40 68 55
32 60 72 28 70 75 88 7 85 13 29 24 89 3 98 41 3 29 76 42 80 75 30 84 2 1 24 18 69 76 26 87 72 14 25 52 19 10 58 88 91 100 55 41 4 8 1 82 21 39 97 9 90 46 92 21 74 94 15 79 1 92 9 19 89 28 77 98 25 96 85 48 60 11 100 41 78 99 65 13
89 73 61 61 21 47 6 10 25 20 41 67 76 31 29 1 42 27 33 37 7 15 22 15 33 20 59 59 82 79 88 14 78 19 37 25 2 3 61 48 24 68 83 43 12 26 33 71 37 39 89 1 42 27 23 21 84 10 79 95 34 27 24 87 29 43 43 2 82 18 84 4 12 17 81 44 2 17 17 49
90 67 21 26 31 44 84 95 3 37 15 2 20 23 38 42 4 26 5 39 76 53 43 58 67 95 53 75 87 85 97 80 98 75 71 23 63 54 13 34 39 59 64 98 27 17 71 72 18 29 4 13 6 81 38 67 96 84 80 22 69 28 11 93 31 54 80 37 37 100 38 17 82 100 32 57 96 83 23 28
96 81 3 32 41 36 75 17 70 68 16 45 69 83 52 85 51 54 82 43 61 80 73 65 59 76 12 46 29 3 3 68 68 12 13 33 29 81 75 63 51 36 71 100 86 61 51 45 64 3 24 89 9 21 56 28 4 31 24 89 17 17 52 24 90 16 53 46 63 49 96 4 25 3 51 14 61 10 41 8
24 15 94 15 72 60 55 96 13 54 16 82 5 33 45 89 71 74 51 100 100 39 33 8 62 80 20 74 89 39 26 76 72 99 31 20 35 83 38 83 31 43 36 97 5 55 32 40 61 2 16 30 31 50 53 78 15 17 24 97 56 67 66 45 6 13 99 10 52 16 73 71 26 95 13 51 76 48 87 91
13 78 30 36 20 79 78 91 20 18 48 18 10 52 44 29 6 98 36 9 60 80 10 96 57 33 62 1 55 53 22 43 40 20 29 85 2 50 64 89 48 65 64 5 34 22 82 50 62 2 51 63 63 89 53 87 11 56 93 13 88 95 63 91 9 100 73 90 17 93 6 94 17 61 75 37 90 51 14 4
9 40 11 50 100 49 44 85 60 42 52 7 21 52 42 83 35 56 21 27 62 61 4 87 98 63 47 83 7 95 71 23 34 77 67 35 99 50 84 87 7 27 3 53 91 23 62 26 6 9 30 68 94 83 73 61 57 50 60 70 71 55 87 91 33 32 69 97 65 44 45 43 42 28 80 99 93 3 17 51
72 38 41 60 43 25 51 75 70 93 67 67 50 33 27 89 2 14 86 22 23 91 31 54 100 82 83 10 17 86 57 29 18 30 82 4 49 79 88 47 38 17 53 96 46 87 85 57 15 39 21 34 15 19 46 77 32 35 55 22 97 32 41 28 26 27 87 100 10 54 42 50 43 81 86 89 96 16 83 44
67 63 99 70 67 2 78 12 67 49 8 40 20 80 31 6 86 99 49 99 73 74 64 74 2 66 84 94 33 39 99 92 44 67 29 44 96 37 54 7 6 44 26 20 49 44 58 33 43 29 100 74 32 33 2 36 15 65 19 36 43 14 48 41 14 70 42 78 98 20 55 43 84 1 13 22 66 80 28 32
43 47 55 92 29 79 11 35 96 44 28 55 100 49 15 63 82 71 62 25 34 21 16 8 68 48 44 88 16 21 97 39 53 1 36 7 34 82 7 100 54 96 45 58 19 72 68 51 87 93 57 46 58 69 71 15 91 57 88 86 17 64 56 37 97 46 86 62 22 19 99 30 32 95 27 51 59 35 99 86
87 77 66 94 66 44 7 86 32 17 70 82 49 97 14 20 48 7 69 60 34 2 87 7 84 51 12 80 7 55 58 53 21 5 68 69 86 59 63 53 8 48 10 60 6 99 12 70 40 92 53 87 90 21 26 78 8 51 49 2 4 70 92 13 42 56 64 71 53 67 27 51 99 74 79 46 57 29 9 34
15 82 16 64 15 54 91 51 13 11 79 99 13 5 37 20 89 93 75 22 76 19 95 78 42 34 35 79 50 23 1 58 85 59 38 4 87 55 19 36 56 43 51 92 70 81 62 8 51 49 3 43 52 78 47 41 70 94 36 19 27 63 37 26 37 58 99 38 30 27 90 59 39 85 82 53 77 53 75 47
33 23 6 78 34 19 58 33 99 8 9 1 8 37 64 89 39 15 98 11 84 17 52 40 17 32 97 62 78 88 44 3 35 60 53 88 37 44 9 68 50 89 82 44 16 76 46 5 22 97 23 61 37 79 39 84 72 55 37 90 62 63 100 38 82 90 72 14 32 56 33 99 70 28 24 57 42 88 14 31
36 33 10 59 17 46 32 87 6 18 41 86 48 92 26 53 15 63 75 52 3 73 89 80 2 35 12 77 24 9 93 20 78 78 23 8 26 18 62 5 60 79 31 17 28 81 25 30 52 2 10 46 60 18 18 48 77 44 74 22 85 58 100 28 79 17 73 84 26 73 90 83 92 85 51 97 100 49 16 26
15 35 85 78 7 77 14 82 82 83 88 23 60 69 10 29 45 71 37 46 55 32 98 99 43 27 22 72 66 47 5 33 19 84 82 72 98 92 54 13 41 60 33 38 97 56 5 9 80 58 28 70 12 12 69 61 76 64 70 93 33 58 34 84 86 58 79 56 35 90 6 55 76 40 1 63 70 50 92 17
61 52 6 94 68 96 16 74 72 100 28 77 64 23 6 13 61 84 66 28 2 19 77 12 6 36 22 98 5 91 56 21 76 28 71 98 84 47 92 5 67 97 89 73 67 63 18 45 38 71 83 89 38 93 64 43 59 58 33 68 66 6 83 92 94 30 60 85 54 93 90 4 100 21 89 95 13 93 88 4
44 59 10 38 96 70 62 84 2 97 28 77 76 75 89 95 24 25 31 79 89 36 76 52 83 12 47 6 5 73 73 79 48 92 71 9 39 47 49 92 28 41 42 24 20 29 85 56 65 68 30 44 37 68 36 5 35 21 31 30 12 45 82 13 55 57 56 79 55 36 32 22 93 72 15 4 55 39 86 44
