20 80
70 19 8 51 52 68 17 14 59 38 55 57 4 31 16 48 64 46 0 9 53 77 12 74 25 49 35 65 47 28 3 6 7 44 30 24 21 71 75 40 26 78 11 61 62 1 27 10 32 63 22 43 79 54 34 45 2 72 39 66 29 23 69 33 20 5 37 76 67 42 50 73 36 18 41 15 56 13 60 58
69 34 44 21 28 31 52 75 14 74 66 63 4 35 40 17 36 70 30 38 9 41 76 50 12 72 47 65 61 71 1 55 49 11 29 43 53 2 45 20 33 7 27 59 3 0 23 57 39 77 25 67 5 51 24 79 19 26 6 62 10 18 58 64 60 37 32 42 8 56 78 15 16 48 13 73 68 46 22 54
65 8 56 76 19 77 17 64 12 14 52 10 41 78 39 21 31 74 15 42 18 68 2 22 11 58 23 61 54 36 33 40 4 75 28 20 59 46 51 63 45 49 24 44 69 38 70 57 50 9 34 66 72 43 27 30 7 26 55 16 32 1 62 71 0 3 53 67 47 60 13 5 73 29 37 48 25 35 6 79
51 22 48 4 3 59 34 35 71 49 66 15 73 1 28 40 23 10 60 69 55 20 70 63 12 67 62 19 72 56 31 18 2 54 27 30 77 45 13 46 42 39 16 21 6 50 8 0 7 17 68 61 5 14 47 26 38 64 24 33 52 32 74 75 29 25 9 41 11 76 65 79 43 78 53 37 36 58 57 44
51 40 1 79 73 14 2 18 75 52 36 6 21 44 8 23 46 4 33 11 48 63 30 50 61 56 45 19 59 69 47 64 70 57 24 39 65 13 76 9 53 34 74 38 22 32 5 12 15 17 78 10 71 31 62 0 3 60 43 68 66 67 72 58 26 42 16 49 77 55 28 20 27 37 25 41 54 29 35 7
16 7 3 78 63 48 6 25 61 15 0 39 21 72 17 2 68 51 54 9 46 8 5 64 59 35 49 4 14 55 70 71 11 41 40 57 77 28 60 47 18 26 62 33 30 45 52 58 27 36 12 23 13 67 34 66 43 53 22 73 10 56 20 79 44 76 32 65 50 69 74 29 19 24 75 38 31 42 1 37
28 10 23 18 24 39 69 44 13 40 73 75 11 63 25 65 2 32 22 29 7 1 0 71 61 70 79 60 4 8 31 47 26 57 50 35 9 58 49 51 55 76 41 5 64 12 74 72 17 42 30 16 6 66 46 36 3 14 15 78 59 62 53 21 48 68 33 20 52 37 54 67 77 56 45 27 34 19 38 43
43 68 38 72 25 45 40 47 73 76 50 48 18 15 44 64 7 54 3 32 74 39 35 62 28 29 10 30 27 79 31 77 69 23 36 75 21 60 56 34 1 37 19 55 0 52 70 12 46 66 17 14 13 20 11 65 33 67 4 6 51 53 59 61 41 2 24 63 9 57 8 49 58 22 26 16 71 78 5 42
70 21 5 65 29 14 36 50 57 60 18 26 59 28 56 6 58 55 15 39 19 53 78 10 41 38 66 4 77 37 2 12 76 13 45 25 42 3 16 64 22 49 72 63 20 44 47 51 35 74 52 0 43 33 67 11 62 34 30 32 23 69 17 48 8 27 24 61 79 46 1 7 54 73 31 68 71 9 40 75
62 5 31 64 30 35 9 32 74 39 66 50 68 33 70 53 57 26 52 41 27 29 61 17 78 60 48 20 76 28 51 75 11 79 14 58 56 46 44 8 65 34 36 54 49 42 73 72 7 77 18 23 25 21 43 3 12 22 69 55 47 13 10 71 0 16 59 45 2 4 19 1 67 38 24 15 6 63 40 37
21 31 12 0 17 54 68 40 57 78 11 37 70 9 69 49 39 75 50 8 64 28 45 34 42 22 43 60 76 19 41 18 2 7 6 4 77 53 74 51 23 33 44 58 3 16 25 79 71 14 38 15 48 35 5 59 73 36 67 61 32 13 66 26 46 20 29 47 62 10 63 65 24 55 30 52 72 56 1 27
57 29 40 56 55 1 37 53 75 2 51 25 23 48 49 26 31 5 16 33 10 43 20 17 45 64 7 6 21 46 71 27 39 22 41 67 36 32 34 44 74 69 79 19 76 62 9 13 54 18 28 52 35 65 38 15 11 42 12 60 50 4 14 8 30 77 58 24 0 68 66 59 3 61 78 47 73 72 63 70
30 34 53 59 57 12 39 51 29 22 35 1 72 43 60 17 63 47 32 33 27 28 5 48 62 0 56 37 7 52 78 8 71 20 45 76 66 41 69 65 15 2 19 18 79 21 67 40 42 74 68 54 61 44 10 77 73 75 36 55 14 3 64 11 6 16 25 50 4 38 46 31 23 58 49 13 26 9 24 70
48 43 28 31 3 73 39 42 49 75 20 6 54 45 51 25 16 24 76 72 53 4 50 12 14 56 26 77 32 29 5 36 15 78 68 70 65 35 59 8 7 9 47 27 11 37 33 18 66 52 13 63 57 74 22 38 61 64 19 69 1 41 30 46 0 60 55 23 62 34 44 79 17 58 67 40 71 21 2 10
40 41 60 73 12 26 8 77 2 72 50 62 18 78 48 21 10 32 45 47 55 75 3 11 39 46 58 6 34 70 1 24 79 15 49 30 4 57 42 25 69 67 64 17 14 56 13 0 52 36 7 37 27 29 54 68 53 44 71 51 74 61 33 19 23 65 66 38 59 31 35 28 20 9 63 22 43 16 5 76
57 52 45 72 32 38 8 76 19 46 70 39 48 6 3 63 7 54 51 10 24 77 34 49 25 59 31 66 15 37 1 67 50 30 62 73 56 61 33 2 69 21 28 64 79 12 27 53 29 75 36 43 23 22 44 14 40 71 4 26 78 65 17 74 18 58 60 5 16 41 68 35 0 42 20 55 13 11 47 9
54 29 32 51 21 74 75 26 78 35 66 63 72 24 31 39 52 13 8 68 44 25 62 2 27 59 47 65 60 33 17 70 28 41 1 15 9 22 55 4 5 77 79 18 49 48 71 23 34 40 38 56 36 10 67 30 58 50 53 69 16 37 42 11 0 45 57 73 3 14 76 46 20 64 6 19 43 12 7 61
48 47 34 52 61 64 55 73 23 9 30 53 67 51 21 57 19 33 77 22 8 15 78 3 42 45 14 49 7 28 10 40 35 41 25 46 16 0 13 1 38 11 59 27 37 17 39 26 20 36 60 32 12 71 69 58 76 66 24 62 74 70 65 50 44 63 54 31 6 56 29 75 2 4 5 68 18 72 43 79
32 41 36 9 23 71 29 6 45 51 37 64 66 4 14 69 78 43 13 31 3 27 56 53 70 10 1 49 35 65 77 24 38 28 16 5 79 76 11 57 60 61 55 67 25 21 72 46 74 12 48 62 18 34 58 33 0 42 7 26 44 15 47 19 8 17 40 20 75 73 50 68 39 54 63 22 59 30 52 2
28 38 45 0 39 49 33 53 24 17 56 63 19 37 5 7 64 20 1 69 3 71 13 21 27 29 76 47 61 2 73 14 51 42 26 66 9 35 4 43 48 60 32 11 75 68 36 10 65 58 54 23 79 78 16 18 22 41 57 46 8 77 40 59 12 25 62 30 55 6 52 70 34 15 74 67 50 31 72 44
6 87 75 18 59 90 48 90 73 43 93 95 54 6 53 45 24 52 1 29 91 81 28 100 72 35 100 93 35 13 33 83 52 79 68 28 86 45 90 98 8 55 79 26 95 73 70 14 4 18 60 7 24 35 97 20 7 65 89 28 71 97 31 80 15 2 100 95 67 35 69 63 6 40 8 69 53 4 58 38
84 39 23 70 27 10 63 69 17 4 23 95 11 78 6 11 14 75 18 34 71 19 56 64 96 19 15 38 58 40 19 17 64 73 72 37 82 72 7 17 76 53 61 22 22 29 92 27 28 64 70 43 60 11 18 40 58 72 8 28 38 89 55 57 87 54 27 18 50 67 56 99 5 92 14 64 28 29 92 25
91 81 4 30 54 89 4 53 28 57 68 31 6 77 36 42 60 49 86 53 15 83 18 100 14 11 82 55 95 80 81 69 44 98 48 3 22 71 25 42 66 81 84 83 58 68 94 57 80 38 52 56 8 42 75 23 42 17 98 13 58 98 30 14 72 74 47 41 69 21 33 64 47 62 33 41 60 75 56 89
34 73 11 63 78 40 33 9 99 44 28 15 83 90 19 11 28 26 73 5 87 43 96 22 14 45 32 2 16 83 1 40 20 6 100 69 9 93 52 40 28 52 37 16 15 100 18 78 57 45 58 42 95 66 29 87 97 49 71 64 33 92 62 67 53 52 63 68 68 7 6 89 68 50 44 84 92 2 65 42
15 97 87 74 81 6 62 82 38 74 77 70 53 70 33 44 34 53 44 36 62 31 78 14 26 80 82 75 2 21 94 66 17 48 40 45 19 44 57 2 47 28 11 53 34 94 94 50 25 22 17 46 74 78 65 46 69 62 85 38 67 83 41 20 64 31 23 3 18 46 38 99 30 21 93 2 41 49 96 18
71 51 36 99 24 98 49 61 71 98 13 99 40 43 49 10 35 42 64 59 28 29 52 13 28 100 46 25 7 77 44 13 60 66 4 60 43 45 58 43 45 3 25 68 39 6 4 96 82 70 24 79 43 78 40 36 77 7 39 35 59 92 47 73 71 61 7 34 61 17 63 22 38 87 78 62 79 67 32 20
15 66 52 62 63 18 44 67 63 60 75 92 38 45 34 22 43 100 95 47 63 39 57 29 8 23 40 73 79 52 40 64 55 51 63 94 22 65 64 7 59 50 99 19 70 80 69 20 69 26 84 9 64 92 28 67 19 35 24 56 38 91 74 72 18 43 31 67 61 3 2 65 98 62 56 82 78 92 50 87
8 33 60 37 99 45 39 71 49 100 97 96 60 20 44 94 41 2 55 83 65 12 73 49 94 17 70 55 75 31 29 70 83 69 98 34 16 94 59 83 26 24 57 48 59 48 86 56 67 64 29 29 12 87 28 99 80 44 83 23 65 97 75 56 70 56 42 84 93 3 64 31 2 65 50 97 30 12 58 90
60 9 74 34 19 40 46 16 22 50 72 57 54 1 8 32 59 48 92 93 91 88 67 71 13 73 64 89 49 57 56 51 84 60 73 46 43 10 51 23 99 51 96 36 37 81 93 48 96 31 74 48 16 48 93 67 64 12 71 31 7 65 69 5 31 78 29 18 78 97 9 58 36 6 59 77 58 4 11 80
4 85 1 52 68 86 44 28 46 73 51 37 92 93 34 58 90 50 60 45 73 92 10 77 64 46 98 70 66 41 93 58 76 3 72 15 83 18 98 94 41 50 99 45 12 69 43 93 76 59 82 29 51 60 3 18 3 2 93 73 91 6 79 42 37 50 55 71 96 39 7 20 42 69 4 35 12 39 44 42
26 63 59 48 40 26 49 48 33 83 37 7 94 4 94 1 46 69 80 11 2 24 55 21 59 35 38 86 67 53 49 12 24 8 43 37 25 34 25 69 57 14 74 90 10 39 66 7 80 80 10 18 92 55 70 14 53 90 16 94 99 55 24 54 82 75 16 81 61 17 79 24 9 68 40 38 59 54 13 66
12 20 28 2 34 35 52 52 17 54 36 24 90 82 93 30 1 91 97 36 55 76 74 69 51 85 51 28 72 38 56 58 16 34 34 80 44 18 19 84 94 19 14 65 4 18 50 27 79 31 88 4 32 28 10 69 70 61 81 39 41 70 94 12 4 88 7 60 99 23 61 33 51 26 65 55 37 53 84 25
43 85 84 97 22 13 92 94 94 2 41 36 58 33 24 60 50 82 68 44 79 39 45 71 95 18 16 1 80 35 13 24 85 27 91 69 100 60 87 11 40 62 96 29 47 49 43 37 27 16 97 45 66 31 72 38 32 30 81 92 1 56 87 97 10 43 82 66 100 15 67 100 72 73 91 84 52 21 8 100
29 40 16 14 72 57 96 51 57 4 55 26 49 92 96 52 50 30 75 68 76 81 9 39 53 69 40 6 64 51 62 79 64 26 17 21 62 17 63 24 55 100 81 85 46 5 76 53 47 96 59 43 93 58 71 22 72 18 69 84 47 53 74 94 88 35 35 22 91 72 17 69 52 40 46 52 9 78 8 81
87 53 78 96 40 11 62 31 27 76 96 97 4 98 46 93 81 24 61 68 39 78 51 5 28 75 35 18 10 82 86 21 86 1 20 94 32 41 45 3 25 75 31 42 40 10 26 41 1 70 33 10 85 27 58 66 72 66 55 98 75 70 75 92 80 27 22 55 83 42 74 32 8 65 88 88 79 32 26 83
15 92 71 96 68 56 27 14 26 95 83 46 10 43 52 91 37 4 55 55 86 95 74 11 89 45 64 19 50 76 21 28 16 55 28 97 16 61 87 98 5 38 61 4 64 63 27 89 31 98 11 30 95 42 84 65 44 1 61 93 22 27 27 70 41 55 98 28 19 19 90 37 80 87 63 5 50 77 64 28
54 97 28 12 60 64 2 78 37 77 22 61 69 95 16 31 24 100 37 89 62 10 33 93 11 54 43 62 2 14 63 90 94 7 38 23 23 98 7 86 38 34 90 91 42 13 50 38 68 63 87 49 43 99 67 82 39 97 3 36 57 36 23 20 3 30 58 70 65 93 13 9 31 70 3 17 87 31 39 67
89 24 81 46 79 41 15 50 95 55 86 98 41 5 5 88 14 30 4 13 62 72 9 44 85 94 92 30 33 3 12 7 31 90 57 34 90 34 29 10 30 69 84 15 100 60 89 69 51 74 6 40 79 93 37 78 59 22 69 2 62 31 77 78 86 91 77 7 75 99 63 91 89 36 42 98 62 96 55 20
49 5 90 87 37 42 96 30 53 3 19 1 58 12 41 16 79 3 35 4 43 62 42 96 48 21 38 50 34 50 10 49 84 34 20 29 21 80 45 15 71 1 55 67 94 14 18 79 72 10 45 29 57 69 38 60 51 54 69 26 56 68 10 86 34 46 28 48 16 68 90 85 75 61 28 42 87 16 30 2
76 29 50 81 9 89 98 79 34 17 68 84 30 90 81 73 15 65 90 20 15 49 3 46 82 96 4 13 74 69 65 23 14 70 26 5 71 93 37 3 15 59 41 11 65 19 70 81 16 2 100 29 61 48 13 52 8 26 70 98 88 3 21 59 81 66 4 90 38 60 77 8 73 35 24 94 64 51 1 4
