20 80
79 74 35 45 20 36 41 7 59 51 76 16 14 22 40 38 65 56 6 13 50 28 21 48 54 25 77 32 58 31 27 43 64 3 73 75 72 63 2 68 78 9 34 71 5 66 52 70 24 37 69 42 12 55 67 30 18 62 49 19 53 39 23 1 4 33 15 0 47 8 61 44 46 57 29 10 60 11 26 17
15 44 37 67 14 42 55 65 9 16 25 18 69 6 32 26 5 72 47 33 4 63 30 43 45 11 12 7 40 13 54 77 56 64 66 41 17 27 38 3 79 29 19 1 2 21 78 52 71 73 76 36 58 48 8 20 53 46 22 28 59 50 39 57 75 60 35 34 62 68 61 31 23 51 74 24 0 70 10 49
4 61 15 40 36 24 11 62 19 43 28 45 34 66 38 26 75 29 55 6 2 48 71 46 59 52 51 64 20 60 39 56 13 69 63 54 0 8 1 44 78 10 79 25 30 74 42 22 49 67 21 23 53 41 58 12 17 32 73 50 35 3 31 37 77 76 68 16 27 18 5 14 70 33 57 7 9 47 72 65
74 56 10 54 41 20 53 17 55 76 65 27 70 40 63 75 58 71 62 26 78 50 37 9 30 46 24 49 33 11 42 72 36 43 32 44 15 68 3 1 0 31 67 2 51 61 60 35 12 23 79 39 16 4 7 73 47 13 29 66 57 34 69 28 38 14 64 22 59 18 45 48 6 52 25 8 77 21 19 5
14 3 7 69 9 35 58 1 19 16 46 79 77 30 65 57 48 21 34 6 44 28 31 76 59 27 18 17 25 61 42 49 15 78 5 24 67 38 23 12 56 29 8 20 74 0 36 26 43 54 40 2 68 72 33 63 66 10 55 53 60 11 50 32 71 64 45 70 4 47 52 75 13 41 37 22 62 39 73 51
6 53 44 79 25 11 62 27 75 46 16 61 71 47 52 20 76 68 12 38 78 54 22 48 58 17 50 63 30 4 26 32 29 21 3 45 59 74 35 36 72 33 66 31 14 65 28 0 41 51 43 57 19 18 64 24 10 55 5 39 1 56 7 23 8 73 60 2 49 37 15 42 34 40 70 13 69 77 9 67
78 66 56 17 74 27 22 67 34 77 38 51 36 31 54 9 39 48 60 76 49 46 6 63 14 13 16 41 29 35 44 11 57 50 42 2 1 24 15 25 45 52 4 72 32 10 79 59 55 19 43 71 3 47 40 69 28 61 58 0 53 12 70 30 26 64 7 18 68 21 75 8 65 23 33 20 5 73 62 37
64 60 62 22 59 42 13 25 27 21 0 3 19 17 66 46 56 33 1 30 6 73 32 9 67 34 69 51 11 31 28 43 4 72 24 78 50 47 36 49 74 52 76 7 12 70 61 57 39 63 20 18 29 38 53 44 35 71 65 5 16 14 54 48 79 26 55 10 23 2 15 41 40 77 75 37 68 58 45 8
79 78 34 49 73 70 6 66 13 65 33 38 72 19 2 24 29 54 30 4 25 18 36 67 47 56 22 53 21 12 58 68 60 37 7 15 41 63 10 17 51 55 11 9 62 75 50 57 64 44 45 5 76 3 27 40 0 14 32 28 8 52 48 35 23 39 77 46 42 16 61 59 74 71 1 26 69 31 20 43
66 12 50 63 72 37 79 22 38 69 28 15 77 41 64 52 10 70 4 21 23 11 3 32 24 6 48 67 25 65 68 29 20 42 55 78 26 58 43 17 5 76 16 27 1 54 51 39 19 33 0 45 8 60 31 53 71 74 75 9 57 13 61 35 59 30 18 49 44 7 47 2 40 34 46 62 36 56 14 73
36 77 13 69 58 66 5 31 18 68 40 0 47 12 30 32 50 44 74 76 75 22 11 25 64 72 34 4 55 20 21 79 48 78 56 24 59 2 54 46 28 1 9 16 51 57 49 39 14 73 67 3 7 62 65 61 27 6 35 26 33 45 63 42 8 43 23 60 41 37 52 10 70 15 19 53 17 71 29 38
52 39 18 8 30 32 75 33 2 40 67 22 61 72 74 66 38 56 48 27 50 43 15 53 77 0 1 21 68 7 36 37 46 28 14 29 12 10 19 65 34 44 31 16 78 51 45 20 76 60 24 55 41 62 9 57 73 23 17 47 5 3 49 54 4 79 6 35 69 70 42 58 25 71 59 63 64 13 26 11
40 63 18 9 12 57 66 39 45 34 21 49 46 60 16 56 74 64 33 6 47 31 29 78 77 51 15 50 42 25 7 23 62 2 32 28 75 53 26 73 4 36 3 55 54 20 10 22 27 70 17 38 19 76 41 1 5 69 71 48 30 67 44 59 24 68 37 11 58 52 35 13 79 43 61 8 0 14 65 72
66 29 56 23 77 57 9 63 11 75 22 17 16 62 13 55 53 15 59 20 6 64 37 28 4 8 60 46 44 36 58 33 61 40 45 10 32 25 72 76 39 70 74 19 21 7 30 73 42 1 2 18 5 65 24 79 38 68 47 31 48 52 51 67 78 50 3 54 71 26 0 49 35 34 12 43 27 69 41 14
1 60 32 8 27 37 75 6 16 66 25 5 45 20 52 30 40 3 9 67 43 35 74 79 42 49 58 17 63 77 14 19 38 39 62 69 31 28 23 68 33 55 29 78 72 36 59 18 61 54 65 10 76 57 7 11 56 13 24 4 41 48 64 26 73 22 15 12 34 0 44 53 51 47 71 70 2 46 50 21
47 64 15 36 53 79 60 62 34 2 71 18 16 67 20 10 0 41 11 65 24 9 27 66 42 74 32 68 13 70 1 75 22 31 26 45 49 25 29 8 40 58 38 28 61 33 43 17 37 72 48 30 78 23 21 35 14 73 5 46 7 59 76 3 6 39 54 57 52 12 50 19 51 44 69 56 77 63 55 4
17 20 5 76 63 42 51 47 58 70 75 46 59 14 37 39 56 16 33 77 0 74 11 15 60 2 57 31 61 64 44 49 8 71 40 27 9 1 36 54 45 35 79 65 4 24 25 55 41 73 32 21 52 6 67 50 3 72 18 7 69 10 12 43 62 19 23 26 66 22 38 68 30 53 29 34 78 48 13 28
79 7 27 60 56 52 64 67 12 77 19 37 9 14 8 13 74 69 70 2 42 51 36 43 44 15 26 54 10 28 22 73 6 38 62 78 24 59 32 50 57 34 68 3 40 46 76 66 30 4 1 25 47 41 53 18 23 55 63 21 29 49 75 58 0 31 72 33 5 35 45 48 65 16 20 17 39 71 61 11
34 79 59 61 47 38 73 28 27 55 31 54 19 56 21 63 37 18 0 58 35 26 69 7 25 68 74 17 60 65 5 62 52 45 13 10 71 9 15 20 33 8 51 41 44 77 11 29 4 48 42 70 22 49 14 78 66 43 40 23 53 39 64 46 2 36 57 30 72 12 24 50 67 75 1 32 6 3 16 76
79 38 30 70 27 52 11 41 71 48 73 12 24 66 43 72 68 18 47 76 9 5 64 60 4 69 21 63 22 46 78 25 42 77 32 61 75 65 62 34 23 2 50 35 49 74 28 14 29 31 3 1 39 67 7 26 8 6 37 56 13 40 36 59 57 58 17 54 51 33 44 0 10 19 15 16 45 20 53 55
48 36 67 22 8 1 63 56 30 77 100 2 62 26 35 78 24 38 80 32 14 23 76 79 35 41 58 29 75 93 62 56 60 11 41 9 18 82 80 35 19 43 71 61 60 98 92 90 51 92 76 67 60 97 12 29 39 50 32 43 91 49 26 36 49 38 5 47 18 28 76 19 18 7 82 78 35 10 8 28
40 62 19 90 6 72 4 19 7 6 59 61 66 37 26 13 30 59 75 71 46 45 30 78 30 47 74 14 94 21 37 2 46 19 31 87 64 35 5 98 2 87 54 71 52 70 8 83 35 90 26 3 39 82 82 71 90 79 15 95 88 83 67 86 24 74 18 88 11 34 11 36 39 88 8 19 18 31 19 85
25 65 66 20 49 5 96 30 70 42 68 96 10 47 8 73 41 55 54 37 100 84 96 44 76 40 62 49 29 82 77 27 57 93 31 42 57 24 30 27 79 8 11 51 94 50 4 99 38 78 37 8 25 72 29 20 75 83 72 15 89 64 36 19 70 71 53 56 37 5 42 20 7 82 60 9 61 71 21 20
88 78 55 87 56 14 2 83 53 68 24 47 25 96 62 50 47 70 63 98 80 25 74 6 69 9 81 13 95 54 29 61 90 24 2 81 90 6 10 75 7 54 52 28 52 92 28 75 18 99 5 4 29 6 2 17 58 55 79 24 49 15 93 99 61 56 91 74 43 73 40 88 58 100 85 16 57 64 91 55
12 44 71 27 49 57 56 49 10 63 45 46 2 46 54 31 58 46 5 31 52 67 34 98 72 67 46 50 54 66 26 56 94 94 50 26 7 21 47 31 33 69 84 12 46 3 60 58 84 41 33 52 25 33 36 52 98 75 83 5 7 100 32 15 23 40 40 63 34 100 72 44 14 65 79 76 34 62 19 9
29 61 46 100 27 89 96 63 91 22 73 36 67 29 78 66 41 78 80 64 66 96 69 52 95 93 36 96 86 35 69 91 40 39 100 91 76 19 69 78 14 32 42 83 81 21 90 74 4 67 71 97 84 25 23 29 45 91 43 45 47 92 77 13 68 90 48 3 44 22 44 92 26 23 85 12 12 69 41 93
3 41 20 13 87 98 80 70 65 14 79 74 30 66 72 31 48 88 83 7 98 25 18 94 43 92 67 15 87 97 40 68 30 45 64 72 100 43 92 17 86 12 28 41 25 19 84 85 32 71 51 68 68 4 75 19 68 9 70 80 74 69 12 41 11 23 32 47 82 55 52 20 36 86 100 24 36 59 53 2
53 15 82 87 93 4 88 74 24 42 15 48 14 75 58 34 43 33 1 65 5 78 17 39 50 9 25 38 35 14 2 63 30 18 57 10 76 95 37 98 52 21 21 85 50 21 57 20 46 65 33 8 28 41 95 52 68 14 78 34 9 25 12 18 35 31 76 12 4 96 100 14 51 45 47 87 15 31 84 54
95 46 43 8 56 60 21 62 54 12 21 31 52 42 69 21 40 64 81 26 22 60 69 9 80 46 88 91 27 92 71 8 18 88 90 99 32 57 13 54 40 4 63 44 83 79 4 61 87 13 66 90 54 23 12 96 36 18 28 51 64 27 12 93 4 56 20 81 99 4 48 51 70 6 63 17 36 89 95 66
7 49 40 40 47 60 52 96 85 4 57 56 73 93 98 28 64 62 72 81 66 61 67 16 31 90 19 44 18 81 72 55 55 75 87 55 19 5 44 52 83 3 47 68 46 14 47 69 35 48 95 66 19 53 77 66 89 57 28 30 40 12 51 25 99 56 66 69 50 90 81 18 9 55 8 75 20 25 44 86
59 73 58 75 25 36 92 17 27 99 39 47 29 9 18 72 35 63 11 30 75 68 32 74 70 83 78 53 43 92 80 39 24 76 14 23 56 86 13 99 28 48 84 58 51 42 15 89 87 98 29 69 62 38 58 90 26 39 68 36 80 85 30 58 85 92 9 57 38 3 26 80 64 91 77 24 43 97 3 67
13 95 65 71 85 45 26 32 77 9 14 6 92 71 33 82 1 61 30 60 66 4 31 51 9 1 98 90 70 13 19 32 69 91 5 9 48 65 47 17 86 98 75 87 83 77 81 19 12 14 37 82 41 77 86 28 74 45 97 95 94 57 96 85 78 33 90 87 100 56 2 23 17 24 88 31 76 95 21 85
13 38 65 65 8 96 67 94 51 95 77 87 19 45 33 37 77 54 35 94 88 21 12 73 96 6 10 60 19 30 31 66 46 16 73 31 5 86 43 49 77 11 76 80 33 90 62 87 75 69 40 68 96 78 87 57 47 89 49 58 75 57 69 28 50 26 75 76 87 29 69 64 88 76 77 47 42 23 76 68
86 33 24 82 26 61 55 47 75 13 57 60 19 40 100 70 35 78 33 48 59 87 49 62 52 35 57 10 47 77 95 44 53 9 82 99 50 43 81 6 22 19 52 11 96 76 48 58 98 57 96 27 57 33 23 4 8 21 54 77 3 7 43 79 26 97 89 41 19 92 88 37 3 38 100 58 21 17 12 79
13 20 61 86 54 93 4 36 93 7 36 12 25 80 16 98 34 22 71 74 18 20 18 34 98 46 44 58 37 50 55 48 22 97 24 32 60 61 17 80 83 67 83 20 3 5 38 57 21 25 48 37 76 31 87 60 20 39 33 97 43 56 13 59 91 64 39 5 78 30 10 54 5 98 29 7 57 31 93 98
68 76 74 78 54 33 53 81 32 89 29 71 20 60 76 6 83 81 15 85 66 26 32 59 27 73 75 67 19 84 57 62 5 67 69 42 29 38 65 28 52 45 79 66 58 71 9 80 96 36 24 97 35 20 61 10 55 6 5 95 41 79 56 20 77 85 26 8 31 100 12 21 72 1 89 76 53 8 19 94
90 39 30 45 24 44 84 83 20 100 48 71 88 33 9 56 70 34 83 93 93 48 41 64 65 25 71 75 52 6 16 8 46 70 48 48 98 51 9 61 61 4 39 67 17 93 1 91 61 5 62 72 81 92 100 14 16 20 34 29 89 64 55 47 34 90 82 55 65 14 83 39 49 53 53 4 94 46 57 42
95 77 80 83 26 54 28 50 36 56 87 74 22 57 33 5 59 99 38 65 79 43 47 41 3 68 18 89 50 61 49 19 85 33 39 71 31 81 35 56 6 68 39 52 74 87 83 42 76 60 44 67 84 69 96 38 54 40 61 100 37 96 57 7 100 61 80 61 37 1 63 38 14 86 84 53 55 23 94 49
65 29 16 12 60 42 22 8 27 5 96 45 76 99 2 42 79 97 83 75 98 87 2 62 87 46 63 23 74 15 15 79 1 8 90 52 43 70 94 58 43 80 68 82 66 53 46 87 62 52 49 82 96 88 69 51 41 41 50 43 85 2 82 6 75 83 45 99 39 93 87 87 78 50 23 25 19 87 53 15
78 67 52 27 59 79 53 69 83 83 59 97 14 17 85 26 88 38 95 79 85 80 34 17 79 94 69 36 24 62 83 57 21 93 33 43 25 24 94 15 17 88 71 88 49 45 89 91 52 15 19 77 47 15 78 84 42 65 52 50 15 54 74 93 80 4 54 90 90 46 39 27 45 10 2 11 1 54 77 85
