20 80
36 15 18 22 7 33 42 51 12 70 2 47 46 65 74 0 67 19 16 34 66 39 26 62 37 76 64 3 48 17 56 58 43 35 60 5 72 38 25 61 27 11 1 4 8 59 24 45 63 14 79 78 50 20 21 9 55 40 53 10 29 6 57 71 73 13 54 75 31 32 49 28 77 23 44 30 41 68 52 69
75 68 57 24 8 67 1 53 6 22 35 37 39 26 13 25 21 16 23 44 60 7 2 14 79 27 46 59 33 52 10 78 73 42 69 12 3 72 41 43 11 5 65 71 20 64 0 48 17 9 49 15 19 47 55 61 51 36 70 56 30 18 32 38 29 28 4 58 50 54 62 74 77 66 31 76 45 63 40 34
28 79 53 20 30 17 77 61 0 34 78 69 41 27 56 66 15 13 7 46 63 32 25 45 62 26 51 52 44 64 33 6 50 42 40 55 74 70 8 49 73 76 57 19 18 65 4 43 72 3 59 12 37 58 47 60 71 24 68 9 16 75 48 39 29 14 35 36 54 22 31 38 23 5 21 67 11 1 10 2
52 79 23 20 29 24 65 36 77 21 9 64 1 63 31 54 59 73 35 56 38 13 39 15 76 40 55 53 71 0 16 11 17 18 45 46 32 51 2 4 8 27 30 3 66 58 72 78 7 68 34 14 44 50 25 43 37 74 47 33 6 12 5 22 61 49 57 28 42 48 26 60 69 70 62 10 19 75 41 67
78 43 69 19 65 10 37 66 35 15 61 1 41 71 14 8 67 49 11 76 50 24 52 34 17 58 73 21 16 74 79 55 75 20 39 53 31 7 9 12 36 63 22 2 40 46 48 26 3 4 30 54 47 77 25 44 23 45 32 60 64 70 56 38 0 5 18 6 28 57 29 68 59 33 51 62 27 72 42 13
40 69 2 76 51 13 21 62 25 44 5 78 50 66 42 7 54 37 14 67 72 63 28 41 64 0 34 10 48 58 18 77 27 17 16 19 53 38 43 36 39 11 60 61 3 46 9 32 47 8 4 1 20 26 6 49 79 45 68 35 33 24 65 52 30 29 23 73 22 70 12 74 75 31 56 57 15 55 71 59
65 66 42 8 12 30 79 14 48 71 23 46 25 19 4 72 20 56 34 22 10 70 3 59 39 57 33 32 29 45 76 17 27 44 54 31 13 68 49 69 58 9 24 78 1 40 5 28 41 7 11 62 75 64 77 38 73 50 51 0 36 43 26 53 2 15 37 16 47 6 61 67 21 60 18 35 74 55 63 52
30 59 18 66 15 36 49 12 5 75 2 60 19 35 29 21 55 79 17 42 70 74 61 54 20 27 63 33 67 51 3 62 0 24 37 78 13 43 39 7 48 68 65 52 25 45 41 6 26 69 72 14 34 16 28 44 8 10 47 64 38 1 23 9 53 57 71 77 50 4 31 56 76 58 40 22 73 32 11 46
13 40 39 23 5 64 33 7 65 52 60 0 47 16 44 57 11 6 46 2 30 50 21 72 78 26 9 79 54 35 8 77 24 31 43 29 15 45 73 37 71 18 32 20 4 58 41 66 68 55 34 76 63 14 42 19 53 12 67 75 3 74 25 38 10 70 36 48 59 28 62 69 22 61 49 56 1 27 51 17
59 73 57 21 30 45 44 52 56 24 27 69 42 1 43 40 75 65 2 0 72 36 66 46 10 5 63 74 62 67 20 28 29 38 6 50 41 47 25 60 64 9 58 78 48 22 11 17 76 15 70 34 37 55 23 51 54 13 49 8 14 26 19 16 7 61 71 39 32 79 4 12 3 35 31 33 18 68 53 77
50 49 44 43 77 27 68 14 3 13 78 62 46 75 41 52 18 59 71 1 2 40 23 56 32 4 9 61 8 39 64 73 67 55 0 69 45 5 65 6 58 31 25 19 79 35 36 29 30 38 33 16 53 48 37 66 20 11 63 54 26 57 70 10 47 34 76 7 51 24 72 15 12 42 17 28 74 60 22 21
76 51 33 19 13 9 69 20 30 3 25 4 67 62 50 17 11 23 44 79 34 6 66 61 56 49 40 29 28 0 53 26 1 43 41 52 74 2 8 15 14 57 12 55 32 71 63 73 77 22 37 36 60 16 48 35 58 27 70 59 54 10 47 7 18 64 78 46 42 65 31 5 21 24 39 45 72 68 38 75
74 41 26 9 71 31 27 15 43 55 78 19 17 3 18 11 40 48 45 28 16 38 75 33 5 52 69 59 54 24 61 22 50 65 63 64 44 57 56 42 23 62 35 77 79 13 32 30 1 29 34 36 7 25 49 76 46 8 2 73 12 10 47 39 66 68 58 53 72 20 37 6 14 0 67 51 60 70 4 21
48 14 68 56 7 53 10 32 49 50 19 25 9 67 43 3 42 4 54 8 21 34 35 23 15 17 39 28 58 33 52 75 64 37 66 11 45 47 46 13 76 62 12 63 31 61 27 30 26 55 18 29 0 69 71 40 2 73 57 60 72 78 6 16 51 59 79 44 38 77 22 1 5 74 70 36 41 20 65 24
18 16 33 42 55 6 39 50 57 43 9 11 61 71 30 24 32 48 17 31 53 37 36 63 73 72 47 2 21 40 4 15 58 27 45 67 1 69 59 65 46 60 34 14 64 74 70 19 62 22 29 41 79 0 26 38 28 51 8 66 3 68 20 13 44 54 78 56 76 52 77 12 25 75 10 23 49 7 35 5
26 71 58 68 72 66 27 78 45 33 50 1 30 46 22 9 11 35 41 19 4 34 39 44 21 53 7 54 51 24 14 69 61 42 23 37 20 48 2 40 10 52 63 79 38 76 75 0 62 28 13 6 17 29 56 36 16 18 67 73 60 8 55 65 5 49 74 70 64 32 12 25 77 3 59 43 57 15 47 31
55 51 18 17 60 67 1 36 38 54 9 56 16 13 47 44 45 22 7 42 71 79 3 61 0 58 62 11 78 32 68 5 73 66 69 21 52 34 24 41 53 30 10 48 50 4 46 64 8 70 19 27 12 59 31 26 29 28 6 20 37 15 76 23 43 25 35 2 74 49 14 77 63 40 75 72 57 39 33 65
26 77 58 74 65 21 75 55 48 6 8 61 4 1 53 40 47 38 30 34 69 20 5 37 2 63 3 39 10 56 35 67 66 57 13 16 49 18 14 73 72 32 17 28 33 29 19 64 79 45 78 43 25 68 44 60 41 0 11 50 52 12 62 31 46 9 15 70 51 42 7 24 27 59 36 54 76 71 23 22
76 16 21 37 68 10 5 17 43 13 59 66 25 42 57 7 20 45 39 27 46 11 31 50 14 58 6 79 61 77 18 19 22 53 30 56 71 33 75 0 35 40 44 48 72 74 60 28 41 8 47 2 34 3 26 55 29 54 9 70 78 38 63 15 1 52 62 67 24 73 49 69 32 65 12 64 4 36 23 51
50 4 33 63 21 65 30 51 58 12 46 13 47 5 74 23 40 10 43 38 2 44 52 78 1 7 9 53 68 54 41 3 37 59 49 72 35 45 36 67 56 29 75 66 18 42 16 73 22 8 26 34 25 76 14 61 15 60 11 31 48 24 19 32 64 17 39 62 0 20 69 70 28 77 55 6 71 57 27 79
97 5 63 16 22 53 75 72 45 33 1 59 71 43 3 41 86 69 79 57 96 59 2 11 73 63 90 35 56 36 30 86 31 51 27 46 62 18 35 33 6 32 74 8 45 1 31 69 7 94 25 51 97 70 44 34 2 66 97 57 38 27 41 74 40 22 66 89 80 86 50 83 95 42 93 52 12 49 95 43
81 47 42 58 91 53 76 47 31 9 28 24 92 76 53 47 12 80 25 28 8 54 59 92 39 72 68 91 26 51 94 35 59 82 49 3 28 93 98 10 48 66 17 35 76 19 89 21 99 83 26 74 84 52 34 1 76 46 46 29 82 75 4 25 68 13 62 38 6 43 88 58 61 67 42 21 47 21 28 23
47 67 76 66 34 9 94 4 67 17 6 72 68 73 95 55 76 24 16 92 16 3 46 20 48 94 15 61 100 94 25 6 35 59 68 53 97 41 71 56 53 100 98 70 40 66 29 51 32 41 54 87 63 88 49 5 45 49 74 35 7 100 86 90 36 60 36 60 42 56 48 95 69 68 23 62 47 79 75 32
60 30 12 49 55 2 57 16 82 14 91 50 85 52 49 16 34 27 38 1 26 47 34 37 62 25 57 87 88 7 84 81 32 73 40 92 38 38 66 68 53 88 25 1 47 6 13 78 34 51 32 23 40 16 41 1 13 85 99 76 48 96 84 72 42 77 4 92 95 72 18 79 51 7 5 78 52 73 87 33
97 54 97 62 38 8 80 55 57 98 86 3 80 81 100 7 62 95 63 39 69 2 2 6 79 7 30 98 50 45 42 97 91 16 28 100 33 35 38 75 45 83 89 13 37 59 76 36 1 70 25 87 23 12 18 29 90 18 91 59 60 65 16 10 70 61 86 52 9 75 53 51 52 35 11 37 54 34 74 53
79 49 28 41 93 23 17 50 80 68 92 65 99 72 55 98 31 68 49 24 7 40 6 83 53 47 66 73 65 24 67 85 49 52 26 61 52 78 50 67 84 10 84 61 8 87 10 56 82 63 83 100 45 62 93 16 62 48 69 57 94 84 84 100 38 2 24 31 12 28 54 76 62 74 12 49 70 29 31 16
66 86 14 99 79 64 16 82 71 15 3 45 15 47 75 42 38 53 32 6 83 39 31 100 77 65 95 82 61 94 51 70 65 45 75 53 10 68 53 83 4 9 27 41 87 38 73 23 54 21 41 27 76 33 61 15 44 27 44 90 32 38 15 26 78 16 22 56 77 36 78 72 43 32 76 3 33 4 32 24
77 96 99 11 64 21 93 34 58 52 20 29 27 50 82 75 27 12 96 84 49 43 23 3 17 47 22 83 44 50 11 92 19 21 100 36 89 7 63 25 11 90 12 17 1 52 97 21 53 47 54 85 73 27 84 10 10 100 84 83 47 33 89 41 37 8 24 69 84 83 41 62 32 26 32 58 69 6 78 16
60 70 94 63 10 63 46 92 13 68 37 45 87 1 60 32 11 62 64 23 42 62 49 36 9 98 41 44 53 30 38 30 71 32 73 27 33 29 17 62 48 26 9 4 83 70 23 97 75 19 73 43 2 84 9 64 20 88 30 37 84 14 2 87 2 56 93 38 40 36 67 28 23 32 76 34 23 4 26 88
13 82 46 69 77 59 93 73 81 27 28 19 53 69 75 77 71 95 98 47 18 90 94 91 49 71 72 5 89 54 54 44 67 26 3 10 81 83 12 27 58 19 7 35 38 47 22 89 54 16 64 92 20 5 86 92 96 30 55 64 42 78 59 88 58 42 18 25 30 68 64 54 20 38 74 81 24 91 51 81
31 97 50 64 67 78 65 99 37 90 38 29 19 70 44 5 84 9 89 75 12 97 76 14 59 4 1 22 67 34 76 72 89 18 40 40 80 22 48 76 8 2 44 64 90 70 29 39 16 18 88 83 92 70 56 82 15 37 42 53 56 68 18 56 45 84 42 46 45 27 17 11 34 41 51 52 72 15 81 65
6 39 24 87 6 83 35 40 44 76 83 30 65 74 22 82 19 72 20 23 32 3 20 71 21 86 37 91 50 77 23 54 4 34 27 82 1 33 95 11 25 94 62 83 6 72 75 55 95 99 9 44 78 90 90 13 13 60 75 33 97 67 19 63 57 65 69 50 15 88 29 66 88 26 40 82 95 71 19 68
79 20 65 81 22 63 84 100 66 62 97 69 81 89 7 15 89 86 65 17 60 80 48 99 8 64 22 83 51 79 60 40 35 64 48 70 53 17 80 24 28 98 77 8 52 15 72 45 43 42 82 40 54 59 66 9 46 71 8 93 10 32 99 29 22 35 51 17 77 36 40 25 30 3 2 84 14 22 38 20
44 6 48 69 84 82 19 22 39 13 31 47 86 5 46 54 94 47 97 77 96 23 22 22 67 20 12 11 13 11 7 23 66 69 93 90 53 10 53 73 81 17 45 44 67 64 92 46 38 75 50 72 36 18 76 10 55 75 35 52 12 79 51 28 91 75 70 54 65 52 47 35 33 49 26 66 81 63 56 24
59 51 12 23 23 7 93 51 80 58 55 28 28 66 62 88 51 4 1 20 97 90 18 51 28 34 24 9 75 80 30 49 90 30 85 82 44 60 62 98 85 72 79 49 25 4 34 26 8 92 82 54 45 89 90 40 61 91 96 44 17 60 88 2 22 91 34 94 93 25 77 23 27 92 43 2 81 60 39 58
60 85 72 89 70 57 32 95 56 73 98 19 34 41 57 21 73 47 14 34 30 73 94 11 33 54 62 15 96 99 15 3 27 93 93 69 96 23 71 11 22 8 48 6 6 22 70 2 20 40 32 75 33 62 10 20 2 35 68 24 25 69 44 41 20 6 92 19 8 60 58 85 18 18 67 91 31 10 1 90
35 22 76 20 19 49 54 16 8 51 72 23 12 20 72 44 84 5 68 96 62 68 98 35 25 39 90 3 18 32 43 33 94 35 11 19 73 77 80 21 95 88 2 76 45 12 98 92 37 11 69 52 85 45 71 57 3 45 54 32 27 42 57 12 17 89 75 36 13 60 3 97 24 51 89 15 44 56 46 21
83 50 12 66 63 96 98 81 23 48 39 30 6 18 16 66 81 76 32 84 14 31 55 60 77 81 60 23 75 12 29 96 21 55 38 79 91 60 46 41 87 23 86 87 88 88 70 27 85 89 92 10 98 58 61 32 85 67 6 52 76 2 67 19 83 9 51 42 55 99 20 43 7 33 63 98 65 29 4 35
6 87 72 67 14 52 71 51 39 69 87 75 53 53 56 22 72 96 86 71 60 46 59 87 89 95 2 22 96 1 40 67 28 80 62 82 45 84 28 51 64 88 14 58 65 58 90 35 62 46 38 65 4 63 72 16 61 65 11 18 81 34 47 71 13 8 93 2 19 38 42 86 62 42 38 41 94 82 4 71
56 62 72 45 62 100 15 10 39 66 27 51 53 68 12 98 36 88 57 79 71 94 24 9 56 79 12 59 71 8 75 62 63 100 59 18 9 6 96 24 15 88 97 91 80 73 37 68 57 92 43 34 88 21 99 96 84 75 32 37 96 64 11 82 96 91 4 62 91 51 75 36 19 37 14 93 97 65 56 1
